63 1.1531 0.5079 29.0000 0.6639
63 1.1682 0.5635 26.5000 0.5870
33 1.1894 0.4062 17.0000 0.2524
62 1.1159 0.7742 13.0000 0.3312
62 1.1071 0.7581 14.0000 0.3215
62 1.1467 0.7419 16.0000 0.5216
62 1.1467 0.7419 16.0000 0.5216
62 1.1469 0.7419 16.0000 0.5216
62 1.1466 0.7419 16.0000 0.5216
62 1.1461 0.7419 16.0000 0.5216
34 1.6007 0.4265 17.5000 0.2842
34 1.4763 0.4412 17.0000 0.2842
34 1.5239 0.5000 17.0000 0.2842
42 1.2314 0.6786 13.0000 0.9417
62 1.1191 0.7742 13.0000 0.3193
62 1.1242 0.7581 14.0000 0.3418
62 1.1191 0.7742 13.0000 0.3193
62 1.1242 0.7581 14.0000 0.3418
62 1.1191 0.7742 13.0000 0.3193
62 1.1242 0.7581 14.0000 0.3418
42 1.2485 0.5714 15.0000 0.8681
41 1.3561 0.3846 24.0000 0.2852
41 1.3706 0.5513 18.0000 0.2636
42 1.2087 0.6905 10.0000 0.6233
46 1.2231 0.4318 24.0000 0.9205
33 1.0910 0.6875 10.0000 0.8178
46 1.2205 0.4432 23.0000 0.9205
42 1.2103 0.4500 19.0000 0.7310
20 1.2728 0.4444 10.0000 0.9324
62 1.1258 0.7541 14.0000 0.2745
62 1.1446 0.7377 15.0000 0.2745
19 1.1281 0.2353 10.0000 0.9225
62 1.0963 0.7903 12.0000 0.2710
62 1.0963 0.7903 12.0000 0.2710
62 1.1281 0.7742 13.0000 0.5954
62 1.1435 0.8145 9.5000 0.4174
62 1.1473 0.8468 9.5000 0.3725
62 1.1030 0.8226 10.0000 0.6439
46 1.2012 0.3296 24.0000 0.9205
88 1.1786 0.5682 35.5000 0.5830
88 1.1553 0.6193 31.0000 0.6419
46 1.1475 0.5544 19.0000 0.7970
14 1.1192 0.2500 9.0000 0.4789
46 1.2765 0.4091 27.0000 0.9249
46 1.2275 0.2841 26.0000 0.9205
46 1.2146 0.2955 27.0000 0.9205
46 1.2949 0.3636 26.0000 0.9205
46 1.2868 0.5000 21.0000 0.9205
46 1.2914 0.4204 22.0000 0.9205
64 1.2319 0.5625 26.0000 0.6625
45 1.1116 0.7209 14.0000 0.8800
41 1.2610 0.4359 23.0000 0.2636
46 1.2359 0.4091 25.0000 0.9426
42 1.1495 0.6548 14.0000 0.7252
42 1.1504 0.6905 12.0000 0.7516
32 1.1587 0.5938 13.0000 0.7847
44 1.1742 0.6786 14.5000 0.7356
42 1.2271 0.6429 15.0000 0.9113
42 1.1776 0.7500 10.0000 0.7080
42 1.1677 0.6667 14.0000 0.9417
42 1.1984 0.5952 14.0000 0.9417
42 1.1554 0.6667 13.0000 0.9059
42 1.1036 0.6190 15.0000 0.7014
42 1.2235 0.4250 19.0000 0.8556
44 1.1675 0.7045 13.0000 0.8160
42 1.1908 0.6310 15.0000 0.8745
33 1.2658 0.4194 18.0000 0.6285
33 1.2888 0.4516 17.0000 0.7034
42 1.2421 0.5714 16.5000 0.7546
42 1.1768 0.5238 18.0000 0.7252
19 1.1541 0.2353 10.0000 0.8597
84 1.2399 0.6011 32.0000 0.5363
41 1.2911 0.3333 24.0000 0.2136
41 1.4342 0.4359 23.0000 0.2636
16 1.0714 0.2500 10.0000 0.8044
60 1.2028 0.6140 24.0000 0.7511
60 1.1906 0.5345 22.0000 0.6664
41 1.3941 0.4211 21.0000 0.2634
86 1.1419 0.6337 31.0000 0.5774
92 1.2397 0.4837 44.0000 0.9107
92 1.2125 0.4891 43.0000 0.9407
88 1.2062 0.4318 46.0000 0.9183
92 1.2151 0.5109 43.0000 0.9278
88 1.1906 0.5114 39.5000 0.5936
88 1.1808 0.5341 37.5000 0.9411
81 1.1723 0.4568 39.0000 0.9369
16 1.3007 0.2857 10.0000 0.9079
16 1.2896 0.6250 6.0000 0.9220
91 1.1865 0.5444 42.0000 0.8681
92 1.1999 0.5870 38.0000 0.8411
91 1.1822 0.5385 41.5000 0.7090
91 1.1802 0.5220 41.0000 0.7667
65 1.2125 0.5781 27.0000 0.8334
16 1.3893 0.3750 9.0000 0.9220
16 1.2639 0.3750 9.0000 0.9220
82 1.1674 0.5793 33.5000 0.4800
923 1.3342 0.7248 240.0000 0.4250
73 1.1103 0.8630 10.0000 0.4847
11 1.5413 0.0909 10.0000 0.7610
73 1.1891 0.5753 29.0000 0.4903
73 1.2098 0.5616 29.0000 0.5028
184 1.5096 0.3723 99.5000 0.3489
22 1.1930 0.0909 15.5000 0.9466
22 1.2679 0.3182 13.0000 0.6067
22 1.2037 0.2954 13.5000 0.8906
28 1.1797 0.6154 11.0000 0.9560
70 1.2354 0.3712 33.0000 0.7947
74 1.2220 0.2857 40.0000 0.9308
72 1.2550 0.2647 41.0000 0.8939
70 1.2324 0.2427 42.5000 0.9250
70 1.2114 0.3182 39.0000 0.9060
72 1.2402 0.2500 44.0000 0.9250
70 1.2497 0.3485 34.0000 0.8078
74 1.2538 0.3143 39.5000 0.9395
70 1.2363 0.3636 36.5000 0.8255
74 1.2425 0.2857 39.0000 0.9308
86 1.1770 0.6221 29.5000 0.8151
87 1.2393 0.6035 32.0000 0.8087
86 1.1743 0.5581 30.0000 0.8002
86 1.1995 0.5407 34.5000 0.8442
86 1.2196 0.4884 38.0000 0.8131
82 1.1627 0.4451 37.0000 0.5840
86 1.1534 0.5756 31.0000 0.8151
87 1.2087 0.6264 30.0000 0.8132
86 1.1280 0.6047 31.0000 0.7572
86 1.1962 0.5349 33.5000 0.7841
86 1.1378 0.5581 32.0000 0.7789
86 1.2436 0.5698 32.0000 0.8222
86 1.1643 0.6047 29.0000 0.7932
87 1.2095 0.5862 31.5000 0.8019
86 1.1540 0.5872 30.5000 0.7652
85 1.1979 0.5529 34.0000 0.8611
86 1.1529 0.6105 30.0000 0.7328
87 1.2113 0.5977 31.0000 0.8283
86 1.1291 0.6463 33.0000 0.9085
86 1.1553 0.6280 31.5000 0.8920
86 1.1643 0.6628 29.0000 0.8419
86 1.1361 0.6279 32.0000 0.8352
42 1.1564 0.6190 16.0000 0.5492
42 1.1420 0.7805 10.0000 0.1900
43 1.1655 0.8095 9.0000 0.2649
20 1.2806 0.6500 7.0000 0.7949
20 1.3137 0.5750 8.5000 0.7949
20 1.2427 0.7000 6.0000 0.7949
20 1.2821 0.6000 8.0000 0.7949
20 1.3006 0.5750 8.5000 0.7949
20 1.2737 0.5750 8.5000 0.7949
98 1.1542 0.4643 43.0000 0.9008
42 1.1849 0.5357 15.0000 0.7615
84 1.1397 0.7084 24.5000 0.5088
46 1.1894 0.4545 22.0000 0.9205
82 1.1414 0.6829 24.0000 0.4403
82 1.2085 0.5976 31.5000 0.6038
42 1.1953 0.7143 12.0000 0.9113
11 1.5932 0.3000 7.0000 0.6857
44 1.2268 0.6591 15.0000 0.7619
16 1.2489 0.6000 7.0000 0.3917
16 1.2538 0.6667 6.0000 0.4866
16 1.2971 0.8000 4.0000 0.3917
16 1.4095 0.5333 7.0000 0.4866
16 1.3117 0.6667 6.0000 0.3917
16 1.1706 0.9333 2.0000 0.3917
16 1.3030 0.6000 7.0000 0.3917
16 1.1814 0.7333 5.0000 0.3917
42 1.1839 0.7143 12.0000 0.7469
67 1.2702 0.4385 29.0000 0.8862
39 1.1957 0.2500 23.0000 0.9379
63 1.1522 0.7540 15.5000 0.5675
63 1.1448 0.6825 19.0000 0.5827
20 1.2226 0.5000 9.0000 0.9324
20 1.1462 0.4444 12.0000 0.9324
20 1.2553 0.3889 11.0000 0.9324
20 1.1331 0.3889 10.0000 0.7830
21 1.2014 0.4000 11.0000 0.7669
20 1.1378 0.4000 11.0000 0.7461
42 1.1657 0.7143 12.0000 0.9417
47 1.2734 0.4043 25.0000 0.6029
47 1.3087 0.4468 24.0000 0.8004
46 1.3028 0.4130 23.0000 0.6982
48 1.2845 0.4062 26.0000 0.7263
40 1.2419 0.4872 17.0000 0.7544
46 1.3087 0.4130 24.0000 0.5364
46 1.3538 0.4674 21.0000 0.6651
46 1.3301 0.4130 24.0000 0.5364
47 1.3554 0.4362 23.5000 0.4812
47 1.2145 0.5745 19.0000 0.7991
47 1.2500 0.4468 23.0000 0.6744
15 1.1898 0.0000 7.0000 0.8063
55 1.3889 0.2407 32.0000 0.2869
84 1.2189 0.4881 38.5000 0.5679
83 1.2014 0.4940 34.0000 0.6186
62 1.1237 0.7339 15.0000 0.2710
62 1.1461 0.7419 16.0000 0.5216
60 1.5169 0.3390 31.0000 0.7445
59 1.4237 0.3509 30.0000 0.4501
61 1.4978 0.3333 33.0000 0.7057
61 1.4940 0.3167 33.0000 0.7057
62 1.1191 0.7742 13.0000 0.3193
62 1.1242 0.7581 14.0000 0.3418
87 1.2056 0.4943 39.0000 0.4314
87 1.2012 0.5402 37.0000 0.4920
87 1.1606 0.5000 38.0000 0.5142
87 1.1721 0.5632 36.0000 0.4683
87 1.2039 0.5172 37.5000 0.4606
87 1.1702 0.5517 35.5000 0.5643
84 1.2171 0.5655 32.0000 0.4451
84 1.1636 0.6310 31.0000 0.5724
84 1.1751 0.6190 32.0000 0.6125
84 1.1337 0.6429 30.0000 0.6919
84 1.1458 0.5833 33.0000 0.5895
84 1.2178 0.5952 33.0000 0.6769
84 1.1446 0.5893 34.0000 0.5637
84 1.1978 0.5833 33.0000 0.6705
84 1.1862 0.6250 28.0000 0.5367
84 1.1765 0.6250 30.0000 0.6905
84 1.1900 0.5535 35.0000 0.5350
84 1.1553 0.5357 36.0000 0.6518
30 1.3671 0.3148 16.0000 0.9341
28 1.2325 0.3462 15.0000 0.9340
26 1.2759 0.2500 16.0000 0.8629
85 1.1875 0.5882 31.0000 0.2459
85 1.1582 0.6706 28.0000 0.6097
84 1.2395 0.6190 29.0000 0.4271
84 1.1788 0.6489 27.0000 0.6224
83 1.1779 0.6386 30.0000 0.2401
83 1.1917 0.4337 41.0000 0.4460
83 1.1648 0.4879 40.0000 0.4601
20 1.1447 0.4000 11.0000 0.4836
18 1.1074 0.3529 9.0000 0.9320
28 1.3624 0.3077 15.5000 0.9340
29 1.3502 0.3077 16.0000 0.9340
28 1.3217 0.2800 16.0000 0.9669
27 1.2496 0.2800 17.0000 1.0000
28 1.3170 0.3269 16.5000 0.9670
28 1.2840 0.3077 15.0000 1.0000
28 1.3664 0.3846 15.5000 0.9340
75 1.1472 0.6351 26.0000 0.7464
73 1.1101 0.8630 10.0000 0.4847
40 1.6248 0.4231 19.0000 0.8721
31 1.3938 0.2000 23.0000 0.8638
60 1.4695 0.3559 31.0000 0.5245
60 1.4932 0.3305 30.0000 0.4141
12 1.1027 0.5833 5.0000 0.3234
45 1.2578 0.3023 28.0000 0.8938
45 1.2281 0.4535 21.0000 0.9217
45 1.2173 0.4303 21.0000 0.9217
60 1.4034 0.3390 32.5000 0.7707
60 1.3766 0.3221 32.5000 0.8447
45 1.2394 0.1628 29.0000 0.8938
45 1.2321 0.3256 28.0000 0.8938
158 1.4220 0.4395 73.0000 0.1016
17 1.6670 0.2941 11.0000 0.4896
87 1.1631 0.4253 44.0000 0.7151
40 1.6202 0.4474 19.0000 0.7443
73 1.1628 0.8425 11.5000 0.4197
18 1.2159 0.4375 9.0000 0.2680
16 1.2857 0.6429 7.0000 0.3315
16 1.2400 0.5714 7.5000 0.3315
73 1.0880 0.8219 13.0000 0.4751
73 1.1103 0.9041 7.0000 0.3073
91 1.1547 0.5055 40.5000 0.8696
73 1.0954 0.8972 7.5000 0.5064
91 1.1933 0.5110 38.0000 0.9162
73 1.0871 0.8904 8.0000 0.3073
91 1.1558 0.4615 45.0000 0.9407
73 1.2161 0.6096 25.0000 0.6558
62 1.1477 0.6935 18.0000 0.4712
73 1.1854 0.5616 29.5000 0.5532
73 1.2002 0.5479 30.0000 0.5023
40 1.6101 0.4872 18.0000 0.7361
99 1.4101 0.6313 34.0000 0.5916
254 1.5683 0.6142 89.5000 0.6132
229 1.4125 0.5393 93.0000 0.4687
42 1.5433 0.3461 22.5000 0.8149
25 1.2955 0.4783 11.0000 0.7961
25 1.2671 0.3913 12.0000 0.8190
25 1.2765 0.5652 10.0000 0.6119
25 1.3090 0.5434 11.0000 0.9240
22 1.1789 0.1364 11.0000 0.9334
83 1.1704 0.6144 29.0000 0.4436
85 1.1883 0.6000 31.0000 0.6287
82 1.1776 0.6220 29.5000 0.6211
83 1.1793 0.6646 27.5000 0.6085
169 1.3973 0.4615 77.0000 0.5423
910 1.4329 0.6215 319.5000 0.2340
146 1.3982 0.4418 69.0000 0.4969
20 1.1424 0.4444 10.0000 0.9324
15 1.1217 0.0000 7.0000 0.8063
59 1.5071 0.3103 32.0000 0.6649
59 1.5272 0.2931 33.0000 0.7488
73 1.1099 0.8972 7.5000 0.4737
73 1.1120 0.8836 8.5000 0.4635
73 1.0686 0.9384 4.5000 0.4847
73 1.0977 0.8767 9.0000 0.3895
73 1.0994 0.8836 8.5000 0.4737
73 1.1078 0.8904 8.0000 0.2432
103 1.3296 0.5679 37.5000 0.6812
40 1.2368 0.5256 17.0000 0.7284
40 1.5518 0.4474 18.0000 0.8319
40 1.5426 0.4474 18.0000 0.7986
40 1.6320 0.4359 17.0000 0.9123
40 1.6472 0.4103 17.0000 0.8235
40 1.5753 0.4103 17.0000 0.8320
40 1.5442 0.3974 16.5000 0.8320
40 1.6361 0.3590 16.0000 0.9123
44 1.1764 0.8333 9.0000 0.8474
44 1.1669 0.8810 6.0000 0.8474
101 1.3876 0.5990 36.0000 0.6287
103 1.3169 0.6602 32.0000 0.7347
41 1.1483 0.6098 14.0000 0.9058
42 1.2236 0.6905 12.0000 0.7469
295 1.4095 0.4695 128.0000 0.6278
176 1.3346 0.4432 82.0000 0.4880
296 1.4905 0.5878 111.0000 0.6888
59 1.4515 0.2931 34.0000 0.8158
29 1.2647 0.3269 16.0000 0.9066
12 1.2077 0.3334 6.5000 0.3234
12 1.2471 0.4167 6.0000 0.4893
12 1.2918 0.4167 6.0000 0.3234
12 1.1689 0.2500 7.0000 0.3234
12 1.1112 0.5000 6.0000 0.3234
12 1.0750 0.5000 6.0000 0.3234
12 1.0798 0.3333 7.0000 0.6969
12 1.1852 0.3333 8.0000 0.3234
12 1.1404 0.3333 7.0000 0.6969
45 1.2246 0.2976 21.5000 0.9608
87 1.1900 0.4943 40.0000 0.6036
87 1.1936 0.4186 44.0000 0.5955
95 1.1703 0.5106 43.5000 0.8564
238 1.4264 0.6155 82.5000 0.6739
95 1.4963 0.5053 42.0000 0.2920
95 1.5213 0.5158 41.0000 0.4364
13 1.1577 0.3333 8.0000 0.8597
13 1.2030 0.4167 7.0000 0.8597
64 1.1343 0.5391 25.0000 0.7980
64 1.1833 0.5234 23.5000 0.8628
64 1.2356 0.5938 25.0000 0.7785
28 1.2391 0.4643 15.0000 0.6624
29 1.3949 0.5862 11.0000 0.5617
29 1.4272 0.2759 14.5000 0.1787
41 1.5572 0.5000 18.5000 0.8701
87 1.1875 0.5000 37.5000 0.5253
621 1.5706 0.7198 151.0000 0.1665
621 1.5498 0.7134 153.5000 0.1528
19 1.1777 0.0556 11.0000 0.8507
40 1.3982 0.4211 20.0000 0.8440
40 1.5987 0.4487 18.5000 0.8636
40 1.5326 0.5000 18.0000 0.8319
157 1.2949 0.6656 47.0000 0.2981
157 1.3081 0.6497 50.0000 0.3579
163 1.2211 0.4783 77.0000 0.7712
97 1.1615 0.6701 28.0000 0.8545
386 1.5261 0.5699 150.5000 0.5025
18 1.1292 0.2778 9.0000 0.9324
19 1.0977 0.7368 5.0000 0.8768
14 1.1588 0.2308 10.0000 0.3279
25 1.3034 0.6400 9.0000 0.9114
25 1.3034 0.6400 9.0000 0.9114
25 1.2400 0.6800 8.0000 1.0000
25 1.3085 0.5200 11.0000 0.8424
25 1.2818 0.5200 12.0000 0.4286
25 1.2708 0.5400 10.0000 0.7405
34 1.3047 0.2941 20.0000 0.9121
923 1.5446 0.5298 384.5000 0.4321
923 1.4950 0.4854 415.5000 0.3895
29 1.3226 0.5172 12.0000 0.9118
26 1.2654 0.5417 13.0000 0.7965
26 1.2875 0.4583 14.0000 0.9113
26 1.2873 0.4583 14.0000 0.9113
217 1.4476 0.5668 86.5000 0.4765
458 1.1795 0.8602 62.0000 0.5029
54 1.2624 0.4444 26.5000 0.7997
43 1.3231 0.2791 25.5000 0.7374
25 1.3302 0.3200 13.5000 0.5189
62 1.1338 0.7581 15.0000 0.6099
20 1.2662 0.4500 11.0000 1.0000
20 1.1602 0.4000 12.0000 1.0000
20 1.2552 0.4000 12.0000 1.0000
20 1.1721 0.4500 10.0000 1.0000
19 1.2176 0.3947 11.5000 0.9664
43 1.2523 0.3953 22.5000 0.8879
98 1.1675 0.6071 38.0000 0.6343
55 1.4465 0.2400 32.0000 0.7060
55 1.3434 0.3019 30.0000 0.6127
63 1.1934 0.3607 32.5000 0.9374
944 1.3384 0.5854 353.0000 0.3583
944 1.3904 0.5981 349.0000 0.3459
402 1.1325 0.8756 48.0000 0.4429
109 1.3417 0.4358 52.0000 0.8441
130 1.6431 0.4308 64.0000 0.5576
20 1.2599 0.3684 12.5000 0.4224
98 1.2189 0.5521 42.0000 0.5725
146 1.1924 0.7500 36.5000 0.7317
453 1.0795 0.8753 53.5000 0.5082
146 1.1810 0.8014 29.0000 0.7898
453 1.0854 0.8720 54.0000 0.5164
54 1.2525 0.2593 28.0000 0.9065
85 1.1324 0.5941 34.0000 0.5841
87 1.2077 0.5344 40.0000 0.7008
472 1.0896 0.9534 22.0000 0.1182
927 1.3125 0.6887 267.5000 0.3816
924 1.3084 0.6937 265.0000 0.3737
924 1.3075 0.6905 268.0000 0.4152
924 1.3049 0.6937 264.0000 0.3720
924 1.3144 0.6937 266.5000 0.3812
924 1.3231 0.6769 279.5000 0.3517
924 1.3136 0.6937 265.5000 0.4229
64 1.1342 0.5391 25.0000 0.7980
79 1.5310 0.5443 32.0000 0.5692
928 1.3628 0.7031 257.0000 0.3729
928 1.3506 0.7064 256.0000 0.4060
928 1.3447 0.7037 259.5000 0.4061
928 1.3781 0.6977 266.5000 0.3323
453 1.0709 0.9691 13.0000 0.3694
453 1.0659 0.9779 10.0000 0.4216
453 1.0668 0.9801 9.0000 0.4149
453 1.0654 0.9757 11.0000 0.3687
453 1.0766 0.9669 15.0000 0.3651
453 1.0743 0.9669 15.0000 0.4381
453 1.0855 0.9316 31.0000 0.3924
453 1.0856 0.9536 21.0000 0.4451
24 1.1378 0.4091 14.0000 0.8906
22 1.1891 0.4545 12.0000 0.9466
465 1.1120 0.8591 63.5000 0.3726
52 1.2639 0.1923 27.5000 0.9567
210 1.6378 0.4952 91.5000 0.5181
120 1.2655 0.2541 75.5000 0.9745
62 1.3661 0.1371 47.5000 0.5223
48 1.1760 0.6042 18.0000 0.8467
48 1.1932 0.5833 18.0000 0.8467
49 1.1750 0.5918 20.0000 0.9134
48 1.1517 0.5417 21.0000 0.9082
48 1.2272 0.4792 22.5000 0.8467
48 1.2386 0.5625 19.0000 0.8467
48 1.2366 0.4583 23.0000 0.8467
48 1.1617 0.5000 23.0000 0.8467
48 1.2344 0.4896 23.0000 0.8467
48 1.1656 0.5833 18.0000 0.8467
36 1.4094 0.4286 16.0000 0.4052
98 1.2610 0.5357 41.5000 0.4470
50 1.2174 0.5200 23.0000 0.8670
44 1.1981 0.2619 22.0000 0.9741
944 1.3140 0.6882 276.0000 0.3670
84 1.1334 0.5357 35.0000 0.6653
65 1.1739 0.5000 30.5000 0.8771
242 1.5135 0.2686 147.0000 0.4313
242 1.5115 0.2686 146.0000 0.4497
73 1.1036 0.8904 8.0000 0.3941
87 1.1492 0.5402 34.0000 0.6234
87 1.1714 0.5230 33.5000 0.6402
87 1.1823 0.5344 33.0000 0.6584
86 1.1782 0.5116 38.0000 0.6400
84 1.1376 0.4940 38.5000 0.6268
51 1.1846 0.4600 25.0000 0.7168
51 1.2251 0.4694 26.0000 0.6250
51 1.2797 0.5400 23.0000 0.7483
51 1.2611 0.5098 24.0000 0.7526
51 1.2712 0.5098 24.0000 0.7269
51 1.2270 0.4706 27.0000 0.7885
51 1.2799 0.4510 26.0000 0.7033
51 1.2517 0.5300 23.0000 0.7673
51 1.2159 0.4800 23.5000 0.7670
51 1.2619 0.5196 24.0000 0.7033
51 1.2520 0.4510 25.0000 0.7269
51 1.2549 0.5784 21.5000 0.7778
51 1.2456 0.4706 26.0000 0.7977
51 1.2867 0.5686 22.0000 0.7484
924 1.3224 0.6872 269.0000 0.3663
86 1.1620 0.4593 40.0000 0.6519
86 1.1800 0.4767 38.5000 0.6582
13 1.2588 0.1538 8.0000 0.6945
14 1.1831 0.5000 7.0000 0.9079
14 1.1753 0.5000 7.0000 0.9079
14 1.3424 0.2857 9.5000 0.9079
14 1.2641 0.3571 9.0000 0.9079
15 1.3032 0.3333 10.0000 0.9215
15 1.2453 0.3333 10.0000 0.9215
15 1.2683 0.3000 10.5000 0.9215
15 1.1156 0.2667 11.0000 0.8239
34 1.2500 0.4412 18.0000 0.6638
35 1.2615 0.5429 16.0000 0.6639
46 1.3256 0.4783 21.0000 0.4645
35 1.2648 0.4857 16.0000 0.6639
32 1.2279 0.6875 10.0000 0.7578
31 1.2350 0.7097 9.0000 0.7575
32 1.1839 0.7188 9.0000 0.7396
32 1.1168 0.6562 11.0000 0.8503
73 1.1630 0.6986 20.0000 0.4245
73 1.1203 0.8082 14.0000 0.4958
73 1.1322 0.7945 15.0000 0.4792
73 1.1325 0.7808 16.0000 0.4140
73 1.1321 0.7945 15.0000 0.4792
73 1.1059 0.8356 12.0000 0.4643
73 1.1539 0.7260 19.5000 0.4964
75 1.2822 0.4667 36.0000 0.6573
42 1.2118 0.4167 22.0000 0.9343
42 1.2894 0.4524 20.0000 0.9363
42 1.3280 0.4881 20.0000 0.8727
42 1.2995 0.3810 23.0000 0.9343
909 1.4723 0.7068 247.5000 0.3581
941 1.4555 0.7029 264.0000 0.3537
947 1.4100 0.7508 224.0000 0.3769
946 1.2162 0.7696 207.0000 0.4055
946 1.2193 0.7738 204.5000 0.3727
946 1.2113 0.7870 197.0000 0.4068
946 1.2073 0.7923 188.5000 0.3660
70 1.1754 0.5500 27.0000 0.5263
621 1.6574 0.5863 232.5000 0.1142
37 1.2455 0.4595 17.0000 0.6075
949 1.2171 0.8061 177.5000 0.3271
949 1.2120 0.8046 178.0000 0.3652
949 1.2248 0.8056 175.0000 0.3014
447 1.1919 0.8233 79.0000 0.3212
35 1.2729 0.3529 19.0000 0.8555
85 1.1778 0.5647 33.0000 0.6765
90 1.2083 0.4889 41.0000 0.5583
90 1.1946 0.4945 41.0000 0.7919
90 1.1919 0.5222 38.0000 0.8303
90 1.2445 0.5000 39.5000 0.7269
90 1.1658 0.4889 43.0000 0.8488
86 1.1410 0.6860 26.5000 0.5581
42 1.3082 0.3000 27.5000 0.9447
57 1.2948 0.3158 31.0000 0.5364
58 1.3231 0.2759 34.0000 0.7689
58 1.3421 0.3276 31.5000 0.7829
58 1.3693 0.3534 32.0000 0.8561
130 1.3060 0.6094 48.5000 0.6848
63 1.2056 0.1774 33.5000 0.9281
63 1.2044 0.1774 33.5000 0.9281
62 1.2818 0.3852 33.5000 0.8988
58 1.3792 0.2931 33.0000 0.7992
58 1.3017 0.3103 32.5000 0.6625
17 1.2478 0.3125 11.0000 0.9092
17 1.2874 0.3438 10.0000 0.9092
66 1.2481 0.5455 25.0000 0.8340
61 1.2244 0.4167 30.5000 0.8452
63 1.2913 0.4127 31.0000 0.8739
66 1.2599 0.4848 31.5000 0.8800
66 1.2150 0.4848 32.0000 0.8598
174 1.3780 0.3793 92.5000 0.4752
118 1.2662 0.3601 65.0000 0.5416
118 1.3346 0.3559 65.0000 0.5736
55 1.2866 0.4151 31.0000 0.8560
55 1.3236 0.3091 29.0000 0.8521
90 1.1959 0.5000 40.0000 0.6427
55 1.2985 0.2909 30.0000 0.8735
55 1.2924 0.4546 28.0000 0.9249
55 1.2509 0.4727 27.0000 0.8788
73 1.1036 0.8904 8.0000 0.3941
949 1.2151 0.8035 177.0000 0.3663
37 1.2443 0.4722 19.0000 0.6415
38 1.2178 0.3514 21.0000 0.6712
239 1.4966 0.5063 103.0000 0.4196
498 1.0820 0.9639 18.0000 0.5591
64 1.1545 0.5312 27.0000 0.7337
457 1.0701 0.9737 12.0000 0.3844
481 1.0675 0.9667 16.0000 0.5117
457 1.0672 0.9727 12.5000 0.3928
457 1.0652 0.9694 14.0000 0.3902
737 1.3273 0.6004 271.5000 0.3966
802 1.3977 0.6016 292.0000 0.4008
853 1.4858 0.6220 297.5000 0.4421
844 1.3320 0.6570 266.0000 0.3455
886 1.2993 0.6806 264.5000 0.3839
881 1.4974 0.6158 309.0000 0.3821
469 1.1058 0.8145 82.0000 0.4433
63 1.1837 0.3443 33.5000 0.9727
47 1.3436 0.1915 37.0000 0.7971
62 1.2140 0.2833 35.5000 0.9448
881 1.2721 0.7088 239.0000 0.5912
66 1.2525 0.3047 34.0000 0.9264
104 1.3040 0.1814 75.0000 0.9899
120 1.2891 0.1271 98.0000 0.9913
80 1.2447 0.1795 62.5000 0.9866
104 1.3262 0.2696 71.0000 0.9899
120 1.3389 0.1779 91.5000 0.9913
80 1.2653 0.2051 60.0000 0.9866
69 1.2389 0.3913 39.0000 0.5803
69 1.2498 0.3768 39.0000 0.6885
69 1.2483 0.4058 38.0000 0.6885
69 1.2503 0.4058 39.0000 0.6885
69 1.2271 0.4058 38.0000 0.6243
69 1.2321 0.3768 39.0000 0.5421
69 1.2053 0.4058 38.0000 0.5262
69 1.2433 0.3768 40.0000 0.5192
69 1.2279 0.3768 39.0000 0.7565
69 1.2272 0.4058 39.0000 0.6276
68 1.2782 0.3824 38.0000 0.5621
72 1.2920 0.4028 40.0000 0.6470
72 1.2535 0.3611 43.0000 0.5258
72 1.2737 0.3680 41.5000 0.7437
72 1.2648 0.3750 43.0000 0.8216
87 1.1669 0.5412 38.0000 0.8684
61 1.2767 0.3750 33.0000 0.9036
52 1.2783 0.3269 28.0000 0.9893
52 1.2865 0.2500 28.0000 1.0000
52 1.2866 0.2500 28.0000 1.0000
52 1.2866 0.2500 28.0000 1.0000
52 1.2866 0.2500 28.0000 1.0000
52 1.3834 0.3077 29.0000 0.8821
52 1.2544 0.2885 31.0000 0.9115
90 1.1540 0.4667 44.0000 0.8058
95 1.1898 0.5579 40.0000 0.6533
79 1.1430 0.6519 26.5000 0.6077
