63 1.1728 0.6746 20.5000 0.4597
63 1.1567 0.6667 21.0000 0.5870
33 1.2626 0.4375 17.0000 0.8142
62 1.1159 0.8710 7.0000 0.5246
62 1.0942 0.9355 4.0000 0.2562
62 1.1401 0.8790 7.0000 0.4954
62 1.1400 0.8790 7.0000 0.4954
62 1.1398 0.8790 7.0000 0.4954
62 1.1402 0.8629 7.5000 0.5460
62 1.1401 0.8629 7.5000 0.5460
34 1.5057 0.5147 15.0000 0.2842
34 1.5716 0.5441 15.5000 0.2842
34 1.7479 0.5000 16.5000 0.2842
42 1.1024 0.6429 13.0000 0.9417
62 1.1248 0.9032 5.5000 0.2641
62 1.1168 0.8710 8.0000 0.4861
62 1.1248 0.9032 5.5000 0.2641
62 1.1168 0.8710 8.0000 0.4861
62 1.1248 0.9032 5.5000 0.2641
62 1.1168 0.8710 8.0000 0.4861
42 1.2052 0.7262 11.5000 0.9417
41 1.2110 0.3846 21.0000 0.1097
42 1.1608 0.7500 10.0000 0.6632
46 1.1536 0.5000 22.0000 0.9205
33 1.1263 0.6562 11.0000 0.6940
46 1.1737 0.4545 22.5000 0.9205
42 1.2174 0.5125 18.5000 0.6382
20 1.1148 0.1111 13.0000 0.9324
62 1.1292 0.9016 7.0000 0.2150
62 1.1335 0.8852 8.0000 0.2286
19 1.0801 0.6471 7.0000 0.9225
62 1.1171 0.9032 6.0000 0.5094
62 1.1171 0.9032 6.0000 0.5094
62 1.1447 0.8226 10.0000 0.3535
62 1.1103 0.8629 8.5000 0.5158
62 1.1374 0.8226 11.0000 0.4606
62 1.1774 0.8387 10.0000 0.4812
46 1.1513 0.4545 23.0000 0.9205
88 1.1644 0.5227 39.0000 0.4697
88 1.1783 0.5568 35.0000 0.4739
46 1.1601 0.4783 21.0000 0.5227
14 1.2998 0.1667 10.0000 0.4789
46 1.1911 0.5454 19.0000 0.9603
46 1.2172 0.3068 24.0000 0.9205
46 1.2487 0.2955 26.0000 0.7546
46 1.1845 0.3182 24.0000 0.9205
46 1.1616 0.4318 25.0000 0.9205
46 1.2005 0.4545 22.0000 0.9205
64 1.1898 0.7031 17.0000 0.6006
45 1.1502 0.8372 9.0000 0.7518
42 1.1568 0.6667 14.0000 0.7252
42 1.1261 0.6667 14.0000 0.7252
32 1.1838 0.7188 7.0000 0.7957
44 1.1246 0.7619 12.0000 0.7740
42 1.1587 0.7381 11.0000 0.9265
42 1.1222 0.8571 6.0000 0.6420
42 1.1705 0.7143 12.0000 0.9417
42 1.2240 0.6786 13.0000 0.7873
42 1.2258 0.6190 15.0000 0.7923
42 1.2170 0.6905 12.5000 0.7516
42 1.1706 0.5875 16.0000 0.7750
44 1.1682 0.6818 14.0000 0.5819
42 1.1713 0.7500 10.0000 0.7740
33 1.3256 0.5323 16.0000 0.4594
33 1.2532 0.4839 16.0000 0.3986
33 1.2985 0.5484 15.5000 0.6425
42 1.2390 0.5476 17.5000 0.7546
42 1.1281 0.6428 15.0000 0.7516
19 1.2504 0.3529 10.0000 0.7820
84 1.1805 0.6667 27.5000 0.4767
41 1.3022 0.3589 22.0000 0.1134
16 1.2146 0.2500 10.5000 0.7480
60 1.2470 0.5439 26.0000 0.5766
60 1.1504 0.5517 25.0000 0.7512
41 1.4697 0.3684 21.5000 0.3735
86 1.1974 0.5465 34.0000 0.8664
92 1.2155 0.5978 35.0000 0.8956
92 1.1776 0.5326 33.0000 0.9180
88 1.1740 0.5682 31.5000 0.8977
92 1.2008 0.5435 32.0000 0.9127
88 1.1970 0.6648 28.0000 0.6641
88 1.2037 0.5568 28.0000 0.9257
81 1.1590 0.4938 39.0000 0.9369
16 1.2801 0.3214 8.0000 0.9079
16 1.3500 0.5312 7.0000 0.9220
91 1.1488 0.5055 39.0000 0.8915
92 1.1945 0.5272 38.0000 0.8916
91 1.1382 0.4560 44.0000 0.9226
91 1.1835 0.5659 34.5000 0.9186
65 1.2247 0.5156 30.0000 0.7690
16 1.3628 0.3125 9.0000 0.9220
16 1.3645 0.3125 8.5000 0.9220
82 1.1674 0.5488 33.5000 0.4124
923 1.2966 0.7086 257.0000 0.3916
73 1.1220 0.8219 13.0000 0.4737
11 1.6662 0.2727 8.0000 0.7610
73 1.1882 0.6712 22.0000 0.5853
73 1.2082 0.7123 19.0000 0.4458
184 1.3268 0.3641 99.0000 0.3236
22 1.2174 0.0909 13.0000 0.6584
22 1.3523 0.3636 13.0000 0.5587
22 1.3180 0.4091 9.5000 0.9466
28 1.1890 0.5385 12.0000 0.9560
70 1.1559 0.3636 31.0000 0.7829
74 1.1318 0.4571 33.0000 0.8770
72 1.1925 0.4192 32.0000 0.8746
70 1.2037 0.4779 31.0000 0.9061
70 1.2513 0.5379 30.5000 0.8881
72 1.2376 0.5441 31.0000 0.9250
70 1.1834 0.3636 33.0000 0.7976
74 1.1458 0.4286 35.5000 0.8770
70 1.1837 0.4773 31.0000 0.8054
74 1.1303 0.4857 35.0000 0.8770
86 1.1467 0.5698 34.0000 0.7293
87 1.2052 0.5747 32.5000 0.7655
86 1.1645 0.5872 33.0000 0.7808
86 1.2142 0.6163 32.0000 0.8131
86 1.1795 0.5581 35.0000 0.7655
82 1.2348 0.6098 31.0000 0.6075
86 1.1443 0.5930 30.0000 0.7808
87 1.1941 0.6207 32.0000 0.8283
86 1.2151 0.6279 29.5000 0.7535
86 1.1730 0.6047 33.0000 0.7703
86 1.1789 0.6163 32.0000 0.8087
86 1.1607 0.5814 33.0000 0.7780
86 1.1546 0.5988 33.0000 0.8151
87 1.2248 0.5690 34.0000 0.7212
86 1.1723 0.5988 31.5000 0.7736
85 1.1913 0.6235 31.0000 0.8282
86 1.1516 0.5872 33.0000 0.7537
87 1.1882 0.6322 30.0000 0.8474
86 1.1730 0.6341 31.5000 0.5678
86 1.1907 0.6220 32.0000 0.8512
86 1.1567 0.5930 34.0000 0.7988
86 1.1599 0.6047 32.0000 0.8629
42 1.1484 0.8095 8.0000 0.8799
42 1.1554 0.8293 7.0000 0.2870
43 1.1936 0.7857 10.0000 0.2344
20 1.1905 0.7000 6.0000 0.7228
20 1.2350 0.6500 7.0000 0.7228
20 1.1728 0.7000 6.0000 0.7228
20 1.1809 0.7000 6.0000 0.7228
20 1.2041 0.7000 6.0000 0.7228
20 1.1915 0.7000 6.0000 0.7228
98 1.1830 0.5102 40.5000 0.5685
42 1.1300 0.7381 11.0000 0.9417
84 1.1267 0.7500 21.0000 0.5728
46 1.2121 0.3978 24.0000 0.9205
82 1.1130 0.8049 15.0000 0.4561
82 1.1240 0.7073 24.0000 0.4133
42 1.1801 0.7500 10.5000 0.8493
11 1.4588 0.4000 6.0000 0.6857
44 1.1326 0.7273 12.0000 0.7257
16 1.1858 0.8000 4.0000 0.3917
16 1.1355 0.8000 4.0000 0.4866
16 1.1675 0.8000 4.0000 0.3917
16 1.2010 0.6667 5.0000 0.4866
16 1.2443 0.7333 4.0000 0.3917
16 1.2044 0.7333 5.0000 0.3917
16 1.1530 0.8000 4.0000 0.3917
16 1.1883 0.9000 2.5000 0.3917
42 1.1326 0.6667 14.0000 0.9059
67 1.1959 0.4462 26.5000 0.9052
39 1.2363 0.2778 23.5000 0.7471
63 1.1262 0.6508 20.0000 0.3033
63 1.1353 0.6349 23.0000 0.3183
20 1.1692 0.6389 7.5000 0.9324
20 1.1740 0.4444 9.0000 0.9324
20 1.2055 0.5000 10.0000 0.9324
20 1.3858 0.5556 8.0000 0.9324
21 1.2641 0.1500 11.0000 0.7942
20 1.2000 0.4500 9.5000 0.8102
42 1.1025 0.7381 11.0000 0.9417
41 1.1757 0.8780 5.0000 0.3352
47 1.3361 0.3617 27.0000 0.7151
47 1.3509 0.3617 27.0000 0.7151
46 1.3842 0.4130 25.0000 0.6813
48 1.3514 0.3542 28.0000 0.7152
40 1.2439 0.6154 15.5000 0.8567
46 1.3254 0.5326 20.5000 0.6524
46 1.3374 0.5217 20.5000 0.6479
46 1.2607 0.5435 20.0000 0.7058
46 1.2210 0.5652 19.0000 0.6524
47 1.3049 0.3617 28.0000 0.7058
47 1.3262 0.4255 24.0000 0.6122
47 1.2353 0.4043 26.0000 0.6304
15 1.1315 0.3077 6.0000 0.8063
55 1.4451 0.3797 28.0000 0.2319
84 1.1957 0.4643 38.0000 0.5483
83 1.3102 0.5060 35.0000 0.3565
62 1.0951 0.8710 8.0000 0.5094
62 1.1393 0.8790 7.0000 0.4954
60 1.4278 0.3135 30.0000 0.5757
59 1.5020 0.2632 31.0000 0.4899
61 1.3620 0.3000 34.0000 0.5861
61 1.3318 0.3000 36.0000 0.6378
62 1.1248 0.9032 5.5000 0.2641
62 1.1168 0.8710 8.0000 0.4861
87 1.1728 0.5114 42.0000 0.5020
87 1.1534 0.5459 35.0000 0.5579
87 1.1767 0.5287 39.0000 0.5104
87 1.1712 0.5344 38.0000 0.5631
87 1.1705 0.5632 34.0000 0.6287
87 1.1614 0.5977 34.0000 0.6297
84 1.1696 0.5476 34.0000 0.5467
84 1.1803 0.5000 36.0000 0.6641
84 1.1514 0.6429 27.0000 0.5854
84 1.1987 0.5357 35.5000 0.5314
84 1.1769 0.5952 33.0000 0.5786
84 1.2467 0.4762 36.5000 0.6009
84 1.1815 0.6071 33.0000 0.5680
84 1.2266 0.4821 37.0000 0.5249
84 1.2090 0.5476 34.0000 0.4066
84 1.2325 0.5119 34.0000 0.5334
84 1.1433 0.5952 33.0000 0.5458
84 1.1894 0.5179 37.0000 0.4243
30 1.2155 0.6296 8.0000 0.8331
28 1.2513 0.6154 11.0000 0.8792
26 1.2468 0.5417 10.5000 0.8121
85 1.1862 0.5765 33.0000 0.2459
85 1.2547 0.4941 42.0000 0.2731
84 1.1850 0.6429 30.0000 0.4921
84 1.2308 0.4881 38.0000 0.4201
83 1.2399 0.5844 31.5000 0.2959
83 1.2117 0.5422 35.0000 0.3648
83 1.1494 0.5060 37.0000 0.5113
20 1.6078 0.5000 9.0000 0.5274
18 1.3322 0.1176 7.0000 0.9320
28 1.2533 0.5769 10.0000 0.8792
29 1.1339 0.5385 10.0000 0.8792
28 1.1866 0.6000 10.0000 0.9339
27 1.1738 0.5600 12.0000 0.9339
28 1.2065 0.5577 8.0000 0.9340
28 1.1913 0.6154 9.0000 0.8792
28 1.2256 0.6154 8.0000 0.8792
75 1.1610 0.7027 21.0000 0.4763
73 1.1221 0.8219 13.0000 0.4737
40 1.2755 0.3590 20.0000 0.7696
31 1.3501 0.3000 24.5000 0.8638
60 1.4429 0.2542 31.0000 0.4684
60 1.4701 0.2712 29.0000 0.3986
12 1.0910 0.3333 7.0000 0.3234
45 1.1709 0.3488 26.0000 0.8938
45 1.1522 0.4652 21.5000 0.9217
45 1.1510 0.4884 21.0000 0.9741
60 1.4290 0.2712 31.0000 0.4690
60 1.4198 0.2542 31.5000 0.4851
45 1.1574 0.3953 26.0000 0.8938
45 1.2096 0.3721 25.0000 0.8938
158 1.3779 0.4650 70.5000 0.1056
17 1.3819 0.3529 11.0000 0.4896
87 1.1424 0.4943 40.5000 0.6270
40 1.2321 0.3421 22.0000 0.7191
73 1.1503 0.8219 13.0000 0.2443
18 1.4596 0.4375 7.5000 0.8099
16 1.2333 0.4286 9.0000 0.9448
16 1.3394 0.3571 8.0000 0.8897
73 1.1136 0.7808 16.0000 0.2855
73 1.1267 0.7808 16.0000 0.5074
91 1.1891 0.4066 44.0000 0.8713
73 1.1168 0.8082 14.0000 0.7103
91 1.1812 0.4560 39.5000 0.5574
73 1.0968 0.8356 12.0000 0.4959
91 1.1877 0.5055 42.0000 0.6136
73 1.1623 0.7397 19.0000 0.5159
62 1.1770 0.7258 15.5000 0.5379
73 1.2047 0.6849 21.0000 0.4458
73 1.2187 0.6781 20.0000 0.4642
40 1.2918 0.3333 20.0000 0.6421
99 1.3126 0.5909 37.5000 0.6286
254 1.4346 0.4980 111.5000 0.6383
229 1.4098 0.5000 97.0000 0.4205
42 1.2856 0.2821 25.0000 0.7192
25 1.2133 0.4348 13.5000 0.7961
25 1.2462 0.4348 13.0000 0.7961
25 1.1879 0.4348 14.0000 0.6652
25 1.2114 0.4348 14.0000 0.9111
22 1.3716 0.1818 13.0000 0.9334
83 1.1589 0.7048 24.5000 0.5587
85 1.1528 0.7117 24.0000 0.5636
82 1.1517 0.7561 20.0000 0.5291
83 1.1333 0.7439 20.0000 0.5465
169 1.3069 0.4201 85.0000 0.5497
910 1.3472 0.6670 281.5000 0.2451
146 1.2504 0.4281 72.0000 0.5319
20 1.3603 0.6667 7.0000 0.9324
15 1.1883 0.4615 7.0000 0.8063
59 1.4185 0.3276 33.0000 0.6304
59 1.3926 0.3448 30.5000 0.7056
73 1.1077 0.8219 13.0000 0.4737
73 1.1117 0.8356 12.0000 0.4688
73 1.1036 0.8767 9.0000 0.4847
73 1.0928 0.8219 13.0000 0.4737
73 1.1103 0.8151 13.5000 0.4737
73 1.1063 0.8356 12.0000 0.4635
103 1.2486 0.5340 42.0000 0.5816
40 1.2765 0.4231 22.5000 0.6295
40 1.2284 0.3684 19.0000 0.6773
40 1.2346 0.3553 19.0000 0.6294
40 1.2647 0.4872 20.0000 0.6421
40 1.2759 0.4615 18.5000 0.8320
40 1.2695 0.4615 19.0000 0.6983
40 1.2647 0.4872 18.0000 0.6421
40 1.2723 0.4872 19.0000 0.6598
44 1.1513 0.7619 12.0000 0.6874
44 1.1064 0.7857 11.0000 0.8799
101 1.2819 0.5495 38.5000 0.6816
103 1.2919 0.5825 39.0000 0.6374
41 1.0927 0.6098 16.0000 0.6828
42 1.2056 0.6190 15.5000 0.6831
295 1.4876 0.5644 110.0000 0.7753
176 1.2857 0.3949 88.0000 0.4758
296 1.4888 0.5135 126.5000 0.5580
59 1.4148 0.3362 33.0000 0.6026
29 1.3059 0.5961 10.0000 0.8329
12 1.1700 0.2500 9.0000 0.3234
12 1.1287 0.2500 9.0000 0.3234
12 1.1671 0.2500 9.0000 0.3234
12 1.1296 0.2500 9.0000 0.3234
12 1.4079 0.4167 6.0000 0.3234
12 1.1971 0.5000 6.0000 0.6969
12 1.1727 0.5000 6.0000 0.6969
12 1.1870 0.5000 6.0000 0.6969
12 1.2133 0.5833 5.0000 0.6969
45 1.2130 0.4048 21.0000 0.9741
87 1.1835 0.4598 42.0000 0.5863
87 1.1656 0.5116 40.0000 0.5478
95 1.1627 0.5798 37.0000 0.7339
238 1.4223 0.4832 105.0000 0.6884
95 1.3335 0.4842 41.5000 0.4741
95 1.3252 0.4632 42.0000 0.4642
13 1.3595 0.1667 10.0000 0.6969
13 1.3029 0.2500 7.0000 0.8597
64 1.2422 0.5703 23.5000 0.5887
64 1.2363 0.5938 22.0000 0.4988
64 1.2253 0.6562 20.0000 0.5226
28 1.2167 0.3750 14.0000 0.6671
29 1.2559 0.4138 13.0000 0.6080
29 1.3197 0.2414 14.0000 0.1948
41 1.3474 0.3537 21.5000 0.6986
87 1.1261 0.5287 37.0000 0.5154
621 1.6863 0.5870 232.5000 0.1778
621 1.7334 0.5958 222.0000 0.2145
19 1.3348 0.0556 10.0000 0.8507
40 1.2289 0.3290 21.0000 0.5617
40 1.2948 0.2821 22.0000 0.7192
40 1.2625 0.3421 21.0000 0.6419
157 1.2660 0.6656 45.5000 0.2567
157 1.2515 0.6369 50.0000 0.2504
163 1.1995 0.4720 82.0000 0.7560
97 1.2071 0.6134 37.0000 0.8846
23 1.2290 0.4131 9.0000 0.2793
386 1.3882 0.5207 162.0000 0.4782
18 1.2713 0.3333 10.0000 0.9324
19 1.1166 0.5263 6.0000 0.8768
14 1.0855 0.3846 9.0000 0.3279
25 1.1577 0.4800 11.0000 0.9114
25 1.1577 0.4800 11.0000 0.9114
25 1.2401 0.7200 7.0000 1.0000
25 1.2349 0.7600 6.0000 0.9114
25 1.2810 0.7200 7.0000 0.4286
25 1.2988 0.6400 9.0000 0.7255
34 1.2487 0.4118 19.0000 1.0000
923 1.4523 0.5699 355.0000 0.4387
923 1.4705 0.5103 400.0000 0.4356
29 1.2093 0.6207 11.0000 0.8309
26 1.2605 0.4375 11.0000 0.7251
26 1.2467 0.3333 13.0000 0.9113
26 1.2445 0.3333 13.0000 0.9113
217 1.3222 0.5300 90.0000 0.3812
458 1.1429 0.9094 39.0000 0.4725
54 1.3384 0.4259 27.0000 0.7388
43 1.3498 0.4186 23.0000 0.6399
25 1.3317 0.4400 13.0000 0.3942
62 1.1338 0.7984 12.0000 0.6117
20 1.0892 0.5000 10.0000 1.0000
20 1.2209 0.3000 12.0000 1.0000
20 1.0986 0.5000 10.0000 1.0000
20 1.1317 0.5000 10.0000 1.0000
19 1.2154 0.4737 10.0000 0.9327
43 1.3101 0.3488 21.0000 0.8033
98 1.1364 0.6224 35.5000 0.7731
55 1.2869 0.3400 30.0000 0.7060
55 1.2668 0.3208 32.0000 0.5945
63 1.1429 0.3443 31.0000 0.9467
944 1.4023 0.6304 324.5000 0.4211
944 1.3425 0.6527 305.0000 0.4193
402 1.1374 0.8632 55.0000 0.5196
109 1.2622 0.4404 50.5000 0.7139
130 1.3507 0.4115 65.5000 0.7162
20 1.1598 0.2632 14.0000 0.2741
98 1.2069 0.5938 38.0000 0.5414
146 1.1560 0.7740 33.0000 0.7879
453 1.1176 0.8985 46.0000 0.4657
146 1.1532 0.8151 27.0000 0.5048
453 1.1256 0.8830 51.5000 0.4437
54 1.1994 0.3704 27.0000 0.8807
85 1.1623 0.5823 34.0000 0.5895
87 1.1919 0.5805 34.0000 0.5763
472 1.0891 0.9597 19.0000 0.2090
927 1.2803 0.7061 258.0000 0.3146
924 1.2982 0.7121 253.0000 0.3731
924 1.2851 0.7013 262.5000 0.3407
924 1.2919 0.7084 259.5000 0.3810
924 1.2791 0.7105 254.0000 0.3185
924 1.2775 0.6916 275.0000 0.3085
924 1.3014 0.7089 260.0000 0.3462
64 1.2424 0.5703 23.5000 0.5887
79 1.3282 0.5759 31.0000 0.4214
928 1.2986 0.7188 250.5000 0.3807
928 1.2996 0.7134 249.0000 0.4002
928 1.3066 0.7166 251.0000 0.3757
928 1.3356 0.7069 256.0000 0.3543
453 1.0759 0.9735 12.0000 0.5584
453 1.0768 0.9768 10.5000 0.4997
453 1.0784 0.9735 12.0000 0.5050
453 1.0726 0.9757 11.0000 0.6413
453 1.0812 0.9647 16.0000 0.5228
453 1.0770 0.9691 14.0000 0.5003
453 1.0850 0.9658 15.5000 0.5793
453 1.0857 0.9603 18.0000 0.5619
24 1.2762 0.5909 9.0000 0.9466
22 1.2622 0.5000 7.5000 0.9466
465 1.1189 0.8903 49.5000 0.3748
52 1.2120 0.2500 30.0000 0.9786
210 1.3236 0.5643 80.5000 0.4771
120 1.2275 0.1458 99.0000 0.9745
62 1.2435 0.1290 53.0000 0.5223
48 1.2092 0.5208 18.5000 0.8609
48 1.2026 0.5729 18.0000 0.8467
49 1.2001 0.4592 22.0000 0.8390
48 1.2289 0.4792 20.0000 0.8467
48 1.1751 0.5104 18.0000 0.7425
48 1.1820 0.5312 19.5000 0.3380
48 1.2235 0.4062 19.5000 0.8778
48 1.2387 0.4688 21.0000 0.7852
48 1.2599 0.5417 17.5000 0.8115
48 1.2053 0.5208 19.0000 0.8609
98 1.1980 0.3929 49.5000 0.6838
50 1.1767 0.5600 19.5000 0.8371
44 1.1966 0.3452 24.0000 0.9741
944 1.3154 0.7280 247.0000 0.4302
84 1.1330 0.6071 31.5000 0.8338
65 1.2162 0.6154 22.5000 0.8828
242 1.3308 0.3636 123.5000 0.4420
242 1.3207 0.3513 122.5000 0.3897
73 1.1014 0.7945 15.0000 0.5373
87 1.1473 0.5862 34.0000 0.7784
87 1.1518 0.5805 34.5000 0.5582
87 1.1443 0.5747 35.5000 0.6702
86 1.1340 0.4884 42.0000 0.4116
84 1.1539 0.6190 31.0000 0.6268
51 1.2414 0.5100 23.0000 0.5951
51 1.2279 0.4898 23.0000 0.4651
51 1.2645 0.5500 21.0000 0.7041
51 1.2531 0.4314 24.0000 0.8824
51 1.2524 0.5490 23.0000 0.6477
51 1.2218 0.3725 26.0000 0.5111
51 1.2803 0.5294 19.0000 0.5550
51 1.1951 0.5600 21.5000 0.6839
51 1.2142 0.4800 24.0000 0.8046
51 1.2127 0.4706 24.0000 0.5529
51 1.2433 0.5294 21.0000 0.5717
51 1.2695 0.5294 22.0000 0.7885
51 1.2432 0.4902 24.0000 0.8502
51 1.2734 0.4706 23.0000 0.7078
924 1.2921 0.7056 258.5000 0.3617
86 1.1518 0.4884 41.0000 0.3735
86 1.1482 0.4651 41.5000 0.6145
13 1.5281 0.3077 9.0000 0.6945
14 1.5999 0.1429 12.0000 0.9079
14 1.3306 0.2143 11.0000 0.9079
14 1.2595 0.2500 10.5000 0.9079
14 1.3760 0.2143 11.0000 0.9079
15 1.2661 0.0000 14.0000 0.9215
15 1.4573 0.1333 13.0000 0.9215
15 1.2169 0.0667 14.0000 0.8794
15 1.2832 0.2000 12.0000 0.8239
34 1.3255 0.3529 20.0000 0.5919
35 1.2874 0.3714 20.0000 0.7098
46 1.2635 0.3696 23.0000 0.3269
35 1.3926 0.3143 20.0000 0.5835
32 1.1610 0.6719 9.5000 0.8927
31 1.1391 0.8226 5.5000 0.8000
32 1.1421 0.7812 7.0000 0.8503
32 1.1550 0.7500 8.0000 0.8503
73 1.1313 0.7534 17.0000 0.3765
73 1.1111 0.8356 12.0000 0.4847
73 1.1315 0.7808 13.5000 0.4737
73 1.1072 0.8287 12.5000 0.4140
73 1.1315 0.7808 13.5000 0.4737
73 1.1023 0.8082 12.5000 0.4538
73 1.1290 0.7055 19.5000 0.5422
75 1.2355 0.3467 42.0000 0.7798
42 1.1844 0.3810 25.0000 1.0000
42 1.2514 0.3810 24.0000 1.0000
42 1.2206 0.2381 28.0000 1.0000
42 1.1766 0.4286 23.0000 1.0000
909 1.2855 0.7068 247.5000 0.3798
941 1.3077 0.7088 262.0000 0.3534
947 1.2713 0.7381 237.0000 0.3524
946 1.2962 0.7595 216.0000 0.3623
946 1.3001 0.7527 219.0000 0.3664
946 1.2906 0.7685 207.0000 0.3678
946 1.2864 0.7653 211.5000 0.3745
70 1.1918 0.5071 26.0000 0.3864
621 1.7401 0.5403 254.5000 0.1724
37 1.2218 0.5405 16.0000 0.4410
949 1.2818 0.7855 195.5000 0.3241
949 1.2828 0.7861 194.5000 0.3278
949 1.2618 0.7824 194.5000 0.3194
447 1.2001 0.7841 92.0000 0.2467
35 1.3516 0.2500 22.5000 0.8747
85 1.1625 0.6000 31.0000 0.5983
90 1.2006 0.5000 40.5000 0.5570
90 1.2925 0.5333 39.0000 0.6543
90 1.1682 0.5444 36.5000 0.8782
90 1.2070 0.5222 37.0000 0.7921
90 1.1879 0.5222 40.0000 0.5734
86 1.1781 0.6395 30.5000 0.8588
42 1.1612 0.4750 22.0000 0.9447
57 1.3292 0.2017 35.0000 0.5688
58 1.3089 0.1552 37.0000 0.5787
58 1.3260 0.2672 36.0000 0.6739
58 1.3107 0.2759 35.5000 0.7590
130 1.2578 0.5469 55.0000 0.6104
63 1.3137 0.3387 33.0000 0.9467
63 1.3231 0.3387 34.0000 0.9467
62 1.3476 0.3934 34.0000 0.9507
58 1.3544 0.2414 35.0000 0.5341
58 1.2789 0.2586 36.0000 0.6997
17 1.2475 0.4375 9.0000 0.9092
17 1.1295 0.5625 8.0000 0.9092
66 1.2510 0.4545 33.0000 0.9081
61 1.2593 0.4333 32.0000 0.9250
63 1.3771 0.2857 36.0000 0.8829
66 1.3086 0.3182 36.0000 0.8635
66 1.2359 0.3182 35.0000 0.8527
174 1.2869 0.4138 84.0000 0.4472
118 1.2870 0.3729 65.5000 0.4874
118 1.2687 0.3983 65.5000 0.5857
55 1.2481 0.3396 31.0000 0.8904
55 1.2185 0.3455 32.0000 0.8351
90 1.1901 0.4778 40.0000 0.5702
55 1.2292 0.3818 31.0000 0.8561
55 1.2653 0.4000 31.0000 0.8728
55 1.3199 0.3818 32.0000 0.8292
73 1.1015 0.7945 15.0000 0.5373
949 1.2880 0.7830 198.5000 0.3480
37 1.3622 0.3889 20.0000 0.5925
38 1.2906 0.2432 21.0000 0.6112
239 1.3510 0.4770 113.0000 0.3821
498 1.0949 0.9538 22.0000 0.5968
64 1.2156 0.5625 25.0000 0.6200
457 1.0716 0.9737 12.0000 0.5792
481 1.0737 0.9751 12.0000 0.6217
457 1.0713 0.9737 12.0000 0.5718
457 1.0705 0.9781 10.0000 0.5603
737 1.2875 0.5957 271.0000 0.5161
802 1.3014 0.5892 300.0000 0.4818
853 1.2662 0.6307 296.0000 0.4568
844 1.3107 0.6404 284.5000 0.4932
886 1.3464 0.6682 278.5000 0.4976
881 1.2793 0.6322 300.5000 0.4196
469 1.1315 0.8507 67.0000 0.3475
63 1.2181 0.4262 32.0000 0.9637
47 1.2199 0.1064 42.0000 0.8468
62 1.1867 0.2500 29.0000 0.9637
881 1.2811 0.7315 222.0000 0.6485
66 1.2955 0.3594 37.0000 0.9213
104 1.2702 0.1912 80.0000 0.9899
120 1.2517 0.1313 101.0000 0.9913
80 1.1524 0.1795 63.0000 0.9866
104 1.2590 0.1618 83.5000 0.9899
120 1.2416 0.1356 98.5000 0.9913
80 1.1953 0.2051 61.5000 0.9866
69 1.2448 0.4348 38.0000 0.5104
69 1.2146 0.4348 38.0000 0.5469
69 1.2437 0.4131 39.0000 0.6063
69 1.2548 0.4493 38.0000 0.6390
69 1.3250 0.4058 39.5000 0.5602
69 1.3025 0.3913 40.0000 0.5469
69 1.2909 0.4203 37.5000 0.5796
69 1.3121 0.4203 37.0000 0.5327
69 1.2660 0.4493 37.0000 0.5817
69 1.2748 0.4348 39.0000 0.5421
68 1.2496 0.4559 35.0000 0.5621
72 1.3039 0.4306 39.0000 0.5199
72 1.2712 0.3959 40.5000 0.5265
72 1.2650 0.4028 40.0000 0.5077
72 1.2753 0.3611 42.0000 0.5199
87 1.2001 0.5412 37.0000 0.6229
61 1.3449 0.4000 33.5000 0.9250
52 1.1980 0.3846 30.0000 0.9786
52 1.2514 0.2981 29.5000 1.0000
52 1.2511 0.2981 29.5000 1.0000
52 1.2511 0.2981 29.5000 1.0000
52 1.2511 0.2981 29.5000 1.0000
52 1.2798 0.4231 28.0000 0.9567
52 1.2893 0.4038 27.0000 0.9115
90 1.1923 0.4945 41.0000 0.5504
95 1.2094 0.4842 46.0000 0.7651
79 1.1505 0.6899 24.5000 0.4487
