63 1.2353 0.6667 19.0000 0.5273
63 1.1840 0.6349 20.0000 0.4546
33 1.2228 0.3125 19.0000 0.8142
62 1.2274 0.6532 19.5000 0.5379
62 1.2241 0.6452 21.0000 0.5242
62 1.2251 0.6129 24.0000 0.5363
62 1.2252 0.6129 24.0000 0.5363
62 1.2250 0.6129 24.0000 0.5363
62 1.2253 0.6129 24.0000 0.5363
62 1.2244 0.6129 24.0000 0.5363
34 1.5450 0.3382 19.0000 0.2842
34 1.7133 0.2941 19.0000 0.2842
42 1.1806 0.5952 17.0000 0.9129
62 1.2241 0.6774 19.0000 0.5398
62 1.1985 0.6452 20.0000 0.5118
62 1.2241 0.6774 19.0000 0.5398
62 1.1985 0.6452 20.0000 0.5118
62 1.2241 0.6774 19.0000 0.5398
62 1.1985 0.6452 20.0000 0.5118
42 1.2277 0.7024 12.0000 0.7873
42 1.1546 0.6786 12.5000 0.8799
46 1.3494 0.2500 25.0000 0.9205
33 1.2829 0.4219 16.5000 0.8365
46 1.3778 0.2387 24.5000 0.9205
42 1.3623 0.5125 20.5000 0.7252
20 1.2286 0.1667 11.0000 0.9324
62 1.2208 0.6066 23.0000 0.6364
62 1.2188 0.6148 22.0000 0.4193
19 1.1381 0.4118 12.0000 0.9225
62 1.2363 0.6048 21.0000 0.5514
62 1.2363 0.6048 21.0000 0.5514
62 1.2297 0.6210 20.0000 0.6451
62 1.2000 0.6210 21.0000 0.7280
62 1.1787 0.5806 23.0000 0.7238
62 1.2143 0.6452 19.0000 0.7120
46 1.3840 0.2613 26.0000 0.9205
88 1.1835 0.6079 33.0000 0.6468
88 1.2350 0.6648 26.5000 0.6648
46 1.1313 0.5217 21.0000 0.5406
14 1.1548 0.4167 8.0000 0.4789
46 1.2405 0.3637 24.0000 0.8786
46 1.3447 0.1591 26.0000 0.8939
46 1.3934 0.2273 24.0000 0.9347
46 1.3622 0.2045 24.0000 0.9205
46 1.3717 0.2273 24.0000 0.8939
46 1.3280 0.1818 25.0000 0.9205
64 1.2232 0.5078 24.0000 0.6006
45 1.2826 0.5465 21.0000 0.7017
46 1.2795 0.4318 25.0000 0.8930
42 1.1654 0.6905 13.0000 0.8799
42 1.1505 0.6905 13.0000 0.8799
32 1.1884 0.6875 10.0000 0.8140
44 1.2580 0.5952 19.0000 0.8107
42 1.1787 0.6310 15.5000 0.9417
42 1.2018 0.6786 13.5000 0.8107
42 1.1407 0.6429 15.0000 0.9129
42 1.1784 0.6429 15.0000 0.9129
42 1.2361 0.4881 20.5000 0.7469
42 1.2547 0.5714 17.0000 0.7744
42 1.3439 0.3875 19.5000 0.7840
44 1.2614 0.5796 17.5000 0.7147
42 1.2176 0.7143 12.0000 0.6831
33 1.2859 0.3226 19.0000 0.7326
33 1.2516 0.4194 18.0000 0.4368
33 1.2446 0.2903 19.0000 0.4100
42 1.2434 0.3333 24.0000 0.4995
42 1.1542 0.6190 16.0000 0.9113
19 1.1050 0.3529 10.0000 0.8597
84 1.2563 0.5952 33.0000 0.4254
41 1.3702 0.4615 19.5000 0.1592
41 1.4270 0.4359 19.0000 0.1250
16 1.0631 0.5833 8.0000 0.2513
60 1.1882 0.5263 29.5000 0.6401
60 1.1962 0.5948 21.0000 0.8228
41 1.3559 0.4079 22.0000 0.3024
86 1.1614 0.6512 30.0000 0.8741
92 1.2312 0.4403 47.0000 0.6445
92 1.2473 0.4239 48.5000 0.9699
88 1.1799 0.4772 41.0000 0.6544
92 1.2572 0.4674 45.0000 0.9127
88 1.2153 0.5455 37.0000 0.9240
88 1.1864 0.5398 40.0000 0.6442
81 1.2049 0.5123 37.5000 0.9042
16 1.2285 0.3571 10.0000 0.9079
16 1.2632 0.4375 9.0000 0.9220
91 1.1989 0.6333 31.5000 0.8425
92 1.1913 0.5816 35.5000 0.8745
91 1.2056 0.5934 35.0000 0.8891
91 1.1946 0.6374 31.0000 0.5311
65 1.2169 0.5156 27.5000 0.7852
16 1.2245 0.5625 6.5000 0.9220
16 1.2279 0.5625 7.0000 0.9220
82 1.1990 0.5854 30.0000 0.7772
923 1.1559 0.7341 233.5000 0.3941
73 1.1149 0.9041 7.0000 0.4635
11 1.1024 0.2727 8.0000 0.2756
73 1.1977 0.6301 26.0000 0.4381
73 1.1901 0.6301 24.0000 0.4442
184 1.2523 0.4266 90.5000 0.3761
22 1.2584 0.1818 14.0000 0.8906
22 1.3466 0.1818 15.0000 0.5587
22 1.2409 0.2273 11.0000 0.9466
28 1.2787 0.3846 15.0000 0.9560
70 1.3095 0.3939 35.0000 0.8131
74 1.2327 0.4143 37.0000 0.9657
72 1.2667 0.4412 34.0000 0.8113
70 1.2706 0.4412 39.0000 0.8882
70 1.3038 0.4848 34.0000 0.8553
72 1.2774 0.4265 38.0000 0.8882
70 1.2644 0.4621 34.0000 0.8027
74 1.2321 0.4214 37.0000 0.9657
70 1.2316 0.4545 35.0000 0.8131
74 1.2433 0.3642 37.5000 0.9572
86 1.2134 0.5174 35.0000 0.8122
87 1.1984 0.6207 32.0000 0.6944
86 1.1929 0.5233 36.0000 0.8122
86 1.2127 0.6163 28.0000 0.7373
86 1.1636 0.5233 36.0000 0.8282
82 1.1986 0.4817 37.0000 0.7020
86 1.1740 0.5233 36.0000 0.8172
87 1.2203 0.6149 33.0000 0.8183
86 1.1669 0.5523 35.0000 0.7714
86 1.2008 0.6512 28.5000 0.6338
86 1.1734 0.5756 34.0000 0.7855
86 1.1808 0.6279 30.5000 0.8222
86 1.1836 0.5814 33.5000 0.8675
87 1.1873 0.6207 31.5000 0.8268
86 1.1585 0.6047 32.0000 0.7587
85 1.2338 0.5176 37.0000 0.6363
86 1.1700 0.5465 34.0000 0.7861
87 1.2271 0.6207 31.5000 0.8019
86 1.1768 0.6341 29.5000 0.9445
86 1.1860 0.6341 29.0000 0.9445
86 1.1644 0.5349 35.0000 0.8621
86 1.1574 0.6395 29.0000 0.8629
42 1.2107 0.6429 15.0000 0.8799
42 1.2313 0.6341 14.0000 0.4027
43 1.3748 0.6190 15.5000 0.6230
20 1.2406 0.2000 13.0000 0.7228
20 1.1496 0.2000 13.0000 0.7228
20 1.2005 0.2000 13.0000 0.7228
20 1.1598 0.1500 13.0000 0.7228
20 1.1648 0.2000 13.0000 0.7228
20 1.1579 0.1500 13.0000 0.7228
98 1.1867 0.5357 42.0000 0.6261
42 1.1376 0.6667 13.0000 0.9417
84 1.1259 0.7976 17.0000 0.6488
46 1.3446 0.2841 25.0000 0.9205
82 1.1570 0.8049 16.0000 0.6826
82 1.1558 0.7195 23.0000 0.5732
42 1.2197 0.6786 13.5000 0.8816
11 1.3154 0.3000 7.0000 0.6857
44 1.1747 0.7273 12.0000 0.8818
16 1.3263 0.4000 8.0000 0.5721
16 1.2395 0.4667 9.0000 0.4866
16 1.3087 0.7000 5.5000 0.3917
16 1.3636 0.4000 8.5000 0.4866
16 1.3038 0.4000 9.0000 0.3917
16 1.2843 0.5333 7.0000 0.3917
16 1.2592 0.5333 7.0000 0.3917
16 1.2510 0.3333 10.0000 0.3917
42 1.2145 0.7619 10.0000 0.8460
67 1.3056 0.3846 35.0000 0.9632
39 1.3174 0.5000 20.0000 0.9379
63 1.1864 0.6190 21.5000 0.7309
63 1.1702 0.6190 22.0000 0.7803
20 1.1635 0.5000 11.0000 0.9324
20 1.2338 0.5000 11.0000 0.9324
20 1.1268 0.3333 13.0000 0.9324
20 1.2322 0.1667 14.0000 0.7830
21 1.3996 0.2000 11.0000 0.7396
20 1.2868 0.5500 8.0000 0.7461
42 1.1736 0.5952 15.0000 0.9417
41 1.3039 0.6585 14.0000 0.3396
47 1.4611 0.4894 22.0000 0.7773
47 1.3939 0.5000 20.5000 0.8283
46 1.4244 0.5000 20.0000 0.7541
48 1.3985 0.5000 20.0000 0.7152
40 1.2048 0.4359 21.0000 0.7280
46 1.3445 0.4348 24.0000 0.6744
46 1.3104 0.5435 21.0000 0.7058
46 1.3183 0.5435 20.5000 0.5881
46 1.3775 0.4456 25.0000 0.6524
47 1.3220 0.5107 22.0000 0.6955
47 1.3112 0.5212 21.0000 0.5786
47 1.2875 0.3191 24.0000 0.6304
15 1.0608 0.3077 10.0000 0.8063
55 1.5120 0.2778 31.0000 0.1650
84 1.2227 0.4524 40.0000 0.5712
83 1.2489 0.4277 40.0000 0.5664
62 1.2740 0.5968 22.0000 0.5312
62 1.2245 0.6129 24.0000 0.5363
60 1.4940 0.2712 34.0000 0.7061
59 1.5037 0.3509 31.0000 0.5756
61 1.4120 0.2833 33.0000 0.5606
61 1.4257 0.2833 32.0000 0.6378
62 1.2241 0.6774 19.0000 0.5398
62 1.1985 0.6452 20.0000 0.5118
87 1.1704 0.5287 38.0000 0.6043
87 1.2205 0.4656 41.0000 0.2199
87 1.1482 0.5114 41.0000 0.6011
87 1.2191 0.4828 42.0000 0.4689
87 1.1515 0.5172 39.0000 0.6169
87 1.1492 0.5517 36.5000 0.6371
84 1.2110 0.5476 33.0000 0.4149
84 1.2462 0.5357 36.0000 0.6326
84 1.1940 0.5595 33.0000 0.3960
84 1.2292 0.5893 32.0000 0.6240
84 1.2359 0.5714 34.0000 0.6009
84 1.2245 0.4881 37.0000 0.4588
84 1.2268 0.5774 33.5000 0.5786
84 1.2103 0.5297 36.0000 0.6462
84 1.2490 0.5595 35.0000 0.5614
84 1.2058 0.4762 38.5000 0.3533
84 1.2054 0.5297 36.0000 0.4299
84 1.2584 0.5179 36.0000 0.3571
30 1.3682 0.4814 14.0000 0.8562
28 1.3572 0.3654 18.0000 0.9340
26 1.2654 0.4583 11.0000 0.8121
85 1.2171 0.6059 31.0000 0.1250
85 1.2244 0.5294 35.0000 0.5686
84 1.2537 0.6130 31.5000 0.1769
84 1.2769 0.5416 36.0000 0.5372
83 1.1994 0.4940 39.0000 0.5083
83 1.2293 0.5181 37.0000 0.4314
83 1.2635 0.5181 38.0000 0.4733
20 1.1047 0.2000 15.0000 0.6581
18 1.1939 0.2647 9.0000 0.9320
28 1.3330 0.3077 16.0000 0.8792
29 1.3122 0.3846 16.0000 0.9340
28 1.3492 0.3600 15.0000 0.9339
27 1.3422 0.4400 15.5000 0.9339
28 1.3645 0.3077 13.5000 0.9340
28 1.3721 0.2884 15.0000 0.9340
28 1.3516 0.3462 15.0000 0.8792
75 1.1467 0.6351 27.0000 0.4018
73 1.1148 0.9041 7.0000 0.4635
40 1.2828 0.4359 21.0000 0.7192
31 1.3024 0.4500 18.0000 0.8638
60 1.4710 0.2712 35.0000 0.5245
60 1.4526 0.2966 33.0000 0.4413
12 1.1836 0.5833 5.0000 0.3234
45 1.2720 0.3721 25.0000 0.8938
45 1.3260 0.3023 23.0000 0.9217
45 1.3212 0.3488 23.0000 0.9217
60 1.4739 0.3390 31.0000 0.6440
60 1.4851 0.3220 33.0000 0.5677
45 1.3506 0.3023 27.5000 0.8938
45 1.2763 0.2791 27.0000 0.8938
158 1.3286 0.5414 60.5000 0.0878
17 1.4377 0.5294 8.0000 0.4896
87 1.1597 0.4943 39.0000 0.7701
40 1.3569 0.4474 19.0000 0.9122
73 1.1284 0.8630 10.0000 0.4059
18 1.1446 0.3750 10.0000 0.2680
16 1.2357 0.3571 10.0000 1.0000
16 1.3354 0.3214 8.0000 0.8615
73 1.1121 0.8767 9.0000 0.4751
73 1.1129 0.8836 8.5000 0.4751
91 1.2417 0.4945 42.0000 0.6223
73 1.0999 0.9041 7.0000 0.4534
91 1.2742 0.5934 34.5000 0.5728
73 1.1115 0.8630 10.0000 0.4751
91 1.1862 0.6813 29.0000 0.6241
73 1.1873 0.6986 22.0000 0.5222
62 1.2064 0.5806 22.0000 0.7985
73 1.1971 0.6438 25.0000 0.4548
73 1.2051 0.6301 25.0000 0.4652
40 1.3487 0.3846 18.0000 0.8320
99 1.2728 0.6263 31.0000 0.3534
254 1.2636 0.6299 83.0000 0.5781
229 1.3352 0.4759 97.0000 0.5257
42 1.3687 0.3846 20.5000 0.7696
25 1.2593 0.4131 10.5000 0.7961
25 1.1789 0.5000 12.0000 0.7961
25 1.2336 0.3913 10.0000 0.6652
25 1.1820 0.4131 10.0000 0.9111
22 1.3245 0.1818 14.0000 0.9334
83 1.1408 0.7590 20.0000 0.5578
85 1.1606 0.7412 22.0000 0.5729
82 1.1410 0.7317 22.0000 0.4133
83 1.2013 0.7683 19.5000 0.6007
169 1.2127 0.4260 84.0000 0.4546
910 1.2285 0.6659 277.0000 0.2114
146 1.2153 0.4486 68.5000 0.3791
20 1.2208 0.4444 11.0000 0.9324
15 1.0546 0.3077 10.0000 0.8063
59 1.4352 0.2414 35.0000 0.6007
59 1.4430 0.3103 32.5000 0.6691
73 1.1076 0.9452 4.0000 0.4635
73 1.1042 0.9178 6.0000 0.4534
73 1.0959 0.9452 4.0000 0.4635
73 1.1114 0.9384 4.5000 0.4635
73 1.1114 0.9452 4.0000 0.4635
73 1.1313 0.9178 6.0000 0.4534
103 1.2567 0.6602 32.5000 0.6159
40 1.3466 0.3461 23.0000 0.6737
40 1.3638 0.4343 20.0000 0.8319
40 1.3262 0.4211 20.0000 0.7283
40 1.3108 0.4872 20.0000 0.9123
40 1.3504 0.5128 20.0000 0.9123
40 1.3196 0.4872 20.0000 0.9123
40 1.3103 0.4872 20.0000 0.9123
40 1.3512 0.4872 20.0000 0.9123
44 1.1992 0.7024 13.0000 0.8493
44 1.2746 0.6071 16.0000 0.8316
101 1.2756 0.6931 29.0000 0.6168
103 1.2684 0.6845 31.0000 0.6430
41 1.2327 0.7073 12.0000 0.7354
42 1.3047 0.5714 16.5000 0.7469
295 1.2633 0.5271 119.0000 0.7839
176 1.1625 0.4148 87.0000 0.4047
296 1.2644 0.5608 115.0000 0.5209
59 1.5095 0.3103 35.0000 0.6156
29 1.3853 0.3462 16.0000 0.9340
12 1.2311 0.3333 8.0000 0.3234
12 1.2475 0.3333 8.0000 0.3234
12 1.2343 0.3333 8.0000 0.3234
12 1.1413 0.1667 7.0000 0.3234
12 1.0807 0.6667 4.0000 0.3234
12 1.2026 0.1667 9.0000 0.3234
12 1.1376 0.0833 8.5000 0.3234
12 1.1976 0.2500 9.0000 0.3234
12 1.2074 0.1667 9.0000 0.3234
45 1.3309 0.2500 21.0000 0.9476
87 1.2796 0.4598 41.0000 0.5589
87 1.2194 0.4767 39.0000 0.3695
95 1.1262 0.5373 43.0000 0.7676
238 1.2816 0.5525 88.0000 0.7305
95 1.3342 0.5263 41.0000 0.2969
95 1.3067 0.4894 45.0000 0.3548
13 1.1275 0.1667 7.0000 0.3234
13 1.1665 0.3333 6.0000 0.3234
64 1.2517 0.6016 22.0000 0.6158
64 1.2938 0.5703 25.5000 0.6306
64 1.2902 0.5000 24.5000 0.8278
28 1.2212 0.3571 15.0000 0.6671
29 1.2633 0.2414 15.0000 0.6673
29 1.2407 0.4138 15.0000 0.2153
41 1.2794 0.3902 21.0000 0.8321
87 1.1772 0.4713 39.5000 0.5202
621 1.3250 0.4404 303.0000 0.1616
621 1.3477 0.4501 296.0000 0.1684
19 1.3155 0.1111 10.5000 0.8507
40 1.3076 0.4474 17.0000 0.7283
40 1.3743 0.3846 18.0000 0.8320
40 1.3205 0.4211 18.0000 0.8319
157 1.2532 0.7102 39.5000 0.2551
157 1.2416 0.6911 44.5000 0.2656
163 1.1726 0.4969 70.5000 0.8473
97 1.2073 0.6546 32.0000 0.9159
23 1.2560 0.3043 11.0000 0.2788
386 1.3045 0.5130 158.5000 0.4685
18 1.1859 0.1111 11.0000 0.9324
19 1.2885 0.4737 7.0000 0.8768
25 1.2862 0.5600 11.0000 0.9114
25 1.2862 0.5600 11.0000 0.9114
25 1.3398 0.5200 12.0000 0.7405
25 1.2849 0.3600 14.0000 0.9114
25 1.2952 0.3400 16.0000 0.3876
25 1.2784 0.4000 15.0000 0.7405
34 1.3530 0.4412 18.0000 1.0000
923 1.2443 0.5856 354.5000 0.3579
923 1.2730 0.5201 406.0000 0.3530
29 1.1670 0.6207 11.0000 0.7680
26 1.2540 0.4583 13.0000 0.7251
26 1.2239 0.5000 13.0000 0.8298
26 1.2237 0.5000 13.0000 0.8298
217 1.3057 0.5023 93.0000 0.2833
458 1.1462 0.8144 82.5000 0.3914
54 1.3174 0.3148 30.0000 0.7695
43 1.3456 0.3953 23.0000 0.6720
25 1.3066 0.2600 14.0000 0.4910
62 1.2361 0.5645 24.0000 0.5216
20 1.2273 0.4500 9.0000 1.0000
20 1.2252 0.2500 11.0000 1.0000
20 1.1957 0.5500 8.0000 1.0000
20 1.2131 0.4500 9.0000 1.0000
19 1.3095 0.3421 12.0000 1.0000
43 1.3487 0.3953 22.5000 0.7683
98 1.1971 0.5714 40.0000 0.6914
55 1.5537 0.2800 30.0000 0.6309
55 1.4972 0.3114 28.5000 0.5140
63 1.3369 0.3361 35.0000 0.9467
944 1.2376 0.6081 332.0000 0.3953
944 1.2064 0.6554 302.0000 0.3795
402 1.1023 0.8856 46.0000 0.3905
109 1.2332 0.4220 52.0000 0.7555
130 1.2893 0.4424 62.0000 0.7431
20 1.2099 0.4211 10.0000 0.5708
98 1.3197 0.5052 41.5000 0.7694
146 1.1501 0.7055 41.0000 0.5715
453 1.0795 0.9029 43.0000 0.5689
146 1.1339 0.7740 32.0000 0.5960
453 1.0873 0.9029 43.0000 0.5467
54 1.2555 0.3333 30.0000 0.8807
85 1.1887 0.5235 34.0000 0.5787
87 1.2243 0.5057 40.0000 0.5054
472 1.1103 0.9184 38.5000 0.1444
927 1.1743 0.6866 268.0000 0.3997
924 1.1770 0.6937 264.5000 0.3512
924 1.1781 0.6818 270.5000 0.3800
924 1.1805 0.6888 269.0000 0.3928
924 1.1751 0.6866 266.0000 0.3828
924 1.1856 0.6732 279.0000 0.4150
924 1.1830 0.6959 266.0000 0.3677
64 1.2517 0.6016 22.0000 0.6158
79 1.3310 0.5886 31.0000 0.2571
928 1.1861 0.7074 256.5000 0.3283
928 1.1701 0.7257 239.0000 0.3906
928 1.1854 0.7204 247.5000 0.3840
928 1.1787 0.7009 264.0000 0.2995
453 1.0625 0.9879 5.5000 0.5495
453 1.0598 0.9934 3.0000 0.4709
453 1.0566 0.9934 3.0000 0.4768
453 1.0565 0.9956 2.0000 0.4946
453 1.0728 0.9868 6.0000 0.4200
453 1.0745 0.9812 8.5000 0.4137
453 1.0845 0.9790 9.5000 0.4738
453 1.0709 0.9868 6.0000 0.4746
24 1.3831 0.3636 12.5000 0.9466
22 1.2368 0.2727 10.0000 0.9466
465 1.0953 0.8925 45.0000 0.4968
52 1.2853 0.2212 29.0000 0.9786
210 1.3117 0.5000 91.5000 0.5508
120 1.4082 0.2333 83.0000 0.9831
62 1.4119 0.2097 46.0000 0.5223
48 1.1847 0.6771 15.0000 0.8750
48 1.1930 0.6667 16.0000 0.8750
49 1.2386 0.5510 20.0000 0.8225
48 1.2468 0.6146 18.5000 0.8115
48 1.2974 0.5417 19.0000 0.6243
48 1.2386 0.6042 18.0000 0.8750
48 1.2927 0.5625 17.0000 0.8750
48 1.2500 0.5625 17.0000 0.8750
48 1.2318 0.6250 17.5000 0.8115
48 1.2055 0.6667 15.0000 0.8750
36 1.5691 0.2857 23.0000 0.4052
98 1.2400 0.5000 44.0000 0.5304
50 1.1562 0.5400 20.5000 0.6197
44 1.3321 0.2500 21.0000 0.9741
944 1.1811 0.7131 256.5000 0.4577
84 1.1898 0.5714 34.5000 0.5745
65 1.1865 0.5846 27.0000 0.9638
242 1.3697 0.3140 136.5000 0.3513
242 1.3367 0.3058 134.0000 0.4079
73 1.1071 0.8356 12.0000 0.4852
71 1.2530 0.2857 51.0000 0.0741
87 1.1224 0.4943 40.0000 0.5830
87 1.1666 0.5977 32.0000 0.6524
87 1.2147 0.5402 35.5000 0.5683
86 1.2096 0.4186 42.0000 0.6046
84 1.1906 0.5714 34.0000 0.4728
51 1.3118 0.5400 23.0000 0.5669
51 1.2674 0.4694 22.0000 0.6876
51 1.3123 0.4600 27.0000 0.7492
51 1.2374 0.4804 26.0000 0.7033
51 1.2692 0.5588 21.0000 0.7269
51 1.2672 0.5098 23.0000 0.7572
51 1.2058 0.6177 19.0000 0.7033
51 1.2249 0.5700 21.5000 0.7330
51 1.2243 0.5300 24.0000 0.7069
51 1.2485 0.5392 22.0000 0.8041
51 1.2449 0.5784 20.0000 0.7170
51 1.2255 0.5980 19.5000 0.6471
51 1.2780 0.5490 22.0000 0.6471
51 1.3009 0.5000 22.0000 0.7071
924 1.1745 0.6835 270.5000 0.4084
86 1.1980 0.4302 42.5000 0.5828
86 1.2332 0.4477 42.0000 0.5419
13 1.4468 0.2308 9.0000 0.6945
14 1.2109 0.5000 7.0000 0.9079
14 1.2949 0.5714 6.0000 0.9079
14 1.2982 0.6429 5.0000 0.9079
14 1.2158 0.5000 7.0000 0.9079
15 1.1793 0.2667 10.5000 0.9215
15 1.2553 0.4000 9.0000 0.9215
15 1.3166 0.4667 8.0000 0.9215
15 1.2668 0.3667 9.0000 0.8239
34 1.3776 0.4412 17.0000 0.5919
35 1.3571 0.4571 16.0000 0.4723
46 1.3189 0.4565 24.5000 0.4645
35 1.3378 0.5000 16.5000 0.6251
32 1.2014 0.7656 7.5000 0.8927
31 1.1105 0.7097 9.0000 0.8501
32 1.1252 0.7500 8.0000 0.8503
32 1.1329 0.7500 8.0000 0.8503
73 1.1925 0.7397 18.5000 0.3599
73 1.1463 0.8425 11.5000 0.4847
73 1.1220 0.8630 9.0000 0.4538
73 1.1216 0.8904 8.0000 0.3958
73 1.1220 0.8630 9.0000 0.4538
73 1.1376 0.7397 16.0000 0.4538
73 1.1470 0.6712 19.0000 0.5064
75 1.2529 0.4267 38.0000 0.6831
42 1.2596 0.4048 24.0000 1.0000
42 1.2296 0.4167 23.0000 1.0000
42 1.2936 0.3810 25.0000 0.9677
42 1.2287 0.3571 24.5000 1.0000
909 1.2208 0.6541 289.5000 0.2992
941 1.2211 0.6573 304.0000 0.3506
947 1.1864 0.6827 283.0000 0.3060
946 1.1593 0.7844 195.5000 0.3746
946 1.1536 0.7896 188.0000 0.3566
946 1.1511 0.7817 191.5000 0.3750
946 1.1467 0.7981 180.0000 0.3389
70 1.2157 0.5571 28.5000 0.2605
621 1.3763 0.4344 291.0000 0.1976
37 1.3129 0.4324 20.0000 0.4476
949 1.1511 0.8188 162.0000 0.3120
949 1.1502 0.8187 166.0000 0.3185
949 1.1573 0.7882 190.0000 0.2962
447 1.1342 0.8065 80.5000 0.2779
35 1.3225 0.5147 17.0000 0.8930
85 1.1923 0.5294 33.0000 0.6642
90 1.1984 0.4556 42.0000 0.7484
90 1.2207 0.4222 44.0000 0.8268
90 1.2302 0.5167 40.0000 0.8044
90 1.2339 0.5000 40.0000 0.7181
90 1.1913 0.5055 39.5000 0.7901
86 1.1816 0.5698 29.5000 0.8364
42 1.3237 0.4625 21.5000 0.9447
57 1.3626 0.3158 30.0000 0.6420
58 1.3763 0.3707 30.0000 0.6739
58 1.3723 0.3793 30.5000 0.6212
58 1.3323 0.3966 29.0000 0.7033
130 1.3230 0.5391 53.0000 0.7036
63 1.3593 0.2581 32.5000 0.9467
63 1.3594 0.2581 32.5000 0.9467
62 1.3291 0.4508 29.5000 0.9037
58 1.3969 0.4138 31.0000 0.6124
58 1.4042 0.4310 28.0000 0.5187
17 1.1863 0.0000 10.0000 0.9092
17 1.3188 0.3750 9.0000 0.9092
66 1.3610 0.4470 34.5000 0.9091
61 1.3477 0.5084 28.0000 0.8769
63 1.3635 0.4444 31.0000 0.9156
66 1.3585 0.4545 31.0000 0.8898
66 1.3480 0.4091 31.0000 0.8772
174 1.2857 0.3937 89.5000 0.4846
118 1.3011 0.3136 68.0000 0.4878
118 1.3661 0.3390 66.5000 0.6389
55 1.3716 0.2736 29.0000 0.8765
55 1.3996 0.4636 28.0000 0.8440
90 1.2177 0.5111 39.0000 0.3614
55 1.3806 0.4727 27.0000 0.8653
55 1.4137 0.3091 29.0000 0.8932
55 1.4377 0.2909 29.5000 0.8998
73 1.1072 0.8356 12.0000 0.4852
949 1.1521 0.8114 170.5000 0.3052
37 1.3294 0.4305 17.5000 0.4576
38 1.2876 0.5135 17.0000 0.5999
239 1.3199 0.4330 109.0000 0.3645
498 1.0795 0.9709 13.0000 0.5504
64 1.2667 0.5156 27.0000 0.5828
457 1.0652 0.9836 7.5000 0.4937
481 1.0654 0.9854 7.0000 0.6215
457 1.0679 0.9803 9.0000 0.4774
457 1.0621 0.9836 7.5000 0.4826
737 1.2088 0.5862 277.5000 0.4022
802 1.1942 0.5960 288.0000 0.4520
853 1.1697 0.6348 282.5000 0.4645
844 1.1715 0.6623 264.5000 0.4580
886 1.1618 0.6969 249.5000 0.4400
881 1.1835 0.6374 291.5000 0.4369
469 1.1022 0.8401 71.5000 0.3649
63 1.3835 0.3279 34.5000 0.9637
47 1.4247 0.2128 37.0000 0.9179
62 1.2724 0.2583 33.0000 0.9637
881 1.1514 0.7401 216.0000 0.6575
66 1.3189 0.4609 32.0000 0.8847
104 1.4091 0.3431 63.5000 0.9899
120 1.3996 0.3051 77.0000 0.9913
80 1.4087 0.3077 50.5000 0.9866
104 1.3973 0.3824 60.0000 0.9899
120 1.4044 0.3559 70.5000 0.9913
80 1.4020 0.3141 52.0000 0.9866
69 1.3472 0.3406 40.0000 0.6070
69 1.3461 0.3188 41.0000 0.6884
69 1.3037 0.2754 44.0000 0.6141
69 1.3201 0.3043 42.0000 0.6695
69 1.3480 0.3188 41.0000 0.5970
69 1.3555 0.2754 44.0000 0.6651
69 1.3484 0.3188 43.0000 0.5970
69 1.3786 0.2899 42.5000 0.6682
69 1.3502 0.2899 44.0000 0.6856
69 1.3864 0.2899 44.0000 0.6056
68 1.3509 0.3088 42.0000 0.6983
72 1.3486 0.3194 44.0000 0.5625
72 1.3324 0.3125 43.0000 0.6339
72 1.3559 0.3056 43.0000 0.6699
72 1.3498 0.3264 43.5000 0.7239
87 1.2268 0.5471 38.0000 0.5646
61 1.2982 0.4584 29.0000 0.9036
52 1.3274 0.3366 27.0000 0.9786
52 1.3115 0.2500 27.5000 1.0000
52 1.3128 0.2500 27.5000 1.0000
52 1.3128 0.2500 27.5000 1.0000
52 1.3128 0.2500 27.5000 1.0000
52 1.3418 0.3846 25.0000 0.9324
52 1.3211 0.2404 24.0000 0.9353
90 1.2284 0.5778 36.0000 0.4265
95 1.1866 0.5052 42.5000 0.6719
79 1.1546 0.6203 26.0000 0.4751
