63 1.2319 0.7381 16.0000 0.6968
63 1.1531 0.7619 15.0000 0.9318
33 1.1933 0.5312 15.0000 0.6284
62 1.1919 0.6935 17.0000 0.2216
62 1.1978 0.7339 15.0000 0.3626
62 1.2077 0.7097 17.5000 0.3673
62 1.2077 0.7097 17.5000 0.3673
62 1.2001 0.7097 18.0000 0.3725
62 1.2077 0.7097 17.5000 0.3673
62 1.1862 0.7016 18.0000 0.3910
34 2.3216 0.3529 15.5000 0.2842
42 1.1386 0.7143 12.0000 0.7252
62 1.2086 0.7339 15.0000 0.4859
62 1.2242 0.6774 19.0000 0.3698
62 1.2086 0.7339 15.0000 0.4859
62 1.2242 0.6774 19.0000 0.3698
62 1.2086 0.7339 15.0000 0.4859
62 1.2242 0.6774 19.0000 0.3698
42 1.1020 0.5952 17.0000 0.8493
41 1.3412 0.4615 18.0000 0.1250
42 1.1479 0.6190 14.0000 0.8474
46 1.2464 0.3409 26.0000 0.9205
33 1.1162 0.7812 8.0000 0.7960
46 1.2450 0.3636 26.5000 0.9072
42 1.2686 0.4625 19.0000 0.8569
20 1.1406 0.1667 8.0000 0.9324
62 1.1871 0.6885 17.0000 0.2632
62 1.1805 0.6721 18.0000 0.3187
19 1.1918 0.4118 7.0000 0.9225
62 1.1689 0.7419 14.0000 0.5481
62 1.1689 0.7419 14.0000 0.5481
62 1.1754 0.7419 16.0000 0.5262
62 1.1564 0.7823 13.0000 0.3725
62 1.1711 0.7823 13.0000 0.4079
62 1.1452 0.7903 13.0000 0.7910
46 1.2101 0.4545 24.0000 0.9205
88 1.2581 0.5682 36.0000 0.6652
88 1.2617 0.5682 35.0000 0.6475
46 1.2208 0.4674 23.0000 0.4348
14 1.0696 0.3333 9.0000 0.4789
46 1.1602 0.4545 23.0000 1.0000
46 1.2946 0.4773 21.5000 0.9205
46 1.2462 0.3522 26.0000 0.8519
46 1.2045 0.3636 26.0000 0.8939
46 1.2692 0.3864 25.0000 0.8939
46 1.2748 0.3409 27.5000 0.8939
64 1.2216 0.5469 26.5000 0.8592
45 1.1303 0.6744 16.0000 0.8800
46 1.1346 0.4773 23.0000 0.9603
42 1.1485 0.6667 14.0000 0.8799
42 1.1523 0.6667 14.0000 0.8157
32 1.1523 0.7188 9.0000 0.8324
44 1.1888 0.7381 13.0000 0.8725
42 1.1797 0.6429 15.0000 0.7252
42 1.2199 0.7619 10.0000 0.8040
42 1.1629 0.7857 9.0000 0.7252
42 1.1205 0.5952 17.0000 0.9113
42 1.1585 0.5000 19.0000 0.8399
42 1.2768 0.5833 16.5000 0.8015
42 1.3120 0.4625 19.0000 0.7310
44 1.1892 0.6136 17.0000 0.6019
42 1.2391 0.6905 12.0000 0.9059
33 1.2214 0.5323 11.5000 0.3872
33 1.1339 0.3871 17.0000 0.8401
33 1.2351 0.4516 15.0000 0.7957
42 1.4285 0.4762 17.5000 0.5680
42 1.1816 0.6667 14.0000 0.8157
19 1.2867 0.4412 9.0000 0.8597
84 1.2313 0.5476 35.5000 0.4662
16 1.1248 0.3333 9.5000 0.6916
60 1.2236 0.5614 24.0000 0.7426
60 1.2277 0.5603 25.0000 0.8172
41 1.4092 0.4211 20.0000 0.1246
86 1.1762 0.6511 28.5000 0.6238
92 1.2487 0.4511 42.0000 0.9563
92 1.2622 0.3913 45.0000 0.9407
88 1.1981 0.4659 42.0000 0.9558
92 1.2391 0.4239 43.0000 0.9424
88 1.2230 0.5114 38.5000 0.9545
88 1.2490 0.3921 41.0000 0.9334
81 1.1825 0.5494 36.0000 0.9369
16 1.2075 0.3571 9.0000 0.9079
16 1.2623 0.6250 5.0000 0.9220
91 1.1681 0.6111 34.0000 0.9107
92 1.1854 0.6196 31.0000 0.8916
91 1.2005 0.5275 39.0000 0.9044
91 1.2132 0.5824 36.0000 0.8379
65 1.2418 0.5703 25.0000 0.8496
16 1.2849 0.4375 8.0000 0.9220
16 1.3239 0.4375 8.0000 0.9220
82 1.2025 0.5610 32.0000 0.4558
923 1.4042 0.7161 249.0000 0.4289
73 1.1246 0.8561 10.5000 0.4737
11 1.4104 0.2727 8.0000 0.7610
73 1.2467 0.6301 25.5000 0.4877
73 1.2569 0.6301 25.5000 0.4877
184 1.4566 0.3424 103.0000 0.5452
22 1.2249 0.0455 17.0000 0.7745
22 1.2683 0.1364 15.0000 0.6067
22 1.1140 0.0455 11.0000 0.9466
28 1.1086 0.3462 13.0000 0.9560
70 1.3288 0.3030 39.0000 0.8295
74 1.2724 0.3357 42.0000 0.9657
72 1.2679 0.3529 36.5000 0.8576
70 1.2254 0.3824 36.0000 0.8882
70 1.2849 0.4470 34.0000 0.8881
72 1.2286 0.3824 36.0000 0.8554
70 1.2700 0.3333 39.0000 0.9060
74 1.2741 0.2857 44.0000 0.9657
70 1.3281 0.3485 37.0000 0.9060
74 1.2740 0.3000 43.0000 0.9657
86 1.1908 0.6337 30.0000 0.5407
87 1.2419 0.5805 33.0000 0.6889
86 1.1848 0.6395 30.0000 0.4939
86 1.2411 0.5756 32.0000 0.7992
86 1.2382 0.5698 35.5000 0.8131
82 1.1850 0.5915 32.5000 0.6202
86 1.1425 0.5698 34.0000 0.6704
87 1.2342 0.5919 32.5000 0.7853
86 1.2201 0.6047 32.5000 0.7572
86 1.1883 0.5698 31.0000 0.6665
86 1.1848 0.6395 29.0000 0.7838
86 1.2102 0.5465 34.0000 0.7780
86 1.1896 0.6279 30.5000 0.8002
87 1.2581 0.5459 32.5000 0.7994
86 1.1982 0.5988 31.0000 0.7934
85 1.2002 0.5706 32.0000 0.4891
86 1.2355 0.6047 32.5000 0.7736
87 1.2269 0.5517 33.0000 0.8132
86 1.1321 0.6829 29.0000 0.8352
86 1.1532 0.7073 27.0000 0.8352
86 1.1770 0.5814 34.0000 0.7616
86 1.1303 0.5988 33.0000 0.7829
42 1.1081 0.6190 16.0000 0.8157
42 1.1555 0.6585 14.0000 0.5143
43 1.2606 0.5834 16.5000 0.1293
20 1.1992 0.3000 14.0000 0.8921
20 1.2276 0.4750 10.5000 0.8921
20 1.1919 0.4000 12.0000 0.8921
20 1.2072 0.5000 10.0000 0.8921
20 1.2050 0.5000 10.0000 0.8921
20 1.1954 0.4000 12.0000 0.8921
98 1.1953 0.5969 36.5000 0.8420
42 1.1472 0.6786 13.5000 0.8157
84 1.1773 0.6548 27.5000 0.5305
46 1.2870 0.3409 27.0000 0.9205
65 1.3196 0.3443 33.5000 0.0859
82 1.1521 0.7561 20.0000 0.4347
82 1.1488 0.6829 24.5000 0.6278
42 1.1256 0.7143 12.0000 0.7252
11 1.4135 0.3000 7.0000 0.6857
44 1.1488 0.5909 17.0000 0.7520
16 1.1249 0.3333 7.0000 0.5721
16 1.1162 0.2667 8.0000 0.8128
16 1.1353 0.2000 9.0000 1.0000
16 1.1472 0.2667 8.0000 0.8128
16 1.1328 0.2000 9.0000 1.0000
16 1.1042 0.3333 8.0000 1.0000
16 1.1596 0.2667 7.0000 1.0000
16 1.1286 0.5333 7.0000 0.3917
42 1.2001 0.7143 11.0000 0.9059
67 1.3142 0.4615 35.0000 0.9442
39 1.2304 0.4722 20.0000 0.9379
63 1.1426 0.6667 21.0000 0.5827
63 1.1699 0.6667 21.0000 0.8515
20 1.1847 0.2778 10.0000 0.8605
20 1.1282 0.2778 11.0000 0.9324
20 1.1623 0.3333 13.0000 0.4905
20 1.1979 0.3333 10.0000 0.9324
21 1.1175 0.6000 9.0000 0.8615
20 1.1361 0.5500 7.0000 0.6688
42 1.1581 0.6667 14.0000 0.8484
41 1.2013 0.4634 18.0000 0.5654
47 1.2209 0.5212 22.0000 0.9254
47 1.2315 0.5106 21.0000 0.9254
46 1.2556 0.5217 21.0000 0.9254
48 1.3235 0.4688 24.5000 0.9254
40 1.1793 0.4872 18.0000 0.7838
46 1.2633 0.5000 21.5000 0.6744
46 1.2695 0.3913 23.0000 0.5280
46 1.2407 0.3913 24.0000 0.8548
46 1.3019 0.4783 23.0000 0.5939
47 1.3777 0.3404 25.0000 0.7058
47 1.4539 0.3617 24.5000 0.7017
47 1.4945 0.3830 24.0000 0.7991
15 1.1200 0.0000 9.0000 0.8063
55 1.5511 0.2778 37.0000 0.2869
84 1.2033 0.5595 35.0000 0.5944
83 1.2597 0.5121 34.5000 0.6485
62 1.1934 0.6774 19.0000 0.3725
62 1.1864 0.7016 18.0000 0.3910
60 1.6288 0.2373 43.0000 0.3149
59 1.4627 0.2632 42.0000 0.2871
61 1.7641 0.3500 37.5000 0.5116
61 1.8792 0.3333 38.0000 0.6378
62 1.2086 0.7339 15.0000 0.4859
62 1.2242 0.6774 19.0000 0.3698
87 1.2822 0.5517 37.0000 0.5337
87 1.2504 0.5344 39.0000 0.5553
87 1.2196 0.5919 35.5000 0.2247
87 1.2392 0.5230 40.0000 0.4824
87 1.2326 0.5287 40.0000 0.4231
87 1.2340 0.5230 40.0000 0.4920
84 1.2492 0.5535 37.0000 0.5587
84 1.2826 0.6071 32.0000 0.6659
84 1.2341 0.5595 33.5000 0.4965
84 1.2361 0.6072 33.0000 0.5019
84 1.3175 0.5893 34.5000 0.5525
84 1.2666 0.5595 33.0000 0.6929
84 1.2978 0.5893 34.0000 0.5976
84 1.2706 0.5595 34.0000 0.6852
84 1.2768 0.6548 29.0000 0.6646
84 1.3203 0.6190 30.5000 0.6392
84 1.2496 0.5952 32.0000 0.5248
84 1.2802 0.5952 32.0000 0.5149
30 1.3402 0.3704 17.0000 0.9341
28 1.3465 0.4615 12.5000 0.9340
26 1.4320 0.4583 13.5000 0.8629
85 1.3067 0.5823 34.0000 0.2510
85 1.3198 0.5176 40.0000 0.3222
84 1.2842 0.6071 32.0000 0.4970
84 1.2946 0.5714 33.0000 0.6258
83 1.2381 0.5181 37.0000 0.2611
83 1.2900 0.5482 34.5000 0.3216
83 1.2589 0.5422 35.0000 0.4666
20 1.1378 0.1000 10.0000 0.6149
18 1.0840 0.4706 9.0000 0.9320
28 1.2773 0.5000 14.0000 1.0000
29 1.2539 0.3462 17.0000 1.0000
28 1.2838 0.4400 14.0000 0.9339
27 1.3610 0.3800 15.0000 0.9339
28 1.2980 0.3462 16.0000 0.9340
28 1.2735 0.4231 15.0000 0.9340
28 1.3273 0.4231 15.0000 0.9340
75 1.1423 0.7094 20.5000 0.5873
73 1.1244 0.8561 10.5000 0.4737
40 1.3261 0.4872 18.0000 0.6116
31 1.5059 0.4000 22.5000 1.0000
60 1.5132 0.2373 43.0000 0.2339
60 1.5405 0.2373 43.0000 0.2112
12 1.1278 0.4167 6.0000 0.3234
45 1.1572 0.2791 26.0000 0.8938
45 1.2232 0.2326 25.0000 0.9217
45 1.2151 0.2326 27.0000 0.9741
60 1.7792 0.2373 41.0000 0.2872
60 1.7447 0.2203 42.0000 0.2656
45 1.2582 0.2093 28.0000 0.8938
45 1.1906 0.1976 29.0000 0.8938
158 1.5521 0.4777 68.0000 0.1172
17 1.7796 0.5294 7.0000 0.4896
87 1.2136 0.6149 33.5000 0.5843
40 1.2918 0.3684 19.0000 0.6773
73 1.1644 0.8356 12.0000 0.4149
18 1.1378 0.3750 10.0000 0.9092
16 1.2442 0.6786 6.5000 0.3315
16 1.2241 0.7143 6.0000 1.0000
73 1.1165 0.8287 11.5000 0.6286
73 1.1155 0.8082 13.0000 0.4959
91 1.2573 0.5495 36.5000 0.6029
73 1.1208 0.8972 7.5000 0.2108
91 1.2344 0.4396 41.0000 0.7837
73 1.0895 0.8493 11.0000 0.4959
91 1.1855 0.5659 38.0000 0.6540
73 1.1908 0.6712 22.0000 0.5399
62 1.1968 0.6613 20.0000 0.6540
73 1.2532 0.6438 25.0000 0.4840
73 1.2751 0.6506 24.0000 0.4859
40 1.4156 0.3590 18.0000 0.6421
99 1.3498 0.6061 34.0000 0.6219
254 1.3688 0.5906 87.5000 0.6033
229 1.7416 0.5284 95.0000 0.4521
42 1.2821 0.5128 19.5000 0.8008
25 1.1759 0.5652 10.0000 0.7961
25 1.2143 0.6957 8.0000 0.7961
25 1.1515 0.5652 11.0000 0.6652
25 1.2254 0.6304 9.0000 0.9111
22 1.1920 0.3409 12.0000 0.9334
83 1.1768 0.6627 26.0000 0.5827
85 1.1583 0.6588 27.0000 0.6172
82 1.1579 0.6951 24.5000 0.6397
83 1.1582 0.7073 24.0000 0.6007
169 1.2752 0.4911 78.0000 0.3672
910 1.5627 0.6829 267.0000 0.1949
146 1.2541 0.4521 72.0000 0.5304
20 1.2403 0.5000 9.0000 0.9324
15 1.1752 0.0769 9.0000 0.8063
59 1.5551 0.1897 46.0000 0.2338
59 1.5610 0.1724 46.0000 0.2482
73 1.1362 0.8493 11.0000 0.4737
73 1.1271 0.8904 8.0000 0.4742
73 1.0911 0.8630 10.0000 0.2106
73 1.1134 0.8356 12.0000 0.6821
73 1.1125 0.8425 11.5000 0.6448
73 1.1344 0.8356 12.0000 0.4635
103 1.3871 0.6990 28.0000 0.6159
40 1.4713 0.4231 22.0000 0.8938
40 1.2314 0.4474 19.0000 0.6773
40 1.2501 0.4474 19.0000 0.5927
40 1.2145 0.3333 21.0000 0.7696
40 1.2568 0.3333 20.0000 0.8320
40 1.2645 0.3333 21.0000 0.8320
40 1.2149 0.3590 21.0000 0.8320
40 1.2812 0.3333 20.0000 0.8320
44 1.1864 0.8214 9.5000 0.8637
44 1.1607 0.7381 10.0000 0.8799
101 1.3218 0.7228 23.0000 0.6282
103 1.3515 0.6990 28.5000 0.6808
41 1.2229 0.6829 13.0000 0.4275
42 1.1895 0.5238 19.0000 0.4918
295 1.5189 0.5864 109.0000 0.6887
176 1.2603 0.4461 87.0000 0.4896
296 1.3997 0.5456 122.5000 0.4882
59 1.6425 0.2069 45.0000 0.2338
29 1.3249 0.4615 14.0000 0.9340
12 1.2554 0.2500 8.0000 0.3234
12 1.2892 0.2500 8.0000 0.3234
12 1.3291 0.2500 8.0000 0.3234
12 1.2283 0.2500 8.0000 0.3234
12 1.1525 0.5833 5.0000 0.3234
12 1.1576 0.1667 8.0000 0.3234
12 1.2903 0.1667 8.0000 0.7353
12 1.2210 0.2500 8.0000 0.3234
12 1.1826 0.1667 8.0000 0.7353
45 1.1536 0.2619 24.0000 0.9741
87 1.2784 0.5057 38.0000 0.5692
87 1.2495 0.5523 37.5000 0.5881
95 1.1959 0.5745 40.0000 0.8819
238 1.4138 0.5483 94.0000 0.5980
95 1.6853 0.4211 43.0000 0.5143
95 1.6323 0.4316 43.0000 0.3978
13 1.2297 0.3333 7.0000 0.8597
13 1.2737 0.4167 8.0000 0.8597
64 1.2128 0.5312 26.5000 0.6815
64 1.2239 0.5312 27.5000 0.6290
64 1.2510 0.4531 31.5000 0.8278
28 1.2420 0.5714 11.0000 0.6671
29 1.2589 0.4483 12.5000 0.5244
29 1.2029 0.6552 10.0000 0.2153
41 1.3490 0.5122 18.0000 0.7698
87 1.2004 0.5919 35.0000 0.4814
621 1.8431 0.5402 244.5000 0.0905
621 1.8352 0.5394 239.5000 0.1041
19 1.1490 0.1667 9.0000 0.8507
40 1.3670 0.5789 16.5000 0.7986
40 1.3340 0.4615 17.0000 0.7192
40 1.3551 0.4869 17.0000 0.9122
157 1.3353 0.6815 43.5000 0.3628
157 1.3678 0.6593 46.0000 0.3307
163 1.2115 0.4596 74.0000 0.7812
97 1.1983 0.6392 34.0000 0.8701
23 1.1492 0.5217 7.0000 0.5729
386 1.7049 0.5026 167.0000 0.4707
18 1.2069 0.4444 8.0000 0.9324
19 1.1168 0.3684 11.0000 0.8094
14 1.1973 0.2308 10.0000 0.8607
25 1.1013 0.5200 12.0000 1.0000
25 1.1013 0.5200 12.0000 1.0000
25 1.1446 0.6400 9.0000 1.0000
25 1.1137 0.4000 12.0000 0.8424
25 1.2782 0.3600 14.0000 0.3996
25 1.1945 0.3600 15.0000 0.9114
34 1.3001 0.2941 22.0000 0.9121
923 1.6884 0.5471 379.5000 0.4501
923 1.6646 0.5032 411.0000 0.3499
29 1.2403 0.5344 12.0000 1.0000
26 1.2237 0.5833 11.0000 0.7965
26 1.2241 0.6041 11.0000 0.9113
26 1.2239 0.6041 11.0000 0.9113
217 1.5255 0.5599 89.0000 0.3535
458 1.2862 0.8690 59.0000 0.3784
54 1.3971 0.3611 29.0000 0.7388
43 1.1976 0.4651 20.0000 0.7858
25 1.2162 0.6000 9.0000 0.6731
62 1.1500 0.6694 19.0000 0.5460
20 1.0965 0.3500 13.0000 1.0000
20 1.1041 0.4000 12.0000 1.0000
20 1.1783 0.3500 13.0000 1.0000
20 1.1309 0.4000 12.0000 1.0000
19 1.1523 0.4737 10.0000 1.0000
43 1.2898 0.4419 22.0000 0.8641
98 1.1784 0.5612 39.5000 0.6874
55 1.8643 0.4400 26.0000 0.8158
55 1.6669 0.5000 25.0000 0.6346
63 1.2194 0.3934 32.0000 0.9374
944 1.4373 0.6352 322.0000 0.4202
944 1.3723 0.6581 302.5000 0.3451
402 1.1345 0.8930 41.0000 0.4844
109 1.6107 0.4679 54.0000 0.7497
130 1.8101 0.4193 67.0000 0.6660
20 1.1685 0.2105 10.0000 0.2741
98 1.2647 0.6042 32.5000 0.7789
146 1.1676 0.7808 32.0000 0.6050
453 1.1027 0.8996 44.0000 0.5585
146 1.1536 0.8425 22.5000 0.7299
453 1.1254 0.8996 44.0000 0.5271
54 1.2921 0.3519 29.5000 0.9503
85 1.1561 0.5059 40.0000 0.4424
87 1.2012 0.5344 39.5000 0.7122
472 1.1088 0.9608 18.5000 0.1013
927 1.3809 0.6969 269.0000 0.4261
924 1.3604 0.7110 256.5000 0.3959
924 1.3663 0.6932 271.0000 0.4164
924 1.3560 0.6991 267.0000 0.4403
924 1.3430 0.7078 260.5000 0.3928
924 1.3783 0.6905 274.0000 0.4150
924 1.3481 0.7089 254.5000 0.4080
64 1.2128 0.5312 26.5000 0.6815
79 1.5033 0.5823 30.0000 0.4085
928 1.4421 0.7183 246.0000 0.3917
928 1.4021 0.7430 232.0000 0.3807
928 1.4013 0.7247 247.5000 0.4158
928 1.4752 0.6896 273.5000 0.3058
453 1.0815 0.9890 5.0000 0.5303
453 1.0737 0.9868 6.0000 0.4577
453 1.0726 0.9890 5.0000 0.4724
453 1.0713 0.9857 6.5000 0.4105
453 1.0797 0.9779 10.0000 0.4212
453 1.0775 0.9823 8.0000 0.4304
453 1.0963 0.9569 19.5000 0.5449
453 1.0846 0.9713 13.0000 0.3924
24 1.1809 0.2954 13.0000 0.9466
22 1.2266 0.1364 13.5000 0.8906
465 1.1370 0.8957 48.5000 0.4414
52 1.2875 0.4808 20.5000 0.9786
210 1.7797 0.5095 90.0000 0.4506
120 1.3045 0.3042 66.0000 0.9571
62 1.3019 0.5403 28.0000 0.5317
48 1.2659 0.6667 16.0000 0.5778
48 1.2425 0.6250 17.0000 0.5613
49 1.2986 0.4898 21.5000 0.6332
48 1.2715 0.5833 19.0000 0.6593
48 1.3738 0.5312 21.0000 0.5575
48 1.2651 0.6042 17.0000 0.4558
48 1.3196 0.4583 23.5000 0.8479
48 1.2516 0.5416 20.0000 0.9073
48 1.2841 0.4792 22.0000 0.6425
48 1.2680 0.5625 17.0000 0.5821
36 1.4468 0.5143 18.0000 0.4052
98 1.1891 0.5357 42.5000 0.5965
50 1.1534 0.4600 26.0000 0.8371
44 1.2000 0.3095 23.0000 0.9741
944 1.3451 0.7296 246.0000 0.3258
84 1.1711 0.6489 29.0000 0.6204
65 1.1131 0.5846 27.0000 0.8828
242 1.5865 0.2686 155.5000 0.4215
242 1.5742 0.2769 155.0000 0.4865
73 1.1294 0.7671 17.0000 0.4852
87 1.2102 0.5862 34.0000 0.6049
87 1.1701 0.6207 32.0000 0.6402
87 1.1641 0.6322 31.5000 0.5582
86 1.2843 0.4709 39.0000 0.6209
84 1.2112 0.4762 40.0000 0.4016
51 1.2921 0.5600 21.0000 0.4450
51 1.2442 0.5612 21.0000 0.4069
51 1.2861 0.4800 25.0000 0.6977
51 1.2818 0.5196 22.5000 0.7033
51 1.3601 0.5098 24.0000 0.7071
51 1.3432 0.5098 23.0000 0.6770
51 1.2338 0.5098 25.0000 0.6241
51 1.3030 0.5100 21.0000 0.7031
51 1.2822 0.5000 23.0000 0.7483
51 1.2557 0.5392 22.5000 0.7241
51 1.2130 0.4510 27.0000 0.7078
51 1.3216 0.4902 24.0000 0.4866
51 1.3317 0.4902 24.0000 0.6888
51 1.2509 0.5196 24.0000 0.7684
924 1.3649 0.6948 269.5000 0.4088
86 1.2231 0.4419 40.0000 0.6250
86 1.2675 0.5058 37.0000 0.5446
13 1.6825 0.3077 8.0000 0.6945
14 1.2858 0.3214 9.5000 0.9079
14 1.2761 0.2857 10.0000 0.9079
14 1.5080 0.0714 12.0000 0.9079
14 1.3997 0.1429 12.0000 0.9079
15 1.2692 0.3667 9.5000 0.9215
15 1.2397 0.0000 15.0000 0.9215
15 1.2973 0.0667 13.5000 0.9215
15 1.2919 0.0000 14.5000 0.8239
34 1.2265 0.3824 18.0000 0.5919
35 1.2898 0.5429 16.0000 0.6280
46 1.3380 0.4130 23.5000 0.3130
35 1.2220 0.5143 16.0000 0.5921
32 1.3016 0.6875 10.0000 0.8403
31 1.2421 0.6452 11.0000 0.7575
32 1.1615 0.7656 7.5000 0.7578
32 1.1156 0.6875 10.0000 0.8002
73 1.1746 0.6232 25.0000 0.3810
73 1.1105 0.7671 16.0000 0.4398
73 1.0944 0.8219 13.0000 0.4737
73 1.1330 0.8151 13.5000 0.4140
73 1.0943 0.8219 13.0000 0.4737
73 1.1156 0.6849 22.0000 0.4538
73 1.1429 0.7740 16.5000 0.5176
75 1.2856 0.4200 40.0000 0.8024
42 1.2613 0.4524 22.0000 0.9363
42 1.2948 0.4286 21.0000 0.8664
42 1.2445 0.4524 22.0000 0.8363
42 1.2439 0.5476 16.5000 0.9677
909 1.4037 0.6931 266.5000 0.3806
941 1.4801 0.6785 286.0000 0.3660
947 1.4327 0.7112 256.5000 0.3879
946 1.3455 0.7817 199.5000 0.3315
946 1.3407 0.7822 197.0000 0.3703
946 1.3534 0.7913 190.5000 0.3967
946 1.3383 0.8003 182.0000 0.3592
70 1.1906 0.6000 27.0000 0.3111
621 1.8482 0.5103 244.0000 0.1402
37 1.3313 0.3514 19.0000 0.3266
949 1.3098 0.8261 158.5000 0.3715
949 1.3166 0.8314 158.5000 0.3647
949 1.3291 0.8098 171.0000 0.3418
447 1.2770 0.8121 84.0000 0.2957
35 1.2025 0.4412 18.0000 0.8747
85 1.1845 0.6353 28.0000 0.3936
90 1.2505 0.5389 37.0000 0.8718
90 1.2041 0.5055 37.0000 0.8860
90 1.2306 0.5111 36.0000 0.5892
90 1.2509 0.4889 42.0000 0.6310
90 1.2024 0.5500 36.0000 0.8779
86 1.1530 0.7209 23.0000 0.3624
42 1.1383 0.4750 20.0000 0.9447
57 1.3769 0.2456 34.0000 0.8441
58 1.4549 0.2586 34.0000 0.6765
58 1.3844 0.3103 30.0000 0.5365
58 1.4570 0.2759 34.0000 0.7326
130 1.3257 0.6211 43.5000 0.7708
63 1.2494 0.3306 33.0000 0.9281
63 1.2527 0.3226 33.0000 0.9281
62 1.6439 0.4098 32.0000 0.9144
58 1.4055 0.2931 33.0000 0.5187
58 1.4139 0.3707 29.5000 0.5601
17 1.1859 0.1875 10.0000 0.8099
17 1.2039 0.1875 8.0000 0.9092
66 1.6272 0.4394 32.0000 0.9091
61 1.5316 0.4333 31.0000 0.8730
63 1.5785 0.3651 35.0000 0.9131
66 1.5842 0.3939 36.0000 0.9091
66 1.6462 0.3788 36.0000 0.8920
174 1.5559 0.4080 87.0000 0.6110
118 1.3773 0.4322 62.0000 0.7350
118 1.3407 0.3898 65.0000 0.6468
55 1.2416 0.4905 26.5000 0.9044
55 1.2481 0.3636 28.5000 0.8164
90 1.2281 0.4278 41.0000 0.6208
55 1.2434 0.3091 30.0000 0.8465
55 1.2791 0.4727 27.5000 0.8832
55 1.3062 0.4818 26.0000 0.8292
73 1.1294 0.7671 17.0000 0.4852
949 1.3293 0.8182 165.5000 0.3831
37 1.3641 0.3889 18.0000 0.5925
38 1.3830 0.4460 19.0000 0.5266
239 1.5034 0.5272 99.5000 0.3889
498 1.0966 0.9598 18.5000 0.3731
64 1.2626 0.4844 30.0000 0.8609
457 1.0690 0.9803 9.0000 0.4993
481 1.0661 0.9854 7.0000 0.4838
457 1.0661 0.9869 6.0000 0.4670
457 1.0615 0.9869 6.0000 0.4913
737 1.3958 0.5875 276.5000 0.4910
802 1.3792 0.6066 286.5000 0.4628
853 1.3759 0.6395 284.5000 0.4703
844 1.3560 0.6665 263.5000 0.4599
886 1.3495 0.6664 271.0000 0.4641
881 1.3454 0.6447 292.5000 0.4382
469 1.1685 0.8529 66.5000 0.3218
63 1.1885 0.4262 31.0000 0.9817
47 1.2373 0.2766 34.0000 0.8629
62 1.2342 0.3000 30.5000 0.9543
881 1.2319 0.7293 218.5000 0.6319
66 1.6595 0.4766 31.0000 0.8485
104 1.2645 0.3922 54.0000 0.9899
120 1.2766 0.3898 57.5000 0.9913
80 1.2521 0.4872 35.0000 0.9866
104 1.2853 0.4118 50.0000 0.9899
120 1.2786 0.4830 58.5000 0.9913
80 1.2719 0.4744 37.0000 0.9866
69 1.3555 0.3333 39.0000 0.6223
69 1.4021 0.3333 41.0000 0.6500
69 1.4022 0.2899 40.0000 0.6390
69 1.3887 0.3188 39.5000 0.6058
69 1.3835 0.3478 40.0000 0.6804
69 1.3949 0.3768 39.0000 0.5642
69 1.4146 0.3550 39.5000 0.5573
69 1.4309 0.3623 40.0000 0.5722
69 1.3817 0.3623 37.5000 0.6485
69 1.4189 0.3478 39.5000 0.6240
68 1.3587 0.3456 39.0000 0.6395
72 1.4132 0.2986 45.0000 0.5977
72 1.3788 0.2917 47.0000 0.5183
72 1.4013 0.2986 45.0000 0.5975
72 1.3504 0.2917 46.5000 0.5735
87 1.2048 0.5765 35.5000 0.8908
61 1.5659 0.4333 30.5000 0.9125
52 1.2713 0.3462 26.0000 1.0000
52 1.2440 0.3462 25.0000 1.0000
52 1.2427 0.3462 25.0000 1.0000
52 1.2427 0.3462 25.0000 1.0000
52 1.2427 0.3462 25.0000 1.0000
52 1.2667 0.4712 24.0000 0.9324
52 1.2748 0.2115 27.0000 0.9353
90 1.1653 0.5889 36.5000 0.5794
95 1.4922 0.4947 43.5000 0.7030
79 1.1795 0.5507 31.0000 0.7637
