63 1.2121 0.6984 17.0000 0.5404
63 1.2322 0.6508 20.5000 0.5870
33 1.2702 0.5312 16.0000 0.8674
62 1.1740 0.8871 7.0000 0.3642
62 1.1988 0.8710 8.0000 0.3675
62 1.2355 0.8387 10.0000 0.4448
62 1.2355 0.8387 10.0000 0.4448
62 1.2357 0.8387 10.0000 0.4448
62 1.2355 0.8387 10.0000 0.4448
62 1.2352 0.8387 10.0000 0.4448
34 1.8590 0.4118 17.5000 0.2842
34 1.8679 0.3088 16.5000 0.2842
34 1.9349 0.3824 19.0000 0.2842
42 1.2218 0.6429 13.5000 0.9417
62 1.1909 0.8306 10.5000 0.3841
62 1.2033 0.8306 10.5000 0.2933
62 1.1909 0.8306 10.5000 0.3841
62 1.2033 0.8306 10.5000 0.2933
62 1.1909 0.8306 10.5000 0.3841
62 1.2033 0.8306 10.5000 0.2933
42 1.1764 0.7976 8.5000 0.9417
42 1.2155 0.7143 12.0000 0.7252
46 1.2388 0.3978 26.0000 0.9218
33 1.1991 0.6250 13.0000 0.8552
46 1.2334 0.4091 23.0000 0.9218
42 1.2367 0.5250 18.0000 0.7546
20 1.1158 0.5556 10.0000 0.9324
62 1.2013 0.8197 12.0000 0.2152
62 1.2122 0.8115 12.5000 0.3274
19 1.1724 0.6471 6.5000 0.9225
62 1.2342 0.8710 8.0000 0.3729
62 1.2342 0.8710 8.0000 0.3729
62 1.2153 0.7581 12.5000 0.5229
62 1.2616 0.7984 11.5000 0.4409
62 1.2864 0.7581 15.0000 0.3626
62 1.2052 0.8710 8.0000 0.5246
46 1.2858 0.4091 26.0000 0.9218
88 1.2470 0.5000 38.0000 0.6584
88 1.2150 0.5682 33.0000 0.4782
46 1.2267 0.4565 22.0000 0.5276
14 1.2292 0.3750 8.0000 0.4789
46 1.2625 0.3636 25.0000 0.9249
46 1.2569 0.3863 26.0000 0.9218
46 1.2546 0.2841 25.0000 0.9218
46 1.2784 0.3636 24.5000 0.9218
46 1.3315 0.4204 24.0000 0.9218
46 1.2872 0.2955 27.5000 0.9205
64 1.2026 0.5859 25.0000 0.6006
45 1.1890 0.7209 14.0000 0.7518
46 1.2168 0.4432 22.0000 0.8930
42 1.1541 0.7143 12.0000 0.7252
42 1.1415 0.7500 10.5000 0.7252
32 1.1794 0.7969 6.5000 0.8324
44 1.2000 0.6190 18.0000 0.7842
42 1.2413 0.5952 16.0000 0.9417
42 1.2046 0.7143 12.0000 0.7356
42 1.2542 0.7143 12.0000 0.9417
42 1.1635 0.5595 17.0000 0.9417
42 1.1881 0.6429 15.0000 0.7469
42 1.2133 0.5714 16.0000 0.7252
42 1.2227 0.4750 18.0000 0.8249
44 1.2065 0.6250 16.5000 0.7619
42 1.1762 0.6548 14.0000 0.8107
33 1.2839 0.4839 16.0000 0.6251
33 1.3504 0.6452 11.0000 0.3872
33 1.4000 0.5484 15.0000 0.4100
42 1.3579 0.4762 19.5000 0.5150
42 1.1774 0.7738 9.5000 0.9113
19 1.2960 0.2647 12.5000 0.8597
84 1.2679 0.5833 33.0000 0.3352
16 1.1395 0.2500 11.0000 0.8044
60 1.2523 0.5263 28.0000 0.7624
60 1.2648 0.4828 29.0000 0.7164
41 1.3624 0.4474 19.5000 0.2634
86 1.1948 0.6802 26.5000 0.9072
92 1.2532 0.5435 36.5000 0.9485
92 1.3044 0.5272 40.5000 0.7866
88 1.2285 0.5114 40.0000 0.6544
92 1.3116 0.5435 40.0000 0.9278
88 1.3695 0.5909 34.0000 0.9321
88 1.2867 0.4829 41.0000 0.7803
81 1.2270 0.4753 41.0000 0.9369
16 1.2164 0.1429 10.0000 0.9079
16 1.5009 0.5625 7.0000 0.9220
91 1.2488 0.5500 38.5000 0.8561
92 1.1973 0.5543 37.5000 0.8882
91 1.2490 0.5165 39.0000 0.8675
91 1.2046 0.5714 35.5000 0.8524
65 1.3329 0.5781 25.0000 0.8357
16 1.3605 0.7500 4.0000 0.9220
16 1.4628 0.6250 6.0000 0.9220
82 1.2412 0.4878 39.0000 0.7485
923 1.3344 0.7086 253.0000 0.3952
73 1.1445 0.8630 10.0000 0.4635
11 1.3910 0.1818 9.0000 0.7610
73 1.2232 0.6712 24.0000 0.4903
73 1.2248 0.6438 24.5000 0.4962
184 1.4577 0.3614 95.0000 0.4125
22 1.3482 0.1137 16.0000 0.9466
22 1.4659 0.3182 15.0000 0.5587
22 1.2260 0.2727 12.0000 0.9466
28 1.2795 0.3846 15.0000 0.9560
70 1.3037 0.4091 32.0000 0.8469
74 1.3641 0.4714 34.0000 0.9657
72 1.3582 0.4265 36.0000 0.9125
70 1.4540 0.3824 33.5000 0.8713
70 1.3976 0.4091 34.5000 0.8881
72 1.4359 0.4412 35.0000 0.8554
70 1.3489 0.3788 33.0000 0.8469
74 1.3760 0.4429 36.0000 0.9657
70 1.3668 0.4091 33.0000 0.8295
74 1.3433 0.4000 37.0000 0.9657
86 1.2462 0.5872 34.5000 0.5143
87 1.2948 0.5402 35.5000 0.8132
86 1.2358 0.5465 38.0000 0.5307
86 1.2607 0.5698 33.0000 0.8282
86 1.2580 0.4709 42.0000 0.8473
82 1.2477 0.5244 31.0000 0.7523
86 1.2523 0.5698 36.0000 0.5981
87 1.2712 0.5919 32.5000 0.7240
86 1.2240 0.5930 35.0000 0.6755
86 1.2645 0.5698 33.0000 0.8003
86 1.2345 0.5988 33.5000 0.7934
86 1.2957 0.5930 30.0000 0.7571
86 1.2277 0.5814 35.0000 0.5182
87 1.2932 0.5747 35.0000 0.8067
86 1.2464 0.5756 35.0000 0.5844
85 1.2915 0.5294 36.5000 0.5601
86 1.2092 0.5988 33.5000 0.4721
87 1.2685 0.5459 36.0000 0.7683
86 1.2283 0.5549 35.0000 0.7271
86 1.2352 0.5610 36.0000 0.9064
86 1.1740 0.6744 27.0000 0.9095
86 1.2290 0.6570 27.0000 0.9406
42 1.1757 0.7619 10.0000 0.8646
42 1.0976 0.7805 10.0000 0.2479
20 1.4682 0.3000 13.0000 0.8921
20 1.4448 0.3000 12.0000 0.8921
20 1.4869 0.3500 12.0000 0.8921
20 1.4305 0.3250 12.0000 0.8921
20 1.4316 0.3500 12.0000 0.8921
20 1.4247 0.3000 12.0000 0.8921
98 1.2192 0.5459 44.0000 0.8564
42 1.1911 0.6190 16.0000 0.8216
84 1.2093 0.7024 23.0000 0.7646
46 1.2306 0.4545 23.5000 0.9218
65 1.3965 0.5820 25.5000 0.1079
82 1.2553 0.6829 24.5000 0.6519
82 1.2267 0.6098 31.0000 0.5909
42 1.2445 0.7976 8.5000 0.8816
11 1.3913 0.2000 6.0000 0.6857
44 1.1816 0.5909 18.0000 0.7257
16 1.2279 0.4667 7.0000 0.8128
16 1.3426 0.3333 8.0000 0.4866
16 1.2924 0.4000 8.0000 0.3917
16 1.2582 0.4000 8.0000 0.4866
16 1.3736 0.4667 8.0000 0.8128
16 1.3157 0.4333 8.5000 0.3917
16 1.2293 0.4000 8.0000 0.3917
16 1.1821 0.4000 9.0000 0.3917
42 1.1381 0.5714 18.0000 0.7666
67 1.3203 0.4000 35.0000 0.8505
39 1.2432 0.5556 16.0000 0.8885
63 1.1444 0.7381 16.5000 0.9048
63 1.2045 0.7302 17.0000 0.7658
20 1.1921 0.3889 11.0000 0.9324
20 1.2314 0.3889 9.5000 0.9324
20 1.3803 0.3055 11.0000 0.9324
20 1.1400 0.5000 10.0000 0.9324
21 1.2885 0.3500 9.0000 0.8615
20 1.2518 0.4000 10.0000 0.8102
42 1.1769 0.6429 14.5000 0.9417
41 1.1710 0.7317 11.0000 0.2339
47 1.4442 0.3617 25.0000 0.7577
47 1.4322 0.3510 26.0000 0.8562
46 1.4123 0.3587 25.5000 0.8052
48 1.4272 0.3542 27.0000 0.8284
40 1.2645 0.6282 14.0000 0.8103
46 1.4851 0.3043 26.5000 0.6744
46 1.3718 0.3587 24.0000 0.6855
46 1.4501 0.4239 22.5000 0.6683
46 1.4768 0.3696 26.0000 0.5630
47 1.3719 0.3191 26.0000 0.7058
47 1.4318 0.4043 25.0000 0.5982
47 1.3481 0.4468 23.0000 0.5940
15 1.2557 0.3077 8.0000 0.8063
55 1.5546 0.1945 43.0000 0.2869
84 1.2588 0.5416 34.0000 0.5386
83 1.3054 0.4940 36.0000 0.5671
62 1.2022 0.8145 11.5000 0.3535
62 1.2352 0.8387 10.0000 0.4448
60 1.5926 0.2203 45.0000 0.3149
59 1.4060 0.2281 45.0000 0.2871
61 1.7066 0.2167 40.5000 0.7478
61 1.7903 0.1916 40.0000 0.6378
62 1.1909 0.8306 10.5000 0.3841
62 1.2033 0.8306 10.5000 0.2933
87 1.2781 0.5230 37.0000 0.5982
87 1.2043 0.5172 38.0000 0.5251
87 1.2647 0.5747 34.0000 0.5954
87 1.2044 0.4656 39.5000 0.4323
87 1.2247 0.5344 36.0000 0.6849
87 1.2517 0.5459 36.0000 0.5730
84 1.2277 0.6190 30.5000 0.5467
84 1.2202 0.5416 35.5000 0.7209
84 1.3054 0.5952 30.0000 0.5741
84 1.2997 0.5357 35.0000 0.6919
84 1.2706 0.6548 27.5000 0.6194
84 1.2790 0.5179 37.0000 0.5190
84 1.2665 0.6548 27.5000 0.5899
84 1.2499 0.5000 37.0000 0.3916
84 1.2693 0.6370 29.0000 0.3987
84 1.2861 0.5238 36.5000 0.6152
84 1.2590 0.6310 30.0000 0.5372
84 1.2759 0.4643 39.0000 0.4579
30 1.6091 0.4074 18.0000 0.8794
28 1.7472 0.2692 17.5000 0.9670
26 1.6811 0.4167 13.5000 0.8629
85 1.3222 0.6177 31.0000 0.2459
85 1.3482 0.5647 32.0000 0.6320
84 1.2771 0.6310 30.0000 0.3437
84 1.2889 0.5238 36.5000 0.4767
83 1.3155 0.5422 33.0000 0.2084
83 1.3991 0.5603 34.5000 0.5988
83 1.2528 0.5362 37.0000 0.4359
20 1.3209 0.3500 11.0000 0.5274
18 1.3730 0.2941 10.0000 0.9320
28 1.5120 0.3077 17.0000 0.9670
29 1.6530 0.3462 17.0000 0.9670
28 1.5288 0.3200 17.0000 0.9339
27 1.6652 0.3200 17.0000 0.9017
28 1.5800 0.3077 19.0000 0.9340
28 1.4964 0.4231 16.0000 0.9670
28 1.5675 0.3269 18.0000 0.9340
75 1.2047 0.7027 22.0000 0.5940
73 1.1446 0.8630 10.0000 0.4635
40 1.4573 0.2692 22.0000 0.7192
31 1.6117 0.3000 19.0000 0.3990
60 1.6041 0.2203 45.0000 0.2339
60 1.7985 0.2034 40.0000 0.4314
12 1.1289 0.8333 2.0000 0.3234
45 1.3790 0.2791 28.0000 0.9078
45 1.2896 0.3720 25.0000 0.9741
45 1.2864 0.3953 25.0000 0.9741
60 1.8007 0.2373 39.0000 0.3846
60 2.0550 0.2881 37.0000 0.3761
45 1.2901 0.2907 28.0000 0.9476
45 1.3014 0.2558 29.5000 0.9476
158 1.6337 0.4777 69.5000 0.0884
17 1.6585 0.5294 8.0000 0.4896
87 1.2157 0.5517 35.0000 0.6843
40 1.5508 0.2895 22.0000 0.6773
73 1.2089 0.8082 14.0000 0.4197
18 1.1676 0.4375 9.0000 0.2680
16 1.3458 0.4286 9.0000 0.6997
16 1.2995 0.3571 10.0000 1.0000
73 1.1490 0.9246 5.5000 0.4959
73 1.1745 0.8904 8.0000 0.4959
91 1.2831 0.4835 40.0000 0.8932
73 1.1774 0.9041 7.0000 0.5064
91 1.2939 0.4835 43.0000 0.9099
73 1.1488 0.9178 6.0000 0.4959
91 1.2435 0.5165 43.0000 0.6081
73 1.2613 0.5616 32.0000 0.5181
62 1.2371 0.7097 17.0000 0.3837
73 1.2346 0.6370 24.5000 0.4901
73 1.2148 0.6643 24.0000 0.4962
40 1.4988 0.2692 22.0000 0.8721
99 1.5092 0.5556 37.0000 0.4624
254 1.6545 0.5374 104.5000 0.5349
229 1.6341 0.4236 112.5000 0.4800
42 1.5085 0.2436 24.5000 0.7444
25 1.4031 0.5217 11.0000 0.7961
25 1.1839 0.6957 8.0000 0.7961
25 1.3433 0.5217 11.0000 0.6652
25 1.3849 0.5217 12.0000 0.9111
22 1.3179 0.1137 12.0000 0.9334
83 1.2188 0.6867 26.0000 0.6043
85 1.2060 0.7176 24.0000 0.5985
82 1.1776 0.7500 20.5000 0.6038
83 1.2122 0.8171 15.5000 0.5333
169 1.3096 0.4911 80.0000 0.4481
910 1.4433 0.6429 304.0000 0.2231
146 1.2683 0.4726 70.5000 0.5922
20 1.2351 0.3333 13.0000 0.9324
15 1.2980 0.3077 9.0000 0.8063
59 1.6376 0.2069 42.5000 0.5885
59 1.5588 0.1983 45.0000 0.6589
73 1.1412 0.9041 7.0000 0.4737
73 1.1494 0.8493 11.0000 0.4635
73 1.1104 0.9246 5.5000 0.4847
73 1.1243 0.8972 7.5000 0.4737
73 1.1203 0.9041 7.0000 0.4737
73 1.1681 0.8767 8.5000 0.4635
103 1.4188 0.6553 33.5000 0.5751
40 1.4053 0.4615 19.0000 0.8938
40 1.4418 0.2105 24.0000 0.7191
40 1.4253 0.2105 25.0000 0.7283
40 1.4878 0.3590 20.5000 0.8008
40 1.4252 0.3333 21.0000 0.8320
40 1.4415 0.3333 21.0000 0.8008
40 1.4547 0.3205 20.5000 0.7235
40 1.4836 0.3590 20.0000 0.6774
44 1.1998 0.5952 17.0000 0.6632
44 1.1726 0.6667 14.0000 0.8799
101 1.4163 0.6485 34.0000 0.5056
103 1.4356 0.6360 34.0000 0.4425
41 1.1993 0.5122 19.0000 0.7077
42 1.2516 0.5000 18.5000 0.7080
295 1.5238 0.4847 126.5000 0.6414
176 1.3010 0.4233 87.0000 0.5022
296 1.4989 0.4544 145.0000 0.5258
59 1.9402 0.1897 45.0000 0.4779
29 1.8077 0.3462 17.0000 0.9340
12 1.2994 0.1667 8.0000 0.3234
12 1.3731 0.2500 8.0000 0.3234
12 1.2969 0.1667 8.0000 0.3234
12 1.3160 0.1667 8.0000 0.3234
12 1.2613 0.5000 5.0000 0.3234
12 1.2086 0.4167 7.0000 0.6969
12 1.3519 0.2500 8.0000 0.3234
12 1.2551 0.4167 7.0000 0.6969
12 1.1758 0.2500 8.0000 0.3234
45 1.3238 0.4524 22.0000 0.9608
87 1.3282 0.5459 37.0000 0.4008
87 1.2466 0.5349 37.0000 0.6010
95 1.2121 0.5532 39.5000 0.7964
238 1.5220 0.5210 101.5000 0.7041
95 1.5649 0.4421 45.0000 0.3889
95 1.5243 0.4105 49.0000 0.2298
13 1.3083 0.4167 7.5000 0.9299
13 1.3136 0.5000 7.0000 1.0000
64 1.2761 0.4141 32.5000 0.6689
64 1.2322 0.4219 30.0000 0.3489
64 1.3189 0.5156 29.0000 0.4565
28 1.1712 0.4286 14.0000 0.6671
29 1.3653 0.4828 14.0000 0.6080
29 1.3089 0.3103 16.0000 0.1787
41 1.5830 0.5610 17.0000 0.7698
87 1.1825 0.5747 35.0000 0.7435
621 1.9845 0.5684 224.5000 0.2046
621 1.9812 0.5709 224.5000 0.1983
19 1.3166 0.1111 9.0000 0.8507
40 1.5406 0.2895 22.0000 0.6890
40 1.5035 0.2308 24.0000 0.9123
40 1.6572 0.2895 21.0000 0.7443
157 1.4007 0.6815 42.0000 0.2712
157 1.3831 0.6688 45.5000 0.3433
163 1.2746 0.4534 80.0000 0.8143
97 1.2307 0.6650 31.0000 0.7258
23 1.4341 0.3043 13.0000 0.2788
386 1.4127 0.5350 153.5000 0.4344
18 1.2849 0.4444 8.0000 0.9324
19 1.2303 0.4211 11.0000 0.8768
14 1.1716 0.5385 7.0000 0.3279
25 1.2845 0.6400 8.0000 0.8301
25 1.2845 0.6400 8.0000 0.8301
25 1.2868 0.7200 7.0000 1.0000
25 1.3341 0.6400 9.0000 1.0000
25 1.3999 0.6400 8.5000 0.4645
25 1.3191 0.6600 8.5000 0.7255
34 1.3378 0.4706 17.0000 0.8395
923 1.4903 0.5585 364.0000 0.3700
923 1.5195 0.5011 407.5000 0.4546
29 1.3810 0.5862 12.0000 0.9118
26 1.2145 0.7917 6.0000 0.7965
26 1.2396 0.7917 6.0000 0.9113
26 1.2396 0.7917 6.0000 0.9113
217 1.5196 0.5461 90.0000 0.5204
458 1.2234 0.8810 54.0000 0.4333
54 1.4355 0.3148 27.0000 0.7115
43 1.3502 0.3140 21.0000 0.7099
25 1.1697 0.3600 12.0000 0.5717
62 1.2015 0.8065 12.0000 0.4448
20 1.4148 0.4000 12.0000 1.0000
20 1.3324 0.3000 12.0000 1.0000
20 1.3877 0.4500 11.0000 1.0000
20 1.4034 0.4500 11.0000 1.0000
19 1.2206 0.6316 7.0000 0.9327
43 1.3107 0.2791 24.0000 0.8033
98 1.2072 0.5918 34.5000 0.5441
55 1.5021 0.2000 30.0000 0.5884
55 1.5391 0.2264 28.0000 0.4442
63 1.2803 0.4672 31.0000 0.9467
944 1.5041 0.6145 337.0000 0.4065
944 1.4758 0.6405 314.5000 0.3842
402 1.2275 0.8420 63.0000 0.3751
109 1.3237 0.4266 51.5000 0.5439
130 1.5003 0.3808 71.0000 0.5657
20 1.3095 0.2895 12.0000 0.2281
98 1.3686 0.5521 41.0000 0.7261
146 1.2379 0.8082 28.0000 0.7755
453 1.1721 0.8852 52.0000 0.4410
146 1.2563 0.7945 30.0000 0.7982
453 1.2000 0.8698 57.5000 0.4932
54 1.4211 0.5185 22.0000 0.9065
85 1.2369 0.5353 37.0000 0.4362
87 1.2281 0.5977 33.0000 0.5741
472 1.1187 0.9640 17.0000 0.0932
927 1.3451 0.6990 267.0000 0.3832
924 1.3425 0.6894 274.5000 0.3593
924 1.3393 0.6878 271.5000 0.3619
924 1.3257 0.6959 270.0000 0.3051
924 1.3367 0.6991 267.0000 0.3703
924 1.3398 0.6926 271.0000 0.4223
924 1.3437 0.6953 267.5000 0.3646
64 1.2761 0.4141 32.5000 0.6689
79 1.3661 0.5696 31.0000 0.4984
928 1.3273 0.7123 251.0000 0.4025
928 1.3331 0.7123 255.0000 0.4012
928 1.3620 0.7090 257.0000 0.3654
928 1.3939 0.6848 274.5000 0.3252
453 1.1064 0.9757 11.0000 0.5441
453 1.1073 0.9801 9.0000 0.4471
453 1.1027 0.9757 11.0000 0.4794
453 1.1040 0.9735 12.0000 0.5357
453 1.1071 0.9790 9.5000 0.5015
453 1.1031 0.9757 11.0000 0.4622
453 1.1089 0.9713 13.0000 0.4899
453 1.1177 0.9680 14.5000 0.4059
24 1.2682 0.2500 10.0000 0.9466
22 1.3253 0.4545 11.0000 0.9466
465 1.1683 0.8860 51.0000 0.5151
52 1.4084 0.3173 26.0000 0.9677
210 1.3582 0.5238 83.0000 0.4380
120 1.4222 0.3042 79.0000 0.9831
62 1.4404 0.1855 41.0000 0.5223
48 1.2219 0.6042 18.5000 0.8209
48 1.2180 0.5833 19.0000 0.8209
49 1.2820 0.5714 19.5000 0.8872
48 1.2620 0.5104 22.0000 0.8479
48 1.2477 0.5000 19.0000 0.8806
48 1.2673 0.5521 20.0000 0.8806
48 1.2121 0.4375 21.0000 0.1154
48 1.2827 0.5208 20.0000 0.7612
48 1.2593 0.5208 21.0000 0.5469
48 1.2212 0.5417 19.0000 0.8806
36 1.5648 0.2143 24.0000 0.4052
98 1.2487 0.4796 47.0000 0.6285
50 1.2214 0.5300 21.0000 0.8371
44 1.3192 0.3333 23.0000 0.9476
944 1.3693 0.7026 270.5000 0.4227
84 1.2327 0.5595 35.5000 0.5373
65 1.2565 0.6231 23.5000 0.9507
242 1.4606 0.3513 128.5000 0.3275
242 1.4548 0.3492 127.5000 0.3733
73 1.1415 0.8699 9.5000 0.5064
71 1.2405 0.2714 52.0000 0.0723
87 1.2235 0.6092 31.5000 0.6406
87 1.1762 0.5862 30.0000 0.5786
87 1.1881 0.6437 29.0000 0.6521
86 1.2684 0.4186 40.5000 0.5996
84 1.2794 0.4881 41.0000 0.5180
51 1.2948 0.4000 24.0000 0.5757
51 1.3391 0.4694 24.0000 0.7310
51 1.2282 0.4600 27.0000 0.8626
51 1.3793 0.4118 25.0000 0.7033
51 1.3076 0.4510 23.5000 0.6859
51 1.3553 0.3725 26.0000 0.7071
51 1.3135 0.4412 23.5000 0.7630
51 1.2279 0.3800 29.0000 0.7548
51 1.2534 0.4400 24.0000 0.6848
51 1.2595 0.3725 26.5000 0.8165
51 1.3150 0.4118 23.5000 0.6967
51 1.2811 0.4020 28.5000 0.8317
51 1.2602 0.4314 23.5000 0.8752
51 1.3107 0.3725 26.0000 0.8310
924 1.3373 0.6932 271.5000 0.3549
86 1.2414 0.4884 38.5000 0.6197
86 1.2890 0.4709 42.0000 0.6253
13 1.3296 0.3077 7.0000 0.6945
14 1.3342 0.3571 9.0000 0.9079
14 1.3552 0.4286 8.0000 0.9079
14 1.2575 0.2143 11.0000 0.9079
14 1.1739 0.4286 8.0000 0.9079
15 1.2790 0.5333 7.0000 0.9215
15 1.3900 0.4667 8.0000 0.9215
15 1.3546 0.3333 9.0000 0.9215
15 1.3904 0.5333 7.0000 0.8239
34 1.3424 0.5147 14.0000 0.6638
35 1.3122 0.5429 13.0000 0.6767
46 1.5225 0.3478 26.0000 0.3634
35 1.3739 0.4857 16.0000 0.7429
32 1.1828 0.6250 11.0000 0.8927
31 1.1602 0.6613 10.0000 0.8501
32 1.1267 0.6250 12.0000 0.8503
32 1.1697 0.6562 11.0000 0.8503
73 1.1536 0.7671 17.0000 0.3679
73 1.1488 0.8630 10.0000 0.4847
73 1.1386 0.7876 14.5000 0.4635
73 1.1543 0.8356 12.0000 0.4140
73 1.1386 0.7876 14.5000 0.4635
73 1.1296 0.7671 17.0000 0.4538
73 1.1673 0.6575 25.0000 0.7910
75 1.3788 0.3667 43.0000 0.7944
42 1.3277 0.3095 28.0000 0.8727
42 1.3781 0.4286 24.0000 0.9020
42 1.2953 0.3928 23.5000 0.8727
42 1.3975 0.3690 24.5000 0.9510
909 1.5139 0.6705 281.5000 0.3309
941 1.5308 0.6626 297.0000 0.3674
947 1.5103 0.7038 269.5000 0.3499
946 1.3196 0.7542 221.0000 0.3836
946 1.3175 0.7600 221.0000 0.3795
946 1.3327 0.7574 223.0000 0.3863
946 1.3243 0.7685 213.5000 0.3940
70 1.2466 0.5071 30.0000 0.3619
621 1.9466 0.5244 238.0000 0.1519
37 1.4018 0.3919 20.0000 0.2893
949 1.2942 0.7739 209.0000 0.3701
949 1.3029 0.7697 208.5000 0.3651
949 1.2906 0.7692 208.5000 0.3849
447 1.3171 0.7908 87.5000 0.2753
35 1.2692 0.4118 15.0000 0.9113
85 1.2913 0.6118 30.0000 0.7294
90 1.2580 0.4556 45.0000 0.8570
90 1.3321 0.4667 43.0000 0.8948
90 1.3300 0.5277 39.5000 0.8782
90 1.2738 0.5222 38.0000 0.7955
90 1.2642 0.5000 42.5000 0.9096
86 1.2195 0.6686 28.0000 0.8631
42 1.3321 0.4000 22.0000 0.9447
57 1.5520 0.2807 33.0000 0.4819
58 1.6088 0.2931 33.5000 0.4924
58 1.5414 0.3103 35.0000 0.4958
58 1.5774 0.3103 33.5000 0.4861
130 1.4309 0.5977 49.0000 0.8114
63 1.3192 0.3548 37.0000 0.9467
63 1.3326 0.3548 37.0000 0.9374
62 1.3734 0.3033 37.0000 0.9251
58 1.5728 0.3103 34.5000 0.5429
58 1.6222 0.3017 33.0000 0.5349
17 1.2666 0.3750 8.0000 0.8099
17 1.3855 0.5000 9.0000 0.9092
66 1.3744 0.5076 31.0000 0.9319
61 1.3731 0.3833 35.0000 0.8987
63 1.4379 0.3651 36.0000 0.8899
66 1.4036 0.3333 39.0000 0.9038
66 1.3534 0.3106 40.0000 0.8772
174 1.3653 0.4396 87.5000 0.3414
118 1.5267 0.3941 62.0000 0.5862
118 1.4438 0.2923 65.0000 0.5276
55 1.3458 0.3490 29.0000 0.8765
55 1.3588 0.3818 30.0000 0.8351
90 1.2072 0.6000 33.5000 0.7769
55 1.4084 0.4455 27.0000 0.8465
55 1.3556 0.3818 29.5000 0.9033
55 1.3867 0.3273 29.5000 0.8893
73 1.1416 0.8699 9.5000 0.5064
949 1.3060 0.7708 211.5000 0.3561
37 1.3816 0.3611 21.0000 0.5925
38 1.3904 0.3514 21.0000 0.6112
239 1.4824 0.4728 108.5000 0.4070
498 1.1300 0.9408 29.0000 0.5271
64 1.2586 0.4453 31.0000 0.3677
457 1.1089 0.9759 11.0000 0.4918
481 1.1066 0.9709 14.0000 0.5233
457 1.1039 0.9781 10.0000 0.4757
457 1.1069 0.9748 11.5000 0.4706
737 1.3588 0.5712 290.5000 0.5123
802 1.4262 0.5761 308.0000 0.4662
853 1.3794 0.6137 300.0000 0.5043
844 1.4088 0.6428 277.0000 0.4509
886 1.4206 0.6580 284.0000 0.4444
881 1.3841 0.6198 304.5000 0.3862
469 1.2620 0.8411 71.5000 0.5292
63 1.2948 0.4180 34.0000 0.9637
47 1.4423 0.2340 34.5000 0.7910
62 1.2927 0.4167 30.0000 0.9448
881 1.2439 0.7412 215.0000 0.6032
66 1.4362 0.3516 36.5000 0.8809
104 1.3983 0.4510 50.5000 0.9899
120 1.4180 0.3601 72.5000 0.9913
80 1.3500 0.4167 40.0000 0.9866
104 1.3973 0.4265 57.5000 0.9899
120 1.3853 0.3729 70.0000 0.9913
80 1.3760 0.4423 39.0000 0.9866
69 1.3809 0.3478 41.0000 0.3221
69 1.3864 0.4058 38.5000 0.5019
69 1.3908 0.3841 39.5000 0.5713
69 1.3792 0.3623 40.5000 0.4979
69 1.3981 0.4203 37.0000 0.5421
69 1.4053 0.3913 39.5000 0.5474
69 1.3830 0.3913 39.0000 0.5104
69 1.4058 0.4348 36.0000 0.4467
69 1.4086 0.3768 39.0000 0.5803
69 1.3866 0.3913 38.0000 0.5602
68 1.4322 0.4265 36.0000 0.6400
72 1.3990 0.3889 40.0000 0.5265
72 1.3800 0.4167 38.0000 0.5472
72 1.3859 0.3889 39.0000 0.5472
72 1.3715 0.4375 38.0000 0.6073
87 1.2728 0.5647 36.0000 0.7462
61 1.3890 0.3500 35.0000 0.8771
52 1.4202 0.3750 27.5000 1.0000
52 1.5137 0.3846 28.0000 1.0000
52 1.5144 0.3846 28.0000 1.0000
52 1.5144 0.3846 28.0000 1.0000
52 1.5144 0.3846 28.0000 1.0000
52 1.3857 0.3942 27.0000 0.9324
52 1.3632 0.3846 26.0000 0.9353
90 1.2954 0.5222 34.0000 0.6924
95 1.2947 0.5211 43.0000 0.7853
79 1.1827 0.6709 26.0000 0.7982
