63 1.2164 0.6984 19.0000 0.4124
63 1.1523 0.6349 20.0000 0.3061
33 1.2715 0.7188 10.0000 0.4845
62 1.1727 0.7581 15.0000 0.7985
62 1.1188 0.7581 15.0000 0.5514
62 1.1811 0.7097 18.0000 0.5080
62 1.1811 0.7097 18.0000 0.5080
62 1.1810 0.7097 18.0000 0.5080
62 1.1813 0.7097 18.0000 0.5080
62 1.1802 0.7097 18.0000 0.5080
34 1.6203 0.3824 19.0000 0.2842
34 1.4476 0.3823 19.0000 0.2842
34 1.5447 0.4412 17.0000 0.2842
42 1.2354 0.6667 14.0000 0.7873
62 1.1287 0.7500 15.5000 0.5379
62 1.1924 0.7339 16.5000 0.5549
62 1.1287 0.7500 15.5000 0.5379
62 1.1924 0.7339 16.5000 0.5549
62 1.1287 0.7500 15.5000 0.5379
62 1.1924 0.7339 16.5000 0.5549
42 1.2043 0.6429 15.0000 0.8816
42 1.1839 0.7024 12.0000 0.8799
46 1.3217 0.3182 26.0000 0.8925
33 1.2176 0.6562 11.0000 0.8365
46 1.3159 0.3182 26.5000 0.9205
42 1.2117 0.5625 17.0000 0.8569
20 1.2959 0.1111 12.0000 0.9324
62 1.1790 0.7213 18.0000 0.4830
62 1.1834 0.7213 17.5000 0.4959
19 1.1845 0.4706 10.0000 0.8391
62 1.1701 0.7339 16.0000 0.5677
62 1.1701 0.7339 16.0000 0.5677
62 1.2104 0.6694 20.5000 0.5363
62 1.2277 0.7419 16.0000 0.5094
62 1.2203 0.7097 16.5000 0.5514
62 1.2313 0.8226 11.0000 0.4362
46 1.2801 0.2727 25.0000 0.9205
88 1.2382 0.5455 38.0000 0.4577
88 1.2118 0.5625 36.5000 0.5930
46 1.1940 0.4130 24.0000 0.7879
14 1.1414 0.4167 8.0000 0.4789
46 1.2604 0.3864 25.0000 0.8792
46 1.3187 0.3068 26.0000 0.8939
46 1.3170 0.2841 26.0000 0.9477
46 1.3337 0.2500 27.0000 0.9205
46 1.2933 0.2955 26.0000 0.9205
46 1.3068 0.3182 26.0000 0.8925
64 1.2210 0.5859 24.0000 0.6006
45 1.1702 0.7674 12.0000 0.8800
46 1.1948 0.4091 25.0000 0.8792
42 1.2319 0.6786 12.5000 0.7384
42 1.2066 0.6786 13.0000 0.7516
32 1.1406 0.6250 12.0000 0.7468
44 1.2075 0.6786 14.5000 0.9696
42 1.1783 0.6905 13.0000 0.9113
42 1.1356 0.8333 7.0000 0.8399
42 1.1729 0.7143 12.0000 0.8645
42 1.1787 0.6548 14.5000 0.8811
42 1.1350 0.5714 16.0000 0.7469
42 1.1446 0.6667 14.0000 0.5630
42 1.1894 0.5250 16.0000 0.7962
44 1.1985 0.5909 16.0000 0.7399
42 1.1903 0.6429 15.0000 0.8745
33 1.2935 0.3871 16.0000 0.6575
33 1.2372 0.5484 16.0000 0.5943
42 1.2306 0.5357 17.0000 0.7546
42 1.1686 0.7381 11.0000 0.9113
19 1.1390 0.5882 9.0000 0.8597
84 1.2248 0.5833 34.0000 0.2530
41 1.5671 0.3333 21.0000 0.1625
41 1.5404 0.3333 24.0000 0.1079
16 1.0853 0.1667 11.0000 0.8044
60 1.2003 0.6228 22.0000 0.7704
41 1.3521 0.4231 18.0000 0.1009
60 1.2008 0.5603 24.0000 0.6499
41 1.4143 0.3158 21.5000 0.2030
86 1.1651 0.6686 28.5000 0.5598
92 1.2010 0.5272 40.5000 0.9558
92 1.2511 0.5489 40.0000 0.9391
88 1.2168 0.5625 36.5000 0.6194
92 1.2510 0.5489 37.5000 0.9209
88 1.2293 0.5341 39.0000 0.9699
88 1.2154 0.5909 33.0000 0.9331
81 1.1893 0.5123 38.0000 0.9369
16 1.1302 0.7143 6.0000 0.9079
16 1.1416 0.7500 4.0000 0.9220
91 1.1929 0.4444 45.0000 0.8524
92 1.1803 0.5380 37.0000 0.6806
91 1.1862 0.5000 43.0000 0.8967
91 1.2178 0.5604 36.5000 0.8242
65 1.2294 0.5781 26.0000 0.6643
16 1.1413 0.5625 7.0000 0.9220
16 1.3373 0.6250 6.0000 0.9220
82 1.1896 0.5976 31.5000 0.8386
923 1.3009 0.6891 267.5000 0.3781
73 1.1352 0.8972 7.0000 0.4737
11 1.4215 0.6364 4.0000 0.2756
73 1.2275 0.6438 25.5000 0.4840
73 1.2098 0.6575 24.5000 0.4783
184 1.4240 0.4103 88.5000 0.5233
22 1.2893 0.1364 15.0000 0.9466
22 1.1939 0.3182 13.0000 0.4116
22 1.2104 0.3636 9.0000 0.9466
28 1.1787 0.5385 13.0000 0.9560
70 1.2558 0.4242 30.0000 0.8295
74 1.2993 0.3857 34.0000 0.8609
72 1.2365 0.4265 34.0000 0.8958
70 1.2087 0.3898 35.5000 0.8713
70 1.3056 0.4697 30.5000 0.8971
72 1.2521 0.4706 31.0000 0.8882
70 1.2736 0.3940 30.0000 0.8475
74 1.3068 0.4143 35.0000 0.8609
70 1.3041 0.4849 28.5000 0.8654
74 1.3395 0.4357 33.5000 0.8609
86 1.1545 0.5698 32.5000 0.9012
87 1.2023 0.5632 36.0000 0.7536
86 1.1220 0.5465 32.0000 0.9012
86 1.1530 0.5930 35.0000 0.7825
86 1.1874 0.5523 35.0000 0.7850
82 1.1909 0.5610 32.5000 0.6202
86 1.1400 0.5465 32.0000 0.9012
87 1.1593 0.5977 34.0000 0.7616
86 1.1770 0.5698 32.0000 0.5627
86 1.1860 0.5872 34.5000 0.6910
86 1.2018 0.5814 31.0000 0.7781
86 1.1539 0.6047 33.0000 0.7332
86 1.1906 0.5756 33.0000 0.8202
87 1.1930 0.5632 35.0000 0.6921
86 1.1818 0.5930 33.0000 0.7430
85 1.2243 0.5765 33.5000 0.7615
86 1.1723 0.5698 33.0000 0.9012
87 1.1826 0.5805 35.0000 0.7643
86 1.1941 0.5671 36.0000 0.7510
86 1.1924 0.5854 35.0000 0.7435
86 1.2195 0.6395 31.0000 0.7512
86 1.1667 0.7093 24.5000 0.6820
42 1.2058 0.5952 16.0000 0.7252
42 1.1986 0.5854 16.0000 0.5587
43 1.1394 0.7143 12.0000 0.7287
20 1.4045 0.2500 11.0000 0.8921
20 1.4251 0.1750 12.0000 0.7228
20 1.4080 0.2500 11.0000 0.8921
20 1.3938 0.2500 11.0000 0.8921
20 1.4082 0.2500 12.0000 0.7228
20 1.4258 0.2750 11.0000 0.8921
98 1.1828 0.5918 36.0000 0.8920
42 1.2107 0.5952 17.0000 0.8493
84 1.1752 0.7381 22.0000 0.5132
46 1.2504 0.2613 26.0000 0.9205
65 1.3000 0.3115 36.0000 0.0859
82 1.1538 0.7134 23.5000 0.5425
82 1.2413 0.6951 25.0000 0.5678
42 1.1648 0.7381 11.0000 0.8803
11 1.5076 0.4000 6.0000 0.6857
44 1.1813 0.6364 16.0000 0.8495
16 1.3308 0.2667 7.0000 1.0000
16 1.3166 0.4000 8.0000 0.4910
16 1.3310 0.5666 6.0000 0.3917
16 1.4348 0.4667 8.0000 0.4866
16 1.1665 0.6000 6.0000 0.3917
16 1.2851 0.5333 7.0000 0.3917
16 1.3267 0.4000 9.0000 0.3917
16 1.3175 0.4667 8.0000 0.3917
42 1.1414 0.5238 20.0000 0.7469
67 1.3605 0.3923 35.0000 0.8505
39 1.2365 0.5000 21.0000 0.9053
63 1.1423 0.7143 18.0000 0.4594
63 1.1593 0.6825 20.0000 0.4484
20 1.1299 0.4444 10.0000 0.9324
20 1.0966 0.5000 10.0000 0.9324
20 1.2085 0.3334 13.0000 0.9324
20 1.2651 0.3611 10.0000 0.9324
21 1.2163 0.4500 10.5000 0.8615
20 1.1943 0.4250 10.0000 0.8102
42 1.2382 0.7381 10.5000 0.9113
41 1.2011 0.6707 13.5000 0.1229
47 1.3363 0.4043 27.0000 0.6969
47 1.3037 0.4043 27.0000 0.7111
46 1.3819 0.5544 20.5000 0.6389
48 1.3455 0.4167 27.0000 0.7774
40 1.1850 0.5128 14.0000 0.8640
46 1.3332 0.3913 23.0000 0.8940
46 1.3967 0.4348 23.0000 0.4715
46 1.3143 0.4565 20.5000 0.8940
46 1.3414 0.3913 24.0000 0.5939
47 1.2208 0.3830 25.0000 0.8158
47 1.2915 0.4894 23.0000 0.1964
47 1.3919 0.4894 24.0000 0.3141
15 1.1297 0.3077 8.0000 0.8063
55 1.3585 0.3055 30.5000 0.2869
84 1.2693 0.5535 34.0000 0.6124
83 1.2462 0.5663 32.0000 0.4154
62 1.1877 0.7258 17.0000 0.5677
62 1.1800 0.7097 18.0000 0.5080
60 1.3331 0.3220 32.0000 0.6730
59 1.3456 0.3509 31.0000 0.5142
61 1.3908 0.4000 33.0000 0.5568
61 1.4187 0.4250 32.0000 0.5460
62 1.1287 0.7500 15.5000 0.5379
62 1.1924 0.7339 16.5000 0.5549
87 1.2559 0.5402 36.0000 0.4938
87 1.2327 0.5862 33.0000 0.4538
87 1.2218 0.5402 38.0000 0.4778
87 1.2208 0.5344 36.0000 0.3782
87 1.2115 0.5517 35.0000 0.3417
87 1.2184 0.5344 36.0000 0.6072
84 1.2586 0.6071 31.0000 0.5248
84 1.2035 0.6548 29.0000 0.5521
84 1.2216 0.6190 29.0000 0.5854
84 1.2232 0.6489 28.5000 0.5406
84 1.2395 0.6190 29.0000 0.5927
84 1.2312 0.6130 31.0000 0.5160
84 1.2289 0.6310 29.0000 0.5899
84 1.2307 0.6310 29.5000 0.6268
84 1.2210 0.6250 29.0000 0.4405
84 1.2833 0.6071 32.0000 0.2911
84 1.2251 0.6130 31.0000 0.5067
84 1.2161 0.5714 34.5000 0.4296
30 1.2933 0.5556 13.0000 0.9341
28 1.2866 0.5769 12.0000 0.9340
26 1.1704 0.5417 11.0000 0.8121
85 1.2401 0.6412 28.5000 0.2510
85 1.2704 0.5647 35.0000 0.4064
84 1.2635 0.5833 32.0000 0.4259
84 1.1969 0.6130 32.0000 0.3153
83 1.2875 0.6024 30.0000 0.2507
83 1.2534 0.5723 33.0000 0.2853
83 1.2300 0.6265 30.5000 0.4764
20 1.2046 0.5500 7.5000 0.4836
18 1.2060 0.1765 8.0000 0.9320
28 1.2953 0.5385 13.0000 0.8560
29 1.2991 0.4615 14.0000 0.9340
28 1.3096 0.5200 14.0000 0.9339
27 1.3029 0.4800 14.0000 0.9339
28 1.2317 0.5000 12.0000 0.9340
28 1.2472 0.5000 12.5000 0.9340
28 1.2415 0.4615 13.0000 0.9340
75 1.2077 0.5878 26.5000 0.7710
73 1.1351 0.8972 7.0000 0.4737
40 1.3293 0.3846 20.0000 0.8320
31 1.6038 0.3500 23.5000 0.8638
60 1.3611 0.3135 33.0000 0.5532
60 1.3568 0.3051 32.0000 0.4754
12 1.0687 0.3333 7.0000 0.3234
45 1.2838 0.3140 25.0000 0.9217
45 1.2218 0.2791 25.0000 0.9217
45 1.2787 0.3721 24.0000 0.9217
60 1.2865 0.2373 35.0000 0.5079
60 1.3197 0.2881 34.0000 0.4695
45 1.2300 0.2791 25.0000 0.9217
45 1.3057 0.3140 26.0000 0.9217
158 1.3843 0.5287 64.5000 0.0990
17 1.9105 0.2647 12.5000 0.4896
87 1.2002 0.4943 40.0000 0.5843
40 1.3437 0.3684 20.0000 0.6114
73 1.1524 0.8082 14.0000 0.2861
18 1.1339 0.3750 8.0000 0.2680
16 1.1805 0.5000 9.0000 1.0000
16 1.1765 0.5000 8.0000 1.0000
73 1.1924 0.7808 14.0000 0.4440
73 1.1114 0.8630 8.0000 0.4852
91 1.2228 0.5165 41.0000 0.6663
73 1.1063 0.9041 6.0000 0.5010
91 1.2140 0.5220 37.5000 0.8999
73 1.1155 0.9178 5.0000 0.4959
91 1.2044 0.6044 35.5000 0.6855
73 1.1804 0.6712 20.0000 0.5620
62 1.1854 0.7581 15.0000 0.5802
73 1.1873 0.6438 26.0000 0.4259
73 1.2154 0.6438 26.0000 0.4458
40 1.3434 0.3333 23.0000 0.7192
99 1.2554 0.5455 38.0000 0.5216
254 1.4827 0.5413 106.0000 0.6128
229 1.4559 0.4519 105.5000 0.4335
42 1.4336 0.3333 25.0000 0.9252
25 1.1665 0.5652 10.0000 0.7247
25 1.2433 0.4783 12.0000 0.7961
25 1.1957 0.4131 13.5000 0.6652
25 1.1699 0.5000 11.5000 0.8703
22 1.1882 0.2273 11.0000 0.8623
83 1.1738 0.6988 24.0000 0.3393
85 1.2167 0.7059 23.5000 0.4022
82 1.1631 0.7805 18.0000 0.5678
83 1.1902 0.7622 20.5000 0.5322
169 1.4178 0.4586 75.0000 0.5220
910 1.4348 0.6901 260.0000 0.2520
146 1.3991 0.5000 67.0000 0.5294
20 1.2086 0.6111 9.0000 0.9324
15 1.1204 0.3077 9.0000 0.8063
59 1.3801 0.3103 34.0000 0.6304
59 1.4139 0.3448 33.5000 0.8009
73 1.1495 0.8630 7.5000 0.4686
73 1.1353 0.8904 8.0000 0.4635
73 1.1006 0.9041 4.0000 0.4847
73 1.1330 0.9041 5.0000 0.4737
73 1.1282 0.8836 6.0000 0.4737
73 1.1397 0.9452 4.0000 0.4534
103 1.3108 0.5874 41.0000 0.4747
40 1.2946 0.5256 14.5000 0.7987
40 1.3795 0.3947 20.0000 0.7443
40 1.3934 0.3947 20.5000 0.6735
40 1.4534 0.3077 21.0000 0.6774
40 1.4896 0.3333 22.0000 0.8320
40 1.4575 0.3077 22.0000 0.7696
40 1.4802 0.3590 20.0000 0.7696
40 1.4451 0.3205 21.0000 0.7922
44 1.1808 0.7143 14.0000 0.8799
44 1.1783 0.6905 14.0000 0.8474
101 1.3162 0.5743 39.0000 0.5838
103 1.2761 0.5631 42.0000 0.4631
41 1.2355 0.6829 13.0000 0.9058
42 1.1844 0.6310 14.0000 0.7469
295 1.3946 0.5186 125.5000 0.6648
176 1.3775 0.4091 86.0000 0.5920
296 1.4476 0.4899 133.5000 0.4446
59 1.4401 0.3103 35.0000 0.8158
29 1.3251 0.5000 13.0000 0.8792
12 1.2586 0.3333 7.0000 0.5101
12 1.4870 0.2500 8.0000 0.3234
12 1.4425 0.2500 7.0000 0.3234
12 1.3019 0.3333 7.0000 0.6969
12 1.1770 0.5000 6.0000 0.3234
12 1.1667 0.5000 6.0000 0.3234
12 1.2345 0.5000 6.0000 0.3234
12 1.1350 0.2500 7.0000 0.3234
45 1.2450 0.2619 24.5000 0.9476
87 1.1868 0.5287 38.0000 0.3881
87 1.2086 0.5174 35.5000 0.5657
95 1.1812 0.5373 43.0000 0.8132
238 1.4038 0.5315 89.0000 0.6911
95 1.3199 0.5263 38.0000 0.3589
95 1.3257 0.5790 34.5000 0.3341
13 1.2513 0.5000 7.0000 0.8597
13 1.2500 0.4167 8.0000 0.8597
64 1.2073 0.5625 24.5000 0.6119
64 1.1871 0.5781 23.0000 0.5814
64 1.2150 0.4844 26.0000 0.6564
28 1.2988 0.2500 16.0000 0.7474
28 1.3532 0.3571 16.0000 0.4035
29 1.3988 0.2069 16.0000 0.4413
41 1.3014 0.2317 25.5000 0.9253
87 1.1660 0.5805 32.0000 0.3145
621 1.8503 0.5040 264.0000 0.1645
621 1.7996 0.4863 267.5000 0.1305
19 1.1343 0.2222 11.0000 0.8507
40 1.3723 0.3421 23.0000 0.7889
40 1.3180 0.3333 23.0000 0.8320
40 1.3368 0.3290 23.0000 0.7124
157 1.3031 0.7229 39.5000 0.2862
157 1.2984 0.7197 41.5000 0.3190
163 1.2344 0.5062 73.0000 0.8215
97 1.1906 0.6855 29.0000 0.8285
23 1.3503 0.3043 13.0000 0.3046
386 1.4150 0.5674 146.0000 0.4309
18 1.2431 0.2222 9.5000 0.9324
19 1.1737 0.4737 9.0000 0.0858
14 1.2556 0.3077 10.0000 0.8607
25 1.1611 0.5200 12.0000 0.9243
25 1.1615 0.5200 12.0000 0.9243
25 1.2100 0.4000 13.0000 1.0000
25 1.1485 0.5200 12.0000 0.8424
25 1.2582 0.5200 12.0000 0.4286
25 1.2779 0.4400 13.5000 0.8424
34 1.2650 0.3382 20.0000 1.0000
923 1.5539 0.5510 377.0000 0.3983
923 1.4956 0.4973 410.5000 0.3389
29 1.3531 0.3793 16.0000 0.9118
26 1.2216 0.4583 15.0000 0.7965
26 1.1332 0.4167 16.0000 0.8298
26 1.1332 0.4167 16.0000 0.8298
217 1.3232 0.5760 86.5000 0.3728
458 1.1884 0.8646 60.0000 0.4045
54 1.3283 0.2685 32.0000 0.8042
43 1.2114 0.2675 25.0000 0.7683
25 1.2599 0.5200 9.0000 0.3942
62 1.1456 0.7903 13.0000 0.7822
20 1.2735 0.3000 13.5000 1.0000
20 1.2153 0.2750 14.0000 1.0000
20 1.2300 0.3000 14.0000 1.0000
20 1.1530 0.3500 13.0000 1.0000
19 1.2839 0.3947 10.5000 0.6539
43 1.3287 0.3372 24.0000 0.9248
98 1.1827 0.5714 41.5000 0.7098
55 1.3770 0.3396 28.0000 0.5371
63 1.2911 0.3443 31.5000 0.9467
944 1.5223 0.5901 355.0000 0.3749
944 1.5056 0.6124 337.5000 0.3325
402 1.1431 0.8756 48.5000 0.4884
109 1.2747 0.5138 47.0000 0.7827
130 1.3684 0.4346 64.5000 0.3982
20 1.1472 0.2632 13.0000 0.2741
98 1.3022 0.4583 49.0000 0.6770
146 1.2070 0.7671 34.0000 0.7074
453 1.1015 0.8841 50.0000 0.5877
146 1.1784 0.7945 30.0000 0.6741
453 1.1021 0.8841 50.5000 0.5530
54 1.1999 0.4630 26.0000 0.7855
85 1.2004 0.5176 38.0000 0.5714
87 1.2254 0.5632 35.5000 0.5602
472 1.0684 0.9820 8.5000 0.0874
927 1.3001 0.6726 285.5000 0.3312
924 1.3161 0.6748 286.0000 0.3534
924 1.3113 0.6688 287.5000 0.3324
924 1.3023 0.6732 284.0000 0.3810
924 1.2799 0.6818 276.0000 0.3113
924 1.3220 0.6694 285.5000 0.3154
924 1.3161 0.6704 287.0000 0.3471
64 1.2073 0.5625 24.5000 0.6119
79 1.2864 0.6013 28.5000 0.4008
928 1.3504 0.6784 283.5000 0.3421
928 1.3296 0.6869 273.5000 0.3623
928 1.3325 0.6832 278.5000 0.3155
928 1.3573 0.6616 296.0000 0.3514
453 1.0711 0.9669 15.0000 0.4186
453 1.0751 0.9724 12.5000 0.4333
453 1.0733 0.9757 11.0000 0.5892
453 1.0671 0.9691 14.0000 0.5930
453 1.0877 0.9492 23.0000 0.4465
453 1.0816 0.9603 17.5000 0.5209
453 1.0970 0.9448 25.0000 0.3557
453 1.0775 0.9558 20.0000 0.5192
24 1.2665 0.3636 11.5000 0.8906
22 1.2867 0.5000 10.0000 0.9466
465 1.1207 0.9172 37.0000 0.4804
52 1.3408 0.2885 29.0000 0.9567
210 1.4653 0.5286 87.0000 0.5248
120 1.2787 0.2125 81.5000 0.9614
62 1.2632 0.2177 43.5000 0.5223
48 1.2604 0.5833 19.0000 0.5147
48 1.2487 0.5417 21.0000 0.5391
49 1.2770 0.4592 23.5000 0.7810
48 1.3236 0.5208 19.0000 0.7801
48 1.2711 0.4792 21.0000 0.7612
48 1.2272 0.5208 20.0000 0.5224
48 1.2871 0.5208 20.5000 0.5575
48 1.2599 0.5208 21.0000 0.4438
48 1.2683 0.5208 20.0000 0.3959
48 1.2146 0.5625 20.5000 0.5070
36 1.4462 0.2857 21.0000 0.4052
98 1.2507 0.5357 38.5000 0.3333
50 1.2066 0.5200 22.5000 0.9003
44 1.2896 0.2619 26.0000 0.9476
944 1.3634 0.6691 300.5000 0.3210
84 1.2148 0.5952 32.5000 0.6164
65 1.2763 0.5846 26.0000 0.9385
242 1.4363 0.3099 135.0000 0.4691
242 1.4335 0.3058 135.0000 0.4057
73 1.1073 0.8151 9.5000 0.4955
87 1.2184 0.6035 30.5000 0.5953
87 1.2065 0.6035 32.0000 0.4283
87 1.1750 0.6149 32.0000 0.5935
86 1.2389 0.4302 41.0000 0.5973
84 1.1949 0.5595 35.0000 0.6044
51 1.2793 0.4400 25.5000 0.5268
51 1.2834 0.4286 26.0000 0.7103
51 1.2759 0.4300 26.0000 0.8174
51 1.2972 0.4216 27.0000 0.5603
51 1.2554 0.4020 27.0000 0.5912
51 1.3003 0.3823 29.0000 0.5193
51 1.2563 0.4314 25.5000 0.6937
51 1.2885 0.4200 25.0000 0.6520
51 1.2849 0.4600 26.0000 0.7801
51 1.2972 0.4118 29.0000 0.7137
51 1.2965 0.4020 26.5000 0.7577
51 1.3401 0.4314 27.0000 0.7170
51 1.3746 0.4020 28.0000 0.7078
51 1.2834 0.4020 28.0000 0.7071
924 1.3077 0.6650 288.0000 0.3276
86 1.2328 0.4535 37.5000 0.3920
86 1.2967 0.4593 38.0000 0.5221
14 1.3190 0.1429 12.0000 0.9079
14 1.1479 0.4286 8.0000 0.9079
14 1.0990 0.4286 8.0000 0.9079
14 1.0614 0.4286 8.0000 0.9079
15 1.2186 0.2000 12.0000 0.9215
15 1.1466 0.4667 8.0000 0.9215
15 1.4038 0.3000 10.0000 0.9215
15 1.3110 0.3333 10.0000 0.8239
34 1.2656 0.3824 18.0000 0.6638
35 1.2288 0.6286 12.5000 0.6639
46 1.3080 0.3696 24.0000 0.4535
35 1.2982 0.6143 12.0000 0.5807
32 1.1329 0.7188 9.0000 0.8927
31 1.2521 0.7097 9.0000 0.8501
32 1.1845 0.7656 7.5000 0.7578
32 1.2059 0.7500 8.0000 0.8002
73 1.1979 0.6712 21.0000 0.4157
73 1.1787 0.7602 16.5000 0.4795
73 1.1656 0.7534 15.5000 0.4792
73 1.1712 0.7191 18.0000 0.4046
73 1.1655 0.7534 15.5000 0.4792
73 1.1437 0.7602 17.5000 0.4852
73 1.2049 0.6643 24.5000 0.5491
75 1.3346 0.4133 40.5000 0.6451
42 1.2896 0.3571 25.5000 0.9839
42 1.2037 0.2857 27.0000 0.9020
42 1.3054 0.3333 27.0000 0.9677
42 1.2826 0.3214 27.5000 0.9343
909 1.2689 0.6573 294.5000 0.3080
941 1.3186 0.6631 299.0000 0.3382
947 1.3283 0.7159 259.0000 0.3716
946 1.2901 0.7235 248.0000 0.3527
946 1.3167 0.7157 254.0000 0.3569
946 1.3106 0.7321 241.5000 0.3766
946 1.3033 0.7347 240.5000 0.3831
70 1.2035 0.5571 27.0000 0.5328
621 1.8885 0.4888 266.5000 0.1758
37 1.4430 0.4865 17.0000 0.3266
949 1.2544 0.7529 228.0000 0.3996
949 1.2584 0.7460 231.5000 0.4194
949 1.2603 0.7545 225.0000 0.3800
447 1.1694 0.8311 74.0000 0.3448
35 1.2594 0.4412 19.0000 0.9526
85 1.2400 0.6000 29.0000 0.4172
90 1.2394 0.4333 46.0000 0.5302
90 1.2729 0.4889 40.0000 0.8654
90 1.2153 0.4444 40.0000 0.8446
90 1.2029 0.4889 40.0000 0.7663
90 1.2216 0.4945 41.0000 0.6400
86 1.1596 0.7442 22.0000 0.5796
42 1.2263 0.5250 19.0000 0.9447
57 1.3030 0.3158 31.0000 0.6851
58 1.3498 0.3793 31.0000 0.5643
58 1.3574 0.3966 32.0000 0.7109
58 1.3223 0.2759 34.0000 0.5580
130 1.3369 0.4922 56.0000 0.6715
63 1.2508 0.2581 36.0000 0.9281
63 1.2565 0.2661 36.0000 0.9281
62 1.3561 0.4426 31.0000 0.9263
58 1.3181 0.3190 32.0000 0.5897
58 1.3381 0.3621 31.0000 0.5187
17 1.3159 0.2500 11.0000 0.8596
17 1.2884 0.1875 10.0000 0.9092
66 1.3849 0.4242 32.0000 0.9106
61 1.3798 0.4000 32.0000 0.8730
63 1.3983 0.3095 34.5000 0.8990
66 1.4014 0.2803 38.0000 0.9298
66 1.4359 0.2954 37.5000 0.8881
174 1.4116 0.3276 90.5000 0.4902
118 1.3407 0.4279 61.0000 0.4517
118 1.3597 0.3517 66.5000 0.5355
55 1.3380 0.3679 28.0000 0.8913
55 1.3710 0.4000 27.0000 0.8724
90 1.2550 0.6000 31.0000 0.5201
55 1.3594 0.4545 27.0000 0.9045
55 1.2976 0.4727 25.0000 0.9033
55 1.2660 0.5273 24.0000 0.8746
73 1.1074 0.8151 9.5000 0.4955
949 1.2571 0.7502 230.5000 0.3878
37 1.3698 0.3195 21.0000 0.7044
38 1.2994 0.2432 24.0000 0.5644
239 1.3418 0.5167 103.0000 0.1917
498 1.1055 0.9478 25.0000 0.5981
64 1.2721 0.5625 24.5000 0.6200
457 1.0759 0.9737 12.0000 0.4808
481 1.0827 0.9709 14.0000 0.6467
457 1.0798 0.9759 11.0000 0.4741
457 1.0833 0.9694 14.0000 0.4321
737 1.2714 0.5556 289.0000 0.4504
802 1.3054 0.5817 298.5000 0.4799
853 1.2483 0.6097 303.0000 0.5197
844 1.2666 0.6321 287.0000 0.3814
886 1.3306 0.6450 294.0000 0.4105
881 1.2797 0.6039 316.5000 0.4799
469 1.1355 0.8454 69.5000 0.3788
63 1.3075 0.3934 33.0000 0.9637
47 1.2985 0.1702 38.5000 0.8306
62 1.2851 0.3250 35.0000 0.9637
881 1.1946 0.7230 231.5000 0.6018
66 1.3468 0.4297 33.0000 0.8990
104 1.2550 0.1176 78.0000 0.9899
120 1.2788 0.1144 88.0000 0.9825
80 1.2969 0.0961 62.0000 0.9866
104 1.2651 0.1520 74.0000 0.9899
120 1.2901 0.1906 85.5000 0.9913
80 1.3194 0.1667 61.0000 0.9866
69 1.3478 0.3043 42.0000 0.6322
69 1.3311 0.2754 43.0000 0.6520
69 1.3444 0.3043 43.0000 0.5416
69 1.3619 0.3188 43.0000 0.5469
69 1.3834 0.2754 42.0000 0.5825
69 1.3586 0.2899 43.0000 0.6141
69 1.3671 0.3043 42.0000 0.5789
69 1.3628 0.2899 42.0000 0.6141
69 1.3677 0.2971 42.0000 0.6479
69 1.3641 0.3043 42.0000 0.6141
68 1.3483 0.3088 42.0000 0.5468
72 1.3716 0.2709 46.0000 0.5294
72 1.3646 0.2917 46.0000 0.5625
72 1.3576 0.2917 44.0000 0.5625
72 1.3840 0.2778 46.5000 0.5561
87 1.2119 0.6588 29.0000 0.5795
61 1.3965 0.3916 32.0000 0.9000
52 1.2845 0.2308 31.0000 0.9786
52 1.2486 0.3462 30.0000 1.0000
52 1.2487 0.3462 30.0000 1.0000
52 1.2487 0.3462 30.0000 1.0000
52 1.2487 0.3462 30.0000 1.0000
52 1.2734 0.2308 30.0000 0.9200
52 1.2470 0.2692 29.0000 0.9324
90 1.2558 0.5167 37.0000 0.4983
95 1.2359 0.6105 34.0000 0.4333
79 1.1619 0.7848 16.5000 0.4927
