63 1.2515 0.6111 24.5000 0.4652
63 1.2215 0.5714 26.0000 0.4728
33 1.1324 0.6562 11.0000 0.5332
62 1.1665 0.6774 18.5000 0.3506
62 1.1892 0.7581 14.0000 0.3725
62 1.1876 0.6371 21.0000 0.4252
62 1.1875 0.6371 21.0000 0.4252
62 1.1878 0.6371 21.0000 0.4252
62 1.1878 0.6371 21.0000 0.4252
62 1.1877 0.6371 21.0000 0.4252
34 1.6817 0.4412 12.0000 0.2842
34 1.8638 0.4118 19.0000 0.2842
34 1.7481 0.4706 15.0000 0.2842
42 1.1638 0.5952 17.0000 0.9273
62 1.1642 0.7419 15.0000 0.4529
62 1.2124 0.7419 15.0000 0.3583
62 1.1642 0.7419 15.0000 0.4529
62 1.2124 0.7419 15.0000 0.3583
62 1.1642 0.7419 15.0000 0.4529
62 1.2124 0.7419 15.0000 0.3583
42 1.2026 0.5714 17.0000 0.7694
41 1.4740 0.4103 23.0000 0.2636
42 1.1946 0.6429 15.0000 0.7014
46 1.2016 0.3182 24.0000 0.9477
33 1.1467 0.7031 10.5000 0.6605
46 1.1882 0.3864 24.0000 0.9477
42 1.1425 0.6500 15.0000 0.8927
20 1.2713 0.1945 13.0000 0.9324
62 1.2160 0.7787 14.5000 0.2632
62 1.2232 0.7787 14.5000 0.2994
19 1.2465 0.5294 10.0000 0.8352
62 1.1823 0.7419 15.0000 0.2152
62 1.1823 0.7419 15.0000 0.2152
62 1.1952 0.7581 14.5000 0.4889
62 1.1593 0.7339 15.5000 0.4793
62 1.1637 0.6935 19.0000 0.3831
62 1.1593 0.7500 15.0000 0.5927
46 1.2881 0.4091 23.0000 0.9477
88 1.2085 0.5682 36.5000 0.6837
88 1.2279 0.5568 37.5000 0.6589
46 1.2254 0.4130 26.0000 0.7024
14 1.2618 0.4167 9.0000 0.4789
46 1.2548 0.4091 22.5000 0.9802
46 1.3411 0.4887 23.0000 0.9065
46 1.2990 0.3864 26.0000 0.8939
46 1.2535 0.3409 25.5000 0.9205
46 1.2510 0.5227 20.0000 0.9205
46 1.2136 0.4091 23.0000 0.8235
64 1.1894 0.5938 25.0000 0.7417
45 1.1790 0.6396 16.0000 0.5595
46 1.2123 0.5227 19.5000 1.0000
42 1.1249 0.6905 13.0000 0.7516
42 1.1120 0.6905 13.0000 0.7516
32 1.1883 0.5938 13.0000 0.7468
44 1.1693 0.6667 16.0000 0.9696
42 1.2039 0.5952 17.0000 0.9129
42 1.1696 0.7619 10.0000 0.8399
42 1.1704 0.4881 20.5000 0.9417
42 1.1947 0.4524 21.0000 0.9129
42 1.1663 0.5833 17.0000 0.7740
42 1.1928 0.5952 16.0000 0.6835
42 1.2035 0.6125 16.0000 0.8169
44 1.1657 0.5227 20.0000 0.6757
42 1.2366 0.5952 15.0000 0.8745
33 1.3715 0.4839 17.5000 0.4594
33 1.2356 0.4516 17.0000 0.5201
33 1.2397 0.4194 19.0000 0.5907
42 1.2990 0.4286 21.0000 0.6740
42 1.1697 0.7619 10.0000 0.9113
19 1.2551 0.2059 13.0000 0.8597
84 1.2866 0.6489 28.5000 0.5017
41 1.6989 0.4872 22.0000 0.1991
16 1.2340 0.3333 10.0000 0.3936
60 1.1988 0.5263 26.0000 0.7557
41 1.6798 0.3590 18.0000 0.1625
60 1.1826 0.5172 28.0000 0.8478
86 1.1414 0.5116 36.0000 0.5505
92 1.1974 0.4565 42.0000 0.7631
92 1.2012 0.4565 45.0000 0.9478
88 1.1713 0.3750 46.0000 0.9406
92 1.2210 0.4184 45.0000 0.9424
88 1.2264 0.4205 47.0000 0.8947
88 1.2014 0.4318 42.5000 0.9334
81 1.1884 0.4938 39.0000 0.9042
16 1.2862 0.1429 11.0000 0.9079
16 1.5480 0.4375 8.0000 0.9220
91 1.1462 0.5444 39.0000 0.8217
92 1.1654 0.4837 41.0000 0.8181
91 1.1761 0.4945 43.0000 0.8605
91 1.2265 0.5769 35.5000 0.8217
65 1.2518 0.6172 24.0000 0.9002
16 1.3502 0.2500 10.0000 0.9220
16 1.3982 0.3125 9.0000 0.9220
82 1.1896 0.5610 31.5000 0.3692
923 1.3035 0.6809 279.0000 0.4312
73 1.1401 0.8151 13.5000 0.4737
11 1.4525 0.3636 7.0000 0.2756
73 1.2593 0.6370 25.5000 0.5691
73 1.2641 0.6164 26.0000 0.5089
184 1.5397 0.4239 96.5000 0.4398
22 1.1379 0.1818 14.0000 0.9466
22 1.3474 0.2500 13.5000 0.5197
22 1.2302 0.2727 13.0000 0.9466
28 1.2652 0.2308 18.0000 0.9560
70 1.2761 0.2954 37.5000 0.7903
74 1.2048 0.3357 41.0000 0.7703
72 1.2296 0.4265 35.0000 0.8576
70 1.2132 0.3750 41.5000 0.8882
70 1.2795 0.3863 39.5000 0.8881
72 1.2315 0.4118 39.0000 0.8882
70 1.2304 0.3106 40.0000 0.7829
74 1.2088 0.3714 41.0000 0.9657
70 1.2361 0.3636 37.0000 0.7829
74 1.2142 0.3286 43.5000 0.9487
86 1.1848 0.6744 26.5000 0.8266
87 1.2272 0.5402 36.0000 0.7609
86 1.1733 0.6628 26.5000 0.8523
86 1.2295 0.5407 36.0000 0.7873
86 1.1699 0.6221 31.0000 0.7305
82 1.1658 0.4756 38.0000 0.6551
86 1.1846 0.6628 27.5000 0.8339
87 1.1978 0.5344 34.5000 0.8191
86 1.1610 0.6512 27.5000 0.8122
86 1.2195 0.5349 33.0000 0.6280
86 1.2037 0.6744 25.0000 0.7988
86 1.1944 0.5116 37.5000 0.7890
86 1.1925 0.6686 26.0000 0.8192
87 1.2311 0.5632 34.5000 0.7918
86 1.1945 0.6802 25.0000 0.8070
85 1.2182 0.5823 34.0000 0.8442
86 1.2033 0.6337 31.0000 0.8484
87 1.2130 0.6092 30.5000 0.7238
86 1.2163 0.5915 35.5000 0.7314
86 1.2031 0.5976 34.5000 0.7875
86 1.1357 0.5872 33.0000 0.6720
86 1.1328 0.6047 32.0000 0.5253
42 1.2132 0.6429 14.5000 0.7252
42 1.1814 0.6829 14.0000 0.5365
43 1.2149 0.6071 17.5000 0.4187
20 1.3836 0.1750 15.0000 0.3042
20 1.3714 0.1500 15.0000 0.3042
20 1.4367 0.2250 14.5000 0.3042
20 1.4367 0.1500 15.0000 0.3042
20 1.3929 0.1500 15.0000 0.3042
20 1.4162 0.1500 15.0000 0.3042
98 1.1997 0.5000 44.0000 0.6457
42 1.1887 0.4881 20.5000 0.9129
84 1.1698 0.6786 27.0000 0.5739
46 1.1755 0.3864 23.5000 0.9477
65 1.4796 0.4754 34.0000 0.0973
82 1.1825 0.7195 22.0000 0.6115
82 1.1940 0.6646 27.5000 0.6397
42 1.1302 0.6190 16.0000 0.9113
11 1.3196 0.2000 6.5000 0.6857
44 1.1328 0.6818 14.0000 0.8160
16 1.6198 0.3333 9.5000 0.3917
16 1.5123 0.3000 9.0000 0.5937
16 1.6444 0.3333 10.0000 0.3917
16 1.6248 0.2667 10.0000 0.4866
16 1.5860 0.2000 10.0000 0.3917
16 1.4926 0.3333 9.0000 0.3917
16 1.4463 0.4000 9.0000 0.3917
16 1.5284 0.2667 9.0000 0.3917
42 1.2084 0.5952 16.5000 0.9059
67 1.2553 0.3077 39.0000 0.9249
39 1.2667 0.3333 23.0000 0.9379
63 1.1437 0.7223 17.5000 0.5535
63 1.1570 0.7619 15.0000 0.5827
20 1.1694 0.5555 8.5000 0.9324
20 1.2581 0.3611 10.5000 0.9324
20 1.0895 0.6111 9.0000 0.9324
20 1.1934 0.4444 9.0000 0.9324
21 1.1381 0.2500 13.0000 0.7942
20 1.1815 0.3000 12.0000 0.7461
42 1.1947 0.5595 17.5000 0.7873
41 1.2057 0.7317 11.0000 0.2110
47 1.3800 0.3510 28.0000 0.7542
47 1.3371 0.3617 27.0000 0.8908
46 1.3610 0.3913 25.0000 0.6834
48 1.3296 0.3542 28.0000 0.9254
40 1.1776 0.4103 17.0000 0.7040
46 1.2391 0.4348 24.0000 0.7289
46 1.2854 0.4348 24.0000 1.0000
46 1.3415 0.4130 24.0000 0.7549
46 1.2757 0.4130 24.0000 0.7289
47 1.3763 0.3830 24.0000 0.8158
47 1.3384 0.4681 19.0000 0.7991
47 1.4005 0.4468 23.0000 0.7290
15 1.4680 0.1538 9.0000 0.8063
55 1.3144 0.3519 29.0000 0.2420
84 1.2733 0.6011 30.5000 0.6446
83 1.2888 0.4879 36.5000 0.6865
62 1.1532 0.7500 15.0000 0.3626
62 1.1882 0.6371 21.0000 0.4252
60 1.4067 0.2542 34.0000 0.7899
59 1.3512 0.2632 32.0000 0.4899
61 1.4410 0.3084 33.5000 0.6692
61 1.4499 0.3250 33.0000 0.7057
62 1.1642 0.7419 15.0000 0.4529
62 1.2124 0.7419 15.0000 0.3583
87 1.2782 0.4540 40.0000 0.4775
87 1.2615 0.5057 37.0000 0.3890
87 1.2410 0.4943 40.0000 0.5864
87 1.2365 0.4540 42.0000 0.4466
87 1.2022 0.5172 37.0000 0.4564
87 1.2176 0.5057 36.5000 0.5714
84 1.2219 0.5595 36.0000 0.5269
84 1.2017 0.6011 33.0000 0.6258
84 1.2197 0.5714 34.0000 0.5854
84 1.1781 0.6726 27.0000 0.4131
84 1.2022 0.5476 37.0000 0.5548
84 1.2074 0.5655 34.0000 0.4627
84 1.2050 0.5416 37.0000 0.5750
84 1.1997 0.5833 33.0000 0.5134
84 1.2102 0.5893 32.5000 0.6272
84 1.2044 0.5595 32.0000 0.4334
84 1.2191 0.5119 37.0000 0.5058
84 1.2472 0.5595 33.5000 0.5183
30 1.5621 0.3704 16.5000 0.9341
28 1.5655 0.4231 14.5000 0.9066
26 1.7907 0.4583 13.0000 0.8629
85 1.2778 0.6059 31.0000 0.1565
85 1.2271 0.5882 33.0000 0.4647
84 1.2597 0.6071 32.0000 0.3309
84 1.2108 0.5774 34.0000 0.4564
83 1.1941 0.6506 27.0000 0.2746
83 1.2595 0.5121 35.0000 0.5111
83 1.2093 0.4940 38.0000 0.6095
20 1.4634 0.4000 11.0000 0.4836
18 1.1572 0.2353 11.0000 0.9320
28 1.4183 0.2884 16.5000 1.0000
29 1.6162 0.3846 17.0000 1.0000
28 1.5071 0.3200 16.0000 1.0000
27 1.8179 0.4000 15.0000 1.0000
28 1.5257 0.3269 16.0000 1.0000
28 1.5531 0.3654 16.0000 1.0000
28 1.5775 0.3269 16.0000 1.0000
75 1.2159 0.5946 27.0000 0.6031
73 1.1401 0.8151 13.5000 0.4737
40 1.4295 0.3461 20.0000 0.9123
31 1.9339 0.1500 25.0000 0.9319
60 1.3645 0.2627 36.0000 0.5121
60 1.3349 0.3051 35.0000 0.5020
12 1.2123 0.2500 8.0000 0.3234
45 1.2100 0.2675 28.0000 0.8938
45 1.2153 0.3953 25.0000 0.9217
45 1.2282 0.3256 25.0000 0.9217
60 1.3950 0.2373 36.0000 0.6440
60 1.3987 0.2203 37.0000 0.5957
45 1.2321 0.2210 26.5000 0.8938
45 1.2227 0.2326 27.0000 0.8938
158 1.4806 0.4713 75.0000 0.1392
17 1.9471 0.3529 10.0000 0.4896
87 1.2176 0.5057 39.5000 0.5390
40 1.3577 0.3158 21.0000 0.9122
73 1.1393 0.8151 13.5000 0.4104
18 1.1429 0.3750 9.0000 0.2680
16 1.1270 0.3571 10.0000 0.8615
16 1.2262 0.3571 10.0000 1.0000
73 1.1085 0.7671 15.0000 0.5196
73 1.1656 0.7808 15.0000 0.4959
91 1.2799 0.4396 44.0000 0.5336
73 1.1380 0.8219 13.0000 0.4688
91 1.2746 0.4945 41.0000 0.8730
73 1.0997 0.8836 8.5000 0.4643
91 1.2111 0.5714 38.0000 0.8647
73 1.2895 0.5411 31.5000 0.6138
62 1.1560 0.6613 19.0000 0.3736
73 1.2650 0.6164 26.0000 0.5475
73 1.2601 0.6027 26.5000 0.6276
40 1.3832 0.4103 18.0000 0.9123
99 1.4032 0.5404 40.0000 0.4278
254 1.5893 0.4292 123.0000 0.5687
229 1.4025 0.4738 105.5000 0.4776
42 1.4014 0.3333 21.0000 0.9123
25 1.2709 0.3478 11.5000 0.7961
25 1.2481 0.3261 13.0000 0.7961
25 1.4302 0.4348 12.0000 0.6652
25 1.3294 0.4783 12.0000 0.9111
22 1.1621 0.1818 14.0000 0.9334
83 1.1713 0.6687 27.0000 0.5987
85 1.1763 0.6706 28.0000 0.5699
82 1.1690 0.7195 23.0000 0.6211
83 1.1856 0.7439 22.0000 0.5285
169 1.4612 0.4408 84.5000 0.6241
910 1.3573 0.6906 260.5000 0.2609
146 1.3489 0.4315 70.0000 0.5260
20 1.3200 0.3611 11.5000 0.9324
15 1.4386 0.2308 9.0000 0.8063
59 1.5160 0.2931 33.0000 0.5519
59 1.4481 0.3793 31.0000 0.5449
73 1.1568 0.8287 10.0000 0.4847
73 1.1732 0.8014 12.0000 0.4254
73 1.1260 0.8082 12.0000 0.4968
73 1.1458 0.8219 10.5000 0.4792
73 1.1477 0.8219 10.5000 0.4847
73 1.1521 0.7945 13.0000 0.4469
103 1.3649 0.5970 37.5000 0.6222
40 1.3967 0.4359 20.0000 0.8462
40 1.3177 0.3158 19.0000 0.9122
40 1.2899 0.3421 19.0000 0.7986
40 1.4143 0.4103 20.0000 0.9123
40 1.3589 0.4103 20.0000 0.9123
40 1.4086 0.3718 21.0000 0.9123
40 1.3856 0.3590 22.0000 0.9123
40 1.3443 0.3846 20.0000 0.9123
44 1.1978 0.5714 20.0000 0.7615
44 1.1631 0.6429 17.0000 0.8799
101 1.3256 0.6089 35.5000 0.5200
103 1.3766 0.5825 39.0000 0.6344
41 1.1390 0.5366 19.0000 0.6998
42 1.1893 0.6310 15.0000 0.7469
295 1.3824 0.4898 126.0000 0.7801
176 1.4224 0.4545 83.5000 0.5943
296 1.7453 0.4409 143.5000 0.4060
59 1.4243 0.3103 33.5000 0.5634
29 1.4375 0.3462 15.5000 0.9340
12 1.3415 0.0000 8.0000 0.7353
12 1.1893 0.0000 8.0000 0.7353
12 1.2613 0.0416 9.0000 0.3234
12 1.3036 0.0000 8.0000 0.7353
12 1.2307 0.4167 6.0000 0.3234
12 1.1511 0.4167 6.0000 0.3234
12 1.1036 0.2500 8.0000 0.5563
12 1.0882 0.2500 8.0000 0.5563
12 1.1258 0.2500 8.0000 0.5563
45 1.2340 0.2857 26.0000 0.9741
87 1.2637 0.4770 39.5000 0.5366
87 1.2436 0.5058 39.0000 0.6613
95 1.1736 0.5213 44.0000 0.7420
238 1.5799 0.5252 101.0000 0.6027
95 1.4566 0.4526 44.0000 0.3471
95 1.4660 0.4685 41.0000 0.4294
13 1.1287 0.4167 6.0000 0.8597
13 1.1241 0.4167 7.0000 0.8597
64 1.1849 0.6094 25.0000 0.7513
64 1.2280 0.5938 25.0000 0.8990
64 1.2116 0.5000 31.0000 0.7780
28 1.4426 0.5000 13.0000 0.6671
29 1.4716 0.4138 14.0000 0.3485
29 1.5945 0.3620 15.0000 0.2153
41 1.3939 0.4146 21.0000 0.8321
87 1.1959 0.5287 37.5000 0.4329
621 1.7149 0.5451 240.5000 0.1502
621 1.7267 0.5491 236.5000 0.1620
19 1.1540 0.1667 8.0000 0.8507
40 1.3086 0.3684 21.0000 0.7986
40 1.3782 0.3333 21.0000 0.9123
40 1.3925 0.3684 20.0000 0.9122
157 1.3036 0.6688 43.5000 0.2839
157 1.2568 0.6688 46.0000 0.2986
163 1.1829 0.4720 73.5000 0.8284
97 1.1675 0.6958 29.0000 0.8701
23 1.4926 0.3913 11.0000 0.2913
386 1.5520 0.5479 152.5000 0.4991
18 1.1764 0.5000 9.0000 0.9324
19 1.1402 0.5789 8.0000 0.8768
14 1.3139 0.3846 9.0000 0.3279
25 1.3407 0.5600 10.0000 0.9114
25 1.3406 0.5600 10.0000 0.9114
25 1.4139 0.6400 9.0000 1.0000
25 1.4623 0.5400 10.5000 0.9114
25 1.5593 0.4800 11.0000 0.3996
25 1.4917 0.6200 9.0000 0.7917
34 1.4020 0.3529 19.0000 1.0000
923 1.6243 0.5320 389.0000 0.3984
923 1.7262 0.4751 415.0000 0.4056
29 1.3865 0.4828 11.0000 0.9118
26 1.2742 0.4167 14.5000 0.7965
26 1.3115 0.4583 13.0000 0.9113
26 1.3113 0.4583 13.0000 0.9113
217 1.4724 0.6129 78.0000 0.4269
458 1.2910 0.8450 68.5000 0.2685
54 1.3435 0.4259 26.5000 0.7388
43 1.2985 0.4651 22.0000 0.6720
25 1.2420 0.6000 8.0000 0.4910
62 1.2276 0.5968 24.0000 0.5909
20 1.1766 0.5000 10.0000 1.0000
20 1.1499 0.3000 14.0000 1.0000
20 1.2638 0.5250 9.5000 1.0000
20 1.2285 0.3000 14.0000 1.0000
19 1.1974 0.3684 11.0000 1.0000
43 1.3019 0.4651 20.0000 0.8033
98 1.2205 0.6122 36.5000 0.4850
55 1.2814 0.2400 30.0000 0.3519
55 1.4325 0.2547 31.0000 0.7020
63 1.1237 0.2951 37.0000 0.9467
944 1.5634 0.5620 382.0000 0.4520
944 1.5398 0.5949 351.5000 0.4367
402 1.1834 0.8632 54.0000 0.4144
109 1.3073 0.4679 48.5000 0.7854
130 1.5238 0.4424 63.5000 0.7788
20 1.4841 0.2632 12.5000 0.2741
98 1.3474 0.4584 44.5000 0.8029
146 1.1438 0.7431 36.5000 0.7317
453 1.1270 0.8808 52.5000 0.5385
146 1.1392 0.7671 34.0000 0.7510
453 1.1502 0.8852 50.0000 0.3920
54 1.2856 0.2500 30.0000 0.9348
85 1.1971 0.4765 40.0000 0.6131
87 1.2033 0.6092 33.0000 0.8088
472 1.1642 0.9449 26.0000 0.1011
927 1.3605 0.6499 304.5000 0.4197
924 1.3846 0.6607 301.5000 0.3992
924 1.3852 0.6526 303.0000 0.3448
924 1.3710 0.6602 297.0000 0.4075
924 1.3748 0.6493 308.0000 0.4067
924 1.3901 0.6488 307.0000 0.4118
924 1.3465 0.6563 300.0000 0.3821
64 1.1850 0.6094 25.0000 0.7513
79 1.3887 0.6076 29.0000 0.6142
928 1.3651 0.6427 311.5000 0.4255
928 1.3285 0.6741 289.5000 0.3612
928 1.4518 0.6519 307.5000 0.3916
928 1.3814 0.6427 308.5000 0.3826
453 1.0759 0.9801 9.0000 0.4336
453 1.0714 0.9757 11.0000 0.3124
453 1.0673 0.9845 7.0000 0.4074
453 1.0739 0.9845 7.0000 0.4657
453 1.0759 0.9757 11.0000 0.3985
453 1.0787 0.9746 11.5000 0.5474
453 1.1123 0.9536 21.0000 0.4969
453 1.0850 0.9680 14.5000 0.3972
24 1.1112 0.4091 12.0000 0.9466
22 1.2278 0.4545 10.5000 0.9466
465 1.1214 0.9054 42.0000 0.4674
52 1.2281 0.1731 30.5000 1.0000
210 1.4664 0.5857 76.0000 0.5546
120 1.2100 0.2333 82.0000 0.9658
62 1.2308 0.2581 42.0000 0.5223
48 1.1870 0.5625 21.0000 0.8806
48 1.1915 0.5625 19.0000 0.8806
49 1.2609 0.4898 23.5000 0.8872
48 1.2433 0.5000 20.0000 0.8806
48 1.2167 0.5104 21.5000 0.9063
48 1.2387 0.5833 17.0000 0.8209
48 1.2123 0.3750 21.5000 0.8806
48 1.2173 0.5208 22.0000 0.8209
48 1.2431 0.4896 21.0000 0.8406
48 1.1644 0.5521 19.0000 0.8806
36 1.6357 0.2571 21.0000 0.4052
98 1.2435 0.4286 42.0000 0.7136
50 1.2572 0.4900 22.5000 0.8371
44 1.2127 0.3095 25.0000 0.9476
944 1.4015 0.6474 319.0000 0.3937
84 1.1749 0.6310 29.0000 0.5447
65 1.2079 0.5692 27.5000 0.9768
242 1.4396 0.3244 141.0000 0.4007
242 1.4066 0.3140 143.0000 0.4339
73 1.1071 0.7876 13.0000 0.5185
87 1.2112 0.5459 37.5000 0.6118
87 1.2486 0.6035 33.5000 0.6130
87 1.1917 0.5402 38.0000 0.5736
86 1.2953 0.4535 38.5000 0.4590
84 1.2155 0.5833 34.5000 0.4728
51 1.2207 0.4600 27.0000 0.7884
51 1.2289 0.4898 25.0000 0.5931
51 1.2649 0.4000 28.0000 0.7884
51 1.2615 0.4706 26.0000 0.7033
51 1.1974 0.4118 28.0000 0.7671
51 1.2296 0.4510 27.0000 0.7931
51 1.1719 0.5490 23.0000 0.7033
51 1.1961 0.4500 26.0000 0.7865
51 1.1931 0.4600 26.0000 0.7670
51 1.1886 0.5392 23.5000 0.7241
51 1.2200 0.5000 25.5000 0.7484
51 1.2000 0.4118 27.0000 0.8047
51 1.1492 0.3823 29.0000 0.8118
51 1.2179 0.4902 25.0000 0.7269
924 1.3700 0.6553 298.5000 0.3785
86 1.2716 0.4361 43.5000 0.5116
86 1.2890 0.4942 38.0000 0.5706
13 1.5105 0.3846 7.0000 0.6945
14 1.4981 0.3571 9.0000 0.9079
14 1.4508 0.3214 9.0000 0.9079
14 1.7296 0.2500 10.0000 0.9079
14 1.5758 0.2857 10.0000 0.9079
15 1.5193 0.5333 6.0000 0.9215
15 1.4566 0.2000 10.0000 0.8373
15 1.3792 0.2000 11.0000 0.9215
15 1.4204 0.4667 7.0000 0.7167
34 1.3935 0.2647 18.0000 0.6638
35 1.3718 0.2857 19.0000 0.6639
46 1.3001 0.3478 27.0000 0.6106
35 1.4516 0.4000 17.0000 0.5723
32 1.1641 0.8281 5.5000 0.8927
31 1.1148 0.8387 5.0000 0.8501
32 1.0859 0.8125 6.0000 0.7213
32 1.1701 0.7500 8.0000 0.7213
73 1.1764 0.6301 26.0000 0.3679
73 1.1583 0.7123 21.0000 0.4852
73 1.1976 0.6438 25.0000 0.4737
73 1.1938 0.6986 22.0000 0.4046
73 1.1976 0.6438 25.0000 0.4737
73 1.2216 0.6575 24.0000 0.4756
73 1.1732 0.6370 25.5000 0.5064
75 1.2823 0.4400 39.0000 0.8743
42 1.2622 0.3571 27.0000 0.9677
42 1.2665 0.2857 27.5000 0.8998
42 1.2497 0.3571 26.0000 0.9677
42 1.2917 0.3095 27.5000 0.9182
909 1.5014 0.6766 275.5000 0.3614
941 1.4590 0.6748 292.0000 0.3900
947 1.5454 0.6611 302.0000 0.3599
946 1.4813 0.6765 293.5000 0.4086
946 1.4644 0.6723 287.0000 0.4697
946 1.4525 0.6849 283.0000 0.4590
946 1.4341 0.6898 277.0000 0.4114
70 1.2019 0.6000 27.5000 0.1994
621 1.6571 0.4878 261.5000 0.1738
37 1.2886 0.4865 16.0000 0.4101
949 1.2883 0.7377 238.5000 0.3043
949 1.2801 0.7387 238.5000 0.3263
949 1.2687 0.7297 241.5000 0.4132
447 1.4299 0.7629 105.5000 0.3287
35 1.3846 0.4853 18.0000 0.6295
85 1.1494 0.5765 33.0000 0.7842
90 1.2641 0.3556 47.0000 0.6325
90 1.2878 0.4167 47.0000 0.6619
90 1.2611 0.4111 45.0000 0.8479
90 1.2426 0.4111 47.5000 0.5782
90 1.2511 0.4111 45.0000 0.7876
86 1.2159 0.5814 30.0000 0.7703
42 1.1755 0.3250 24.5000 0.9447
57 1.4455 0.2281 33.0000 0.5140
58 1.5826 0.1983 35.0000 0.5316
58 1.3911 0.3103 31.0000 0.6739
58 1.4907 0.2414 32.0000 0.5482
130 1.3749 0.4805 57.0000 0.7852
63 1.1977 0.2903 39.5000 0.9281
63 1.1868 0.2823 39.0000 0.9281
62 1.2763 0.3525 35.0000 0.7691
58 1.4036 0.2931 32.0000 0.5897
58 1.5769 0.3103 31.5000 0.5345
17 1.5371 0.3750 10.0000 0.9092
17 1.2159 0.2500 8.0000 0.9092
66 1.3396 0.5303 29.0000 0.8597
61 1.3948 0.4500 30.0000 0.8301
63 1.3994 0.3175 34.0000 0.8708
66 1.4019 0.3257 34.0000 0.8276
66 1.3675 0.3636 33.0000 0.8198
174 1.7481 0.3736 89.0000 0.5806
118 1.3743 0.3898 64.0000 0.6260
118 1.3674 0.3263 69.5000 0.6882
55 1.1578 0.3396 29.0000 0.8841
55 1.1873 0.4364 29.5000 0.8351
90 1.2450 0.4500 44.0000 0.6763
55 1.2304 0.4182 29.0000 0.8561
55 1.2751 0.3091 32.0000 0.8738
55 1.2515 0.3636 31.0000 0.8592
73 1.1071 0.7876 13.0000 0.5185
949 1.2793 0.7397 237.0000 0.3534
37 1.2762 0.3750 21.0000 0.7044
38 1.2031 0.1622 26.0000 0.5266
239 1.5154 0.5649 95.5000 0.3602
498 1.1173 0.9227 37.5000 0.5895
64 1.2652 0.5938 25.5000 0.7548
457 1.0690 0.9759 11.0000 0.4905
481 1.0765 0.9667 16.0000 0.5343
457 1.0731 0.9803 9.0000 0.4844
457 1.0720 0.9737 12.0000 0.4407
737 1.4129 0.5577 288.5000 0.4920
802 1.3768 0.5742 304.5000 0.5105
853 1.3137 0.6038 306.0000 0.4506
844 1.3007 0.6339 279.5000 0.4424
886 1.4034 0.6479 290.5000 0.4738
881 1.3804 0.6163 308.0000 0.5123
469 1.1921 0.8401 70.0000 0.4064
63 1.1715 0.3770 36.0000 0.9637
47 1.2202 0.1702 39.0000 0.8870
62 1.2024 0.2667 37.5000 0.7232
881 1.1921 0.7503 204.5000 0.5949
66 1.3426 0.4219 36.5000 0.8771
104 1.2259 0.2402 73.0000 0.9899
120 1.2392 0.2458 84.5000 0.9913
80 1.2273 0.2564 55.0000 0.9866
104 1.2149 0.2647 71.0000 0.9899
120 1.2026 0.2245 86.0000 0.9913
80 1.2079 0.2436 57.0000 0.9866
69 1.3212 0.3043 42.0000 0.6224
69 1.3071 0.3043 42.0000 0.5469
69 1.3052 0.3333 42.0000 0.6513
69 1.3336 0.3188 42.0000 0.6817
69 1.3289 0.3333 43.0000 0.5642
69 1.3218 0.3478 43.0000 0.6390
69 1.3527 0.3188 43.0000 0.6865
69 1.3260 0.3333 43.5000 0.6586
69 1.3563 0.3333 43.0000 0.6390
69 1.3347 0.3188 44.0000 0.6520
68 1.3096 0.2941 42.0000 0.6065
72 1.3103 0.2778 45.0000 0.4044
72 1.3030 0.2917 45.0000 0.5218
72 1.3098 0.2778 45.0000 0.6481
72 1.3453 0.2639 46.0000 0.6052
87 1.1905 0.6059 31.0000 0.7369
61 1.3550 0.3084 32.0000 0.8612
52 1.2505 0.2692 31.0000 1.0000
52 1.2338 0.2115 30.0000 0.9786
52 1.2341 0.2115 30.0000 0.9786
52 1.2341 0.2115 30.0000 0.9786
52 1.2341 0.2115 30.0000 0.9786
52 1.1747 0.2308 31.0000 0.9076
52 1.2527 0.3846 28.0000 0.9353
90 1.2744 0.4667 41.5000 0.4692
95 1.2203 0.5579 38.5000 0.7402
79 1.1940 0.6645 25.0000 0.6395
