63 1.3170 0.5635 27.0000 0.5084
63 1.3664 0.6825 20.0000 0.5450
33 1.2435 0.4688 15.0000 0.8142
62 1.2389 0.6452 17.0000 0.5252
62 1.2672 0.7097 15.5000 0.5992
62 1.2966 0.6694 17.0000 0.4648
62 1.2966 0.6694 17.0000 0.4648
62 1.2964 0.6694 17.0000 0.4648
62 1.2965 0.6694 17.0000 0.4648
62 1.2957 0.6694 17.0000 0.4648
42 1.2550 0.4762 20.0000 0.9129
62 1.2452 0.7097 14.0000 0.6006
62 1.2345 0.7097 14.0000 0.5856
62 1.2452 0.7097 14.0000 0.6006
62 1.2345 0.7097 14.0000 0.5856
62 1.2452 0.7097 14.0000 0.6006
62 1.2345 0.7097 14.0000 0.5856
42 1.2487 0.4286 21.0000 0.9129
42 1.2620 0.4405 21.0000 0.9113
46 1.3661 0.3636 24.5000 0.9205
33 1.3188 0.6562 11.0000 0.8178
46 1.3691 0.4091 23.0000 0.9205
42 1.3275 0.5750 17.0000 0.7295
20 1.2547 0.2778 12.5000 0.9324
62 1.2618 0.7049 15.0000 0.2745
62 1.2645 0.7049 15.0000 0.2745
19 1.3923 0.4118 10.0000 0.9225
62 1.2727 0.6774 16.0000 0.5418
62 1.2727 0.6774 16.0000 0.5418
62 1.2309 0.6613 19.0000 0.4261
62 1.2876 0.6774 16.0000 0.5992
62 1.3560 0.6452 18.5000 0.4943
62 1.2847 0.6855 15.0000 0.6084
46 1.3960 0.4204 24.0000 0.7217
88 1.3064 0.5057 39.5000 0.6648
88 1.1635 0.6079 32.0000 0.6059
46 1.2376 0.5217 22.0000 0.5604
14 1.1624 0.1667 10.0000 0.4789
46 1.3632 0.4545 23.0000 0.8930
46 1.3833 0.3409 26.0000 0.9072
46 1.4777 0.4773 22.5000 0.9205
46 1.4135 0.3978 23.0000 0.9205
46 1.4232 0.4204 24.0000 0.8939
46 1.3310 0.4091 24.5000 0.9205
64 1.3048 0.5156 26.0000 0.5814
45 1.1791 0.6047 19.0000 0.7136
41 1.6643 0.2564 25.0000 0.2600
46 1.2976 0.3864 25.5000 1.0000
42 1.2130 0.5238 19.0000 0.7133
42 1.2154 0.5119 19.0000 0.7873
32 1.3649 0.5938 13.0000 0.8324
44 1.2932 0.5000 19.0000 0.9400
42 1.2596 0.4762 20.0000 0.9129
42 1.3101 0.4881 21.0000 0.8201
42 1.2191 0.4524 20.0000 0.8998
42 1.3069 0.4405 21.0000 0.8866
42 1.4156 0.5000 19.5000 0.8154
42 1.3771 0.4762 20.0000 0.7497
42 1.2776 0.5250 17.0000 0.6603
44 1.1614 0.5682 19.0000 0.6220
42 1.3979 0.5000 19.0000 0.8939
33 1.1775 0.3871 17.5000 0.7326
33 1.1665 0.5806 12.0000 0.7326
33 1.1612 0.5161 13.0000 0.6936
42 1.2630 0.4286 21.0000 0.7546
42 1.2731 0.5000 20.0000 0.8546
19 1.3511 0.4706 8.5000 0.8597
84 1.2262 0.5179 35.5000 0.5599
41 1.6145 0.4103 20.0000 0.1168
41 1.4552 0.3590 23.0000 0.1250
16 1.1239 0.5000 8.0000 0.2513
60 1.2599 0.6053 25.0000 0.7899
41 1.4011 0.3718 21.5000 0.1192
60 1.2983 0.5000 28.0000 0.7571
86 1.2516 0.5465 35.0000 0.8908
92 1.2818 0.4783 41.0000 0.6445
92 1.3746 0.4239 46.5000 0.9625
88 1.2748 0.4262 46.0000 0.8955
92 1.2911 0.4348 43.5000 0.9140
88 1.3317 0.4432 42.0000 0.9699
88 1.3315 0.4262 44.0000 0.6442
81 1.2082 0.3889 44.0000 0.9042
16 1.1482 0.2857 9.0000 0.9079
16 1.3491 0.2500 10.0000 0.9220
91 1.3195 0.5667 40.0000 0.7809
92 1.2932 0.6087 35.0000 0.8818
91 1.4043 0.5275 41.0000 0.8605
91 1.3363 0.6209 34.0000 0.8242
65 1.2948 0.5625 24.0000 0.8213
16 1.4456 0.6250 6.0000 0.9220
16 1.2961 0.5000 7.0000 0.9220
82 1.2720 0.4756 39.0000 0.4250
923 1.4493 0.6674 285.0000 0.4455
73 1.1896 0.8425 11.5000 0.4737
11 1.6593 0.5455 5.0000 0.6160
73 1.2634 0.6849 23.0000 0.4594
73 1.2802 0.6712 24.0000 0.4877
184 1.6704 0.3695 101.0000 0.4820
22 1.2747 0.1364 17.5000 0.9466
22 1.2921 0.3636 13.0000 0.5587
22 1.3254 0.2273 14.0000 0.9466
28 1.1959 0.5769 12.0000 0.9560
70 1.3445 0.3106 35.0000 0.8469
74 1.3298 0.4429 30.0000 0.8609
72 1.3724 0.4118 32.5000 0.9143
70 1.3947 0.4192 32.0000 0.9061
70 1.4118 0.4167 31.5000 0.8971
72 1.3859 0.3971 34.0000 0.9061
70 1.3750 0.3485 35.0000 0.8213
74 1.2929 0.4429 31.0000 0.8414
70 1.3497 0.3788 37.0000 0.8131
74 1.3522 0.3857 33.5000 0.8512
86 1.2690 0.5581 36.0000 0.8675
87 1.3209 0.5747 33.5000 0.8631
86 1.2925 0.5349 38.0000 0.8493
86 1.3492 0.5698 34.5000 0.8646
86 1.2494 0.5698 34.0000 0.8398
82 1.3528 0.4756 38.0000 0.7484
86 1.2812 0.5698 36.0000 0.8407
87 1.3595 0.5287 37.5000 0.8588
86 1.3122 0.5523 35.5000 0.7004
86 1.2899 0.5465 35.0000 0.8561
86 1.3160 0.5581 36.0000 0.8207
86 1.3236 0.5814 33.0000 0.8195
86 1.2722 0.5349 36.5000 0.8836
87 1.2847 0.5517 34.5000 0.8268
86 1.2842 0.5581 36.0000 0.8282
85 1.3221 0.5529 36.0000 0.8660
86 1.2752 0.5698 34.5000 0.8508
87 1.3323 0.5172 38.0000 0.8329
86 1.2373 0.6585 28.0000 0.9260
86 1.2299 0.6707 28.0000 0.9173
86 1.2521 0.6105 30.0000 0.5638
86 1.2511 0.6628 28.0000 0.5516
42 1.3033 0.5000 20.0000 0.7252
42 1.3045 0.6585 13.0000 0.5587
20 1.4094 0.5750 8.5000 0.8921
20 1.4034 0.5750 8.5000 0.8921
20 1.4194 0.5750 8.5000 0.8921
20 1.3950 0.5500 9.0000 0.8921
20 1.4016 0.5750 8.5000 0.8921
20 1.4156 0.6000 8.0000 0.8921
98 1.2594 0.5765 40.0000 0.8502
42 1.2618 0.5238 19.0000 0.8866
84 1.1602 0.7976 16.5000 0.5132
46 1.3971 0.3636 24.5000 0.9205
82 1.1519 0.8171 15.0000 0.4691
82 1.2349 0.7805 18.0000 0.4397
42 1.3315 0.5952 17.0000 0.9129
11 1.1754 0.1500 8.0000 0.6857
44 1.2321 0.7159 9.0000 0.8818
16 1.4011 0.6000 7.0000 0.3917
16 1.3847 0.5333 7.0000 0.4866
16 1.3161 0.7667 4.5000 0.3917
16 1.2320 0.6000 6.0000 0.4866
16 1.3727 0.6000 6.5000 0.3917
16 1.3045 0.5333 7.0000 0.3917
16 1.3727 0.6667 5.5000 0.3917
16 1.4029 0.4667 8.0000 0.3917
42 1.3295 0.4524 21.5000 0.8201
67 1.4788 0.2923 38.0000 0.8294
39 1.2545 0.4444 20.0000 0.9379
63 1.2234 0.6349 22.0000 0.7602
63 1.2224 0.6667 20.5000 0.7416
20 1.1994 0.3611 10.5000 0.9324
20 1.1976 0.2778 10.0000 0.9324
20 1.1952 0.4444 11.0000 0.9324
20 1.1728 0.2778 10.0000 0.9324
21 1.2031 0.6500 8.0000 0.7942
20 1.1864 0.5500 9.0000 0.7461
42 1.2973 0.4286 21.5000 0.8866
41 1.2449 0.6829 12.0000 0.7842
47 1.4261 0.3617 24.0000 0.7151
47 1.4267 0.3617 23.0000 0.8004
46 1.5504 0.3478 23.0000 0.8004
48 1.4628 0.3541 26.0000 0.7774
40 1.1860 0.5385 19.0000 0.8951
46 1.3740 0.3478 24.0000 0.5132
46 1.5471 0.3913 24.0000 0.6307
46 1.5968 0.4348 24.0000 0.6855
46 1.4320 0.3695 26.0000 0.5132
47 1.6293 0.4255 23.0000 0.8940
47 1.5327 0.5319 20.0000 0.5786
47 1.7584 0.4468 23.0000 0.1646
15 1.1703 0.0000 7.0000 0.8063
55 1.7788 0.3241 30.5000 0.4699
84 1.3561 0.4643 40.0000 0.5763
83 1.4442 0.3916 40.5000 0.4284
62 1.2656 0.6613 17.0000 0.5756
62 1.2956 0.6694 17.0000 0.4648
60 1.7717 0.3390 34.0000 0.9126
59 1.5953 0.3246 34.0000 0.6958
61 1.9639 0.4167 33.0000 0.5861
61 1.9349 0.4250 32.0000 0.6535
62 1.2452 0.7097 14.0000 0.6006
62 1.2345 0.7097 14.0000 0.5856
87 1.2669 0.5632 36.0000 0.5987
87 1.2596 0.5862 34.5000 0.5016
87 1.2409 0.5862 35.0000 0.7294
87 1.2372 0.5632 37.0000 0.3957
87 1.2477 0.5919 34.0000 0.4794
87 1.2473 0.5747 35.5000 0.4836
84 1.1943 0.5476 36.5000 0.5608
84 1.2591 0.5714 35.0000 0.6711
84 1.1753 0.5774 34.5000 0.5993
84 1.2096 0.6250 30.5000 0.6190
84 1.2192 0.5774 34.5000 0.6457
84 1.2401 0.5774 35.5000 0.6580
84 1.2277 0.5655 35.5000 0.6275
84 1.2425 0.5833 35.0000 0.6647
84 1.2250 0.5655 35.5000 0.6336
84 1.3142 0.5595 37.0000 0.6580
84 1.1883 0.5952 33.0000 0.5458
84 1.2700 0.5774 35.0000 0.5681
30 1.7006 0.4074 15.5000 0.9341
28 1.7041 0.3462 16.0000 0.9340
26 1.5752 0.3959 12.5000 0.8375
85 1.2895 0.5706 34.5000 0.2412
85 1.4449 0.5765 35.5000 0.4122
84 1.2466 0.6071 33.0000 0.3533
84 1.4051 0.5714 36.0000 0.5410
83 1.3471 0.6024 33.0000 0.5513
83 1.4459 0.6205 29.0000 0.4230
83 1.3821 0.6506 29.0000 0.4200
20 1.3148 0.4000 10.0000 0.6149
18 1.1437 0.2941 11.0000 0.9320
28 1.6784 0.3462 15.0000 0.9340
29 1.6442 0.3462 15.0000 0.9340
28 1.4817 0.3600 16.0000 1.0000
27 1.5374 0.4000 15.0000 0.9339
28 1.6018 0.3077 16.5000 0.9340
28 1.5939 0.3077 16.0000 0.9340
28 1.5597 0.3077 16.0000 1.0000
75 1.2550 0.6622 23.0000 0.7308
73 1.1896 0.8425 11.5000 0.4737
40 2.0605 0.3590 22.0000 0.8149
31 1.7881 0.3500 20.0000 0.8638
60 1.7481 0.3220 34.0000 0.6332
60 1.7744 0.3390 33.0000 0.6730
12 1.3563 0.5000 6.0000 0.7353
45 1.2519 0.3488 27.0000 0.8938
45 1.1910 0.2326 21.0000 0.9217
45 1.1900 0.2326 21.0000 0.9217
60 1.8787 0.2881 34.0000 0.6440
60 1.8654 0.3220 32.0000 0.6283
45 1.2557 0.2093 28.0000 0.9217
45 1.2282 0.2791 28.0000 0.8938
158 1.9227 0.4491 78.0000 0.1132
17 2.1479 0.4706 8.0000 0.4896
87 1.2614 0.6092 33.5000 0.4567
40 2.1528 0.3684 21.5000 0.9252
73 1.3122 0.7466 18.0000 0.5669
18 1.3452 0.3125 9.0000 0.2680
16 1.3289 0.4286 8.0000 1.0000
16 1.4810 0.4286 8.0000 1.0000
73 1.1582 0.8356 12.0000 0.4852
73 1.1532 0.8219 13.0000 0.4852
91 1.3461 0.4506 45.0000 0.6239
73 1.1414 0.8219 13.0000 0.4955
91 1.2898 0.5495 39.5000 0.5893
73 1.1449 0.8630 10.0000 0.4852
91 1.3494 0.5165 41.0000 0.6184
73 1.2107 0.6917 22.0000 0.8596
62 1.2521 0.6855 17.0000 0.3837
73 1.2567 0.6575 25.0000 0.6221
73 1.2415 0.6575 25.0000 0.4877
40 1.9223 0.3718 22.0000 0.8951
99 1.6391 0.5303 43.0000 0.6824
254 1.7870 0.4055 129.0000 0.5477
229 1.8037 0.4847 103.0000 0.4193
42 1.9592 0.3846 23.0000 0.8149
25 1.2249 0.4783 11.5000 0.7247
25 1.3217 0.4348 13.0000 0.7247
25 1.3102 0.3913 13.0000 0.6053
25 1.2388 0.4783 12.0000 0.8295
22 1.1008 0.0000 12.0000 0.9334
83 1.1899 0.7952 17.0000 0.5559
85 1.2318 0.7882 18.0000 0.5633
82 1.1988 0.8049 16.0000 0.5964
83 1.1900 0.7866 18.0000 0.6325
169 1.4217 0.4379 80.5000 0.5527
910 1.5377 0.6505 288.0000 0.2415
146 1.4191 0.4589 68.0000 0.5699
20 1.1343 0.1111 9.0000 0.9324
15 1.1763 0.0769 8.0000 0.8063
59 2.0367 0.3276 33.0000 0.5748
59 2.0735 0.3448 30.0000 0.7056
73 1.1863 0.8425 10.5000 0.4737
73 1.1763 0.8287 12.0000 0.4585
73 1.1684 0.8561 9.5000 0.4635
73 1.1730 0.8561 10.0000 0.4686
73 1.1745 0.8561 10.0000 0.4737
73 1.1910 0.8493 11.0000 0.4534
103 1.7218 0.5194 46.0000 0.6888
40 1.5557 0.5641 16.5000 0.8938
40 2.1063 0.3158 21.0000 0.8950
40 2.0684 0.3290 21.0000 0.8440
40 1.6864 0.4231 22.0000 0.7922
40 1.6848 0.4231 21.5000 0.8399
40 1.6574 0.4103 23.0000 0.8649
40 1.7300 0.4103 22.0000 0.7361
40 1.6240 0.4615 21.5000 0.7543
44 1.2951 0.5476 20.0000 0.8866
44 1.2927 0.5714 19.0000 0.8681
101 1.8026 0.5199 44.5000 0.6403
103 1.6714 0.5292 46.0000 0.5920
41 1.2319 0.6463 12.0000 0.8744
42 1.4076 0.6310 15.5000 0.8939
295 1.4627 0.4390 142.5000 0.7423
176 1.4307 0.4289 85.0000 0.4743
296 1.7981 0.4206 153.0000 0.4071
59 2.1728 0.3534 29.5000 0.6328
29 1.7210 0.3846 15.0000 0.9340
12 1.3499 0.4167 7.0000 0.3234
12 1.3042 0.5833 5.0000 0.3234
12 1.4173 0.3334 7.5000 0.3234
12 1.3111 0.4167 7.0000 0.3234
12 1.1605 0.7500 3.0000 0.3234
12 1.2842 0.5833 5.0000 0.3234
12 1.2138 0.2500 7.0000 0.3234
12 1.1605 0.5833 4.0000 0.3234
12 1.2019 0.5000 5.0000 0.3234
45 1.2496 0.3095 23.0000 0.9741
87 1.4192 0.4656 39.5000 0.5856
87 1.3226 0.5581 38.5000 0.5994
95 1.1905 0.5692 40.0000 0.9007
238 1.6925 0.4538 114.0000 0.5938
95 1.5310 0.4737 43.0000 0.3369
95 1.6312 0.4579 43.0000 0.4586
13 1.2599 0.1250 10.0000 1.0000
13 1.2786 0.2500 7.0000 1.0000
64 1.3544 0.5312 25.5000 0.6020
64 1.3807 0.4844 25.0000 0.5677
64 1.4073 0.5547 24.5000 0.6040
28 1.4752 0.5178 13.5000 0.6671
29 1.6233 0.4828 14.0000 0.5244
29 1.6968 0.4656 15.0000 0.2153
41 2.2271 0.3902 23.0000 0.6424
87 1.1926 0.5862 34.0000 0.5251
621 2.1569 0.5089 252.0000 0.1908
621 2.1464 0.5153 248.5000 0.1622
19 1.3450 0.1667 9.0000 0.8507
40 1.8757 0.4079 21.0000 0.7661
40 2.0301 0.3590 22.0000 0.8649
40 1.9681 0.3684 22.0000 0.8648
157 1.5972 0.6433 49.0000 0.3383
157 1.5617 0.6210 51.5000 0.3347
163 1.1811 0.4969 77.0000 0.8632
97 1.2939 0.6598 32.0000 0.8846
23 1.7067 0.1739 13.0000 0.2788
386 1.5314 0.5324 154.5000 0.4171
18 1.2532 0.2778 10.0000 0.9324
19 1.1854 0.5263 8.0000 0.8768
14 1.0539 0.2308 8.0000 0.2127
25 1.2791 0.7200 7.0000 0.7667
25 1.2791 0.7200 7.0000 0.7667
25 1.1581 0.7600 6.0000 0.8424
25 1.2870 0.7600 6.0000 0.8424
25 1.3271 0.6000 10.0000 0.4645
25 1.1557 0.7600 6.0000 0.6701
34 1.5038 0.4118 17.0000 0.9121
923 1.6402 0.5390 387.0000 0.4522
923 1.7268 0.4903 414.0000 0.4881
29 1.3189 0.6207 11.0000 0.7680
26 1.2157 0.6667 10.0000 0.6695
26 1.1789 0.6667 10.0000 0.7980
26 1.1786 0.6667 10.0000 0.7980
217 1.6336 0.5806 83.0000 0.3522
458 1.2212 0.8188 79.0000 0.4470
54 1.3146 0.4259 28.0000 0.6647
43 1.3734 0.3721 24.0000 0.6720
25 1.2112 0.4000 9.0000 0.5717
62 1.2466 0.6532 17.5000 0.4562
20 1.2172 0.5500 9.0000 1.0000
20 1.1273 0.3500 11.0000 1.0000
20 1.2004 0.6500 7.0000 1.0000
20 1.2064 0.5500 9.0000 1.0000
19 1.1998 0.2895 13.5000 1.0000
43 1.2077 0.4186 20.5000 0.8433
98 1.1671 0.6020 38.0000 0.6981
55 1.7293 0.3000 31.5000 0.4172
55 1.6778 0.4906 26.0000 0.5140
63 1.2325 0.2705 34.0000 0.9467
944 1.5676 0.5991 352.0000 0.4595
944 1.5433 0.6182 331.5000 0.4458
402 1.1654 0.8408 63.0000 0.4733
109 1.4332 0.4495 50.0000 0.7895
130 1.6288 0.3308 70.0000 0.6886
20 1.4124 0.3158 11.0000 0.2741
98 1.3808 0.5000 42.0000 0.7155
146 1.3981 0.6541 49.0000 0.8131
453 1.1425 0.9006 44.5000 0.4799
146 1.4236 0.6815 45.5000 0.7716
453 1.1419 0.8896 48.5000 0.4720
54 1.3424 0.2871 30.0000 0.9348
85 1.2601 0.5176 38.0000 0.5941
87 1.2833 0.5632 37.0000 0.4100
472 1.1506 0.9385 28.5000 0.1569
927 1.4333 0.6597 292.0000 0.5075
924 1.4332 0.6732 283.0000 0.4628
924 1.4328 0.6650 289.5000 0.4577
924 1.4305 0.6656 289.0000 0.4887
924 1.4308 0.6677 286.0000 0.4063
924 1.4442 0.6623 292.0000 0.4909
924 1.4242 0.6747 282.5000 0.4524
64 1.3544 0.5312 26.0000 0.6020
79 1.4274 0.5570 31.5000 0.5581
928 1.4470 0.6616 296.0000 0.4614
928 1.4577 0.6703 285.5000 0.4884
928 1.4573 0.6616 293.5000 0.4568
928 1.4920 0.6589 289.5000 0.4456
453 1.0978 0.9569 19.5000 0.5354
453 1.0869 0.9680 14.5000 0.4668
453 1.0906 0.9558 20.0000 0.4673
453 1.0933 0.9614 17.5000 0.4967
453 1.1076 0.9558 20.0000 0.4759
453 1.1038 0.9525 21.5000 0.4055
453 1.1386 0.9128 38.5000 0.3359
453 1.1220 0.9382 28.0000 0.4070
24 1.1175 0.2727 12.0000 0.9466
22 1.2910 0.4091 13.0000 0.9466
465 1.1840 0.8850 50.0000 0.4495
52 1.3529 0.2308 29.0000 0.9786
210 1.4144 0.5595 79.0000 0.5226
120 1.4232 0.1417 99.0000 0.9831
62 1.3494 0.1290 49.0000 0.5223
48 1.2721 0.6667 15.0000 0.8209
48 1.2922 0.6771 14.5000 0.8209
49 1.2401 0.7347 12.5000 0.8308
48 1.2897 0.6458 16.5000 0.7863
48 1.3435 0.5625 19.0000 0.8406
48 1.3245 0.6979 14.0000 0.5437
48 1.3683 0.6250 17.5000 0.6622
48 1.3851 0.6458 16.5000 0.3719
48 1.3078 0.6042 18.0000 0.8467
48 1.2648 0.6667 15.0000 0.8209
36 1.9815 0.3428 21.0000 0.4052
98 1.3712 0.5204 43.0000 0.4758
50 1.3309 0.5000 20.0000 0.8670
44 1.3044 0.3095 20.5000 0.9476
944 1.4481 0.6835 282.0000 0.4680
84 1.2871 0.5595 33.0000 0.5645
65 1.3791 0.5385 27.0000 0.9038
242 1.6492 0.3058 136.0000 0.4470
242 1.6395 0.2852 136.0000 0.4494
73 1.1406 0.8082 13.0000 0.5064
87 1.1890 0.5632 35.0000 0.5483
87 1.2026 0.6035 33.0000 0.8556
87 1.1913 0.6092 32.0000 0.5271
86 1.2944 0.3779 48.5000 0.7542
84 1.3159 0.4821 41.0000 0.5438
51 1.3112 0.4900 22.5000 0.7267
51 1.2417 0.5102 23.0000 0.5385
51 1.3045 0.4500 26.5000 0.7057
51 1.2755 0.4902 26.0000 0.6841
51 1.2930 0.4510 26.0000 0.7484
51 1.3311 0.4902 26.0000 0.7778
51 1.3092 0.4804 24.0000 0.7446
51 1.3338 0.4500 25.5000 0.6839
51 1.3024 0.4500 26.0000 0.7375
51 1.3289 0.4706 24.0000 0.7331
51 1.3500 0.4804 24.0000 0.7470
51 1.3221 0.5000 24.5000 0.7170
51 1.2785 0.5196 23.0000 0.8384
51 1.3146 0.4412 25.0000 0.7484
924 1.4240 0.6650 290.0000 0.4452
86 1.2551 0.4128 47.0000 0.7682
86 1.4399 0.4012 47.0000 0.4836
13 2.3910 0.3846 8.0000 0.6945
14 1.2142 0.0714 12.0000 0.9079
14 1.3429 0.0714 13.0000 0.9079
14 1.2717 0.0714 13.0000 0.9079
14 1.1962 0.0714 12.0000 0.9079
15 1.4178 0.0000 14.0000 0.9215
15 1.4469 0.0333 14.0000 0.9215
15 1.3751 0.2000 12.0000 0.9215
15 1.3133 0.0333 13.5000 0.8239
34 1.3073 0.3529 19.0000 0.5919
35 1.3793 0.3143 19.0000 0.5921
46 1.3197 0.3369 22.5000 0.6362
35 1.4145 0.4286 17.0000 0.6639
32 1.1141 0.7812 7.0000 0.7960
31 1.1377 0.7742 7.0000 0.8000
32 1.1425 0.7500 8.0000 0.7578
32 1.1035 0.8438 5.0000 0.7578
73 1.2264 0.6370 26.0000 0.3682
73 1.1516 0.8287 12.0000 0.6839
73 1.2045 0.7329 18.0000 0.4737
73 1.2161 0.7945 14.5000 0.4140
73 1.2044 0.7329 18.0000 0.4737
73 1.1697 0.7534 18.0000 0.4751
73 1.2334 0.7123 20.5000 0.5235
75 1.3254 0.4466 37.0000 0.8668
42 1.2738 0.3810 26.0000 0.9677
42 1.2345 0.4286 23.0000 0.8664
42 1.3302 0.3333 26.5000 0.9677
42 1.2610 0.3810 24.0000 0.9363
909 1.3744 0.6832 264.5000 0.3914
941 1.4025 0.6780 276.0000 0.4820
947 1.3788 0.7044 262.0000 0.4285
946 1.3983 0.7051 268.0000 0.4419
946 1.3907 0.7035 268.0000 0.4389
946 1.3971 0.7104 262.5000 0.4343
946 1.3897 0.7188 256.5000 0.4235
70 1.3358 0.5786 26.5000 0.5079
621 2.0458 0.4944 266.5000 0.1968
37 1.3197 0.4054 19.0000 0.6273
949 1.3881 0.7166 258.0000 0.4292
949 1.3985 0.7208 254.5000 0.4275
949 1.3962 0.7176 254.5000 0.4338
447 1.2892 0.8031 86.0000 0.2527
35 1.2933 0.3971 21.0000 0.9113
85 1.2026 0.6118 32.0000 0.6706
90 1.4336 0.4111 48.0000 0.8320
90 1.4194 0.4056 47.0000 0.8956
90 1.3693 0.3889 49.5000 0.8566
90 1.4028 0.3945 50.0000 0.7682
90 1.4009 0.4222 47.5000 0.9028
86 1.1913 0.6279 29.0000 0.9465
42 1.2506 0.3250 24.0000 0.9447
57 1.3329 0.2281 35.0000 0.6141
58 1.3214 0.2586 35.0000 0.5888
58 1.2636 0.1897 33.0000 0.6595
58 1.3218 0.1724 34.5000 0.6924
130 1.4209 0.4766 59.5000 0.5648
63 1.2481 0.3226 34.0000 0.9467
63 1.2490 0.3226 34.5000 0.9467
62 1.6559 0.2787 38.5000 0.9297
58 1.3203 0.2241 34.5000 0.6378
58 1.3695 0.2759 32.0000 0.5693
17 1.2364 0.6250 7.0000 0.8099
17 1.3143 0.3125 10.0000 0.8099
66 1.6173 0.4167 33.0000 0.9091
61 1.6432 0.2333 37.0000 0.8884
63 1.7071 0.2857 35.5000 0.9019
66 1.5353 0.2651 38.0000 0.8898
66 1.5623 0.3333 37.0000 0.8848
174 1.4921 0.3994 83.5000 0.6179
118 1.4882 0.4153 60.0000 0.5652
118 1.5178 0.3601 63.0000 0.6651
55 1.3098 0.2924 31.0000 0.8765
55 1.3617 0.3182 31.0000 0.8440
90 1.3269 0.4056 45.0000 0.6171
55 1.4569 0.3636 30.0000 0.8929
55 1.4662 0.3091 33.0000 0.8832
55 1.4672 0.3182 31.5000 0.8883
73 1.1406 0.8082 13.0000 0.5064
949 1.3968 0.7213 252.5000 0.4243
37 1.5840 0.3889 22.0000 0.6110
38 1.5060 0.2703 25.0000 0.6112
239 1.6601 0.4937 108.0000 0.2979
498 1.1178 0.9357 30.5000 0.4783
64 1.4139 0.5703 25.0000 0.6398
457 1.0860 0.9694 14.0000 0.5716
481 1.0976 0.9553 21.5000 0.5196
457 1.0882 0.9683 14.5000 0.5036
457 1.0866 0.9727 12.5000 0.5558
737 1.3824 0.5638 295.0000 0.5477
802 1.3925 0.5517 327.0000 0.5468
853 1.2908 0.5680 332.0000 0.4744
844 1.4282 0.6055 313.5000 0.4574
886 1.4667 0.6123 318.0000 0.5033
881 1.3641 0.5698 346.0000 0.4496
469 1.1696 0.8166 80.5000 0.4373
63 1.3018 0.3361 36.0000 0.9817
47 1.3179 0.0851 43.0000 0.8354
62 1.2728 0.2750 32.0000 0.9637
881 1.4538 0.6634 267.0000 0.5879
66 1.6865 0.3359 39.5000 0.8847
104 1.3398 0.1471 83.5000 0.9899
120 1.3593 0.0975 96.0000 0.9913
80 1.3047 0.0897 67.5000 0.9866
104 1.3184 0.1225 85.5000 0.9899
120 1.3444 0.1186 96.0000 0.9913
80 1.3115 0.0897 69.0000 0.9866
69 1.4167 0.3550 39.0000 0.6880
69 1.3923 0.3623 40.5000 0.7042
69 1.3984 0.3623 40.0000 0.6732
69 1.3983 0.3623 39.5000 0.6569
69 1.4382 0.3406 41.0000 0.7066
69 1.4205 0.3623 40.5000 0.7958
69 1.3950 0.3768 41.0000 0.6149
69 1.3967 0.3478 41.0000 0.5895
69 1.4277 0.3696 41.0000 0.6743
69 1.4110 0.3478 40.0000 0.7609
68 1.3395 0.4192 37.5000 0.5326
72 1.3760 0.3611 42.0000 0.6701
72 1.3555 0.3611 42.0000 0.6701
72 1.3877 0.3750 41.0000 0.6773
72 1.3679 0.3472 42.0000 0.6527
87 1.2165 0.5471 36.0000 0.8500
61 1.7002 0.3167 35.5000 0.9018
52 1.2867 0.3462 30.0000 1.0000
52 1.2819 0.2885 31.5000 1.0000
52 1.2817 0.2885 31.5000 1.0000
52 1.2817 0.2885 31.5000 1.0000
52 1.2817 0.2885 31.5000 1.0000
52 1.3435 0.3750 26.0000 0.9567
52 1.3168 0.3077 30.0000 0.9353
90 1.3019 0.5222 38.0000 0.5042
95 1.3197 0.5368 42.0000 0.6539
79 1.2049 0.6835 22.0000 0.5688
