63 1.2124 0.7143 18.0000 0.5283
63 1.2314 0.6825 20.0000 0.3662
33 1.3043 0.6250 13.0000 0.3685
62 1.2473 0.6774 19.0000 0.5522
62 1.2380 0.7177 16.5000 0.5794
62 1.1810 0.7016 17.0000 0.5080
62 1.1810 0.7016 17.0000 0.5080
62 1.1810 0.7016 17.0000 0.5080
62 1.1810 0.7016 17.0000 0.5080
62 1.1810 0.7016 17.0000 0.5080
34 1.6747 0.3823 18.5000 0.2842
34 1.8098 0.3824 18.0000 0.2842
42 1.1382 0.5476 18.0000 0.9417
62 1.2632 0.6774 19.0000 0.5965
62 1.2734 0.7097 16.0000 0.5244
62 1.2632 0.6774 19.0000 0.5965
62 1.2734 0.7097 16.0000 0.5244
62 1.2632 0.6774 19.0000 0.5965
62 1.2734 0.7097 16.0000 0.5244
42 1.2040 0.5238 20.0000 0.9417
41 1.4736 0.5641 17.0000 0.1470
42 1.2066 0.5357 18.0000 0.9265
46 1.2318 0.4318 25.0000 0.9477
33 1.1278 0.7031 10.5000 0.8980
46 1.2454 0.3864 26.0000 0.9477
42 1.2853 0.5250 18.0000 0.7428
20 1.2601 0.2778 12.0000 0.9324
62 1.2326 0.7787 13.0000 0.2399
62 1.2121 0.7705 13.0000 0.2639
19 1.2785 0.4118 10.5000 0.9225
62 1.2415 0.6452 20.5000 0.5161
62 1.2415 0.6452 20.5000 0.5161
62 1.2517 0.6935 18.0000 0.5223
62 1.1911 0.6452 18.5000 0.4723
62 1.2222 0.7419 15.0000 0.2289
62 1.1755 0.6935 18.0000 0.2218
46 1.1969 0.4091 25.0000 0.9477
88 1.2507 0.5114 41.0000 0.3963
88 1.2891 0.5455 37.0000 0.4580
46 1.2565 0.4348 22.0000 0.7739
14 1.1382 0.3333 9.0000 0.4789
46 1.2990 0.2273 21.0000 0.8930
46 1.2627 0.3636 27.0000 0.9477
46 1.2402 0.3864 27.0000 0.9477
46 1.2345 0.3864 27.0000 0.9477
46 1.2605 0.4318 25.0000 0.9477
46 1.2845 0.5000 23.0000 0.9205
64 1.3089 0.4766 27.0000 0.5670
45 1.2363 0.6396 17.5000 0.5795
46 1.2061 0.3409 20.0000 0.9603
42 1.1587 0.6905 13.0000 0.8799
42 1.1535 0.6786 13.0000 0.8799
32 1.2048 0.6875 10.0000 0.7468
44 1.2536 0.5714 18.0000 0.9059
42 1.1923 0.5595 17.5000 0.9417
42 1.1266 0.5238 19.0000 0.6606
42 1.1953 0.5833 16.0000 0.9417
42 1.2231 0.4643 20.0000 0.9417
42 1.2022 0.4762 18.0000 0.7224
42 1.1963 0.4048 21.0000 0.7516
42 1.1955 0.4750 17.5000 0.8569
44 1.3315 0.5455 20.0000 0.6230
42 1.2208 0.4643 19.0000 0.8745
33 1.2954 0.2903 18.0000 0.9477
33 1.2847 0.2903 20.0000 0.3676
42 1.2810 0.5000 19.0000 0.4995
42 1.1835 0.5357 18.5000 0.9113
19 1.2912 0.2941 12.0000 0.8597
84 1.3192 0.5714 35.0000 0.3367
16 1.2514 0.5000 8.0000 0.2513
60 1.1742 0.6667 20.0000 0.7837
41 1.3967 0.5897 18.0000 0.2636
60 1.2051 0.7328 17.5000 0.8237
41 1.4299 0.4474 21.5000 0.2634
86 1.2433 0.5116 37.0000 0.5722
92 1.2474 0.5109 38.5000 0.6348
92 1.3176 0.5109 40.0000 0.9018
88 1.2384 0.5284 37.0000 0.9264
92 1.3493 0.4239 44.0000 0.8671
88 1.2431 0.4716 43.0000 0.9407
88 1.3352 0.4829 39.0000 0.6544
81 1.2777 0.4815 41.5000 0.8208
16 1.4034 0.1429 11.0000 0.2615
16 1.2614 0.3750 10.0000 0.9220
91 1.2660 0.5556 34.0000 0.8843
92 1.1759 0.5870 34.0000 0.8967
91 1.2254 0.5604 36.5000 0.8916
91 1.2684 0.5604 36.5000 0.8291
65 1.2040 0.5469 28.5000 0.6151
16 1.2474 0.1250 12.0000 0.9220
16 1.2554 0.3125 9.0000 0.9220
82 1.2787 0.4756 39.0000 0.5328
923 1.4530 0.6701 285.0000 0.4073
73 1.1456 0.8082 14.0000 0.4792
11 1.8568 0.0909 10.0000 0.2756
73 1.2435 0.5616 32.0000 0.4299
73 1.2274 0.5890 28.0000 0.7030
184 1.6233 0.3804 92.0000 0.3649
22 1.2858 0.0455 16.0000 0.9466
22 1.3645 0.2273 12.0000 0.7114
22 1.1890 0.1364 11.0000 0.9466
28 1.1802 0.5000 13.0000 0.9560
70 1.3012 0.3863 31.5000 0.8131
74 1.2868 0.3571 35.0000 0.9657
72 1.2961 0.4486 30.5000 0.8413
70 1.3307 0.3824 34.0000 0.8882
70 1.3619 0.4697 31.0000 0.8712
72 1.3268 0.4706 33.0000 0.8713
70 1.2672 0.4318 30.0000 0.8131
74 1.2573 0.3571 35.0000 0.8959
70 1.2827 0.4242 31.0000 0.8131
74 1.2968 0.3857 35.0000 0.8770
86 1.2607 0.6279 31.0000 0.8216
87 1.3215 0.5402 38.0000 0.7586
86 1.2521 0.6279 31.5000 0.7624
86 1.3013 0.5349 37.5000 0.8493
86 1.2222 0.5581 35.5000 0.8113
82 1.2192 0.5122 38.5000 0.5531
86 1.1736 0.6105 32.5000 0.8378
87 1.2689 0.5402 36.0000 0.8646
86 1.2127 0.6047 32.5000 0.7984
86 1.2382 0.5349 38.0000 0.7048
86 1.2643 0.5872 32.0000 0.8048
86 1.2780 0.5698 32.0000 0.8442
86 1.2135 0.5930 35.0000 0.7181
87 1.3352 0.5057 40.0000 0.7536
86 1.2062 0.6105 33.0000 0.8183
85 1.3058 0.5765 32.0000 0.8216
86 1.2314 0.6163 33.0000 0.8309
87 1.2777 0.5632 35.0000 0.8646
86 1.2510 0.5854 35.0000 0.9254
86 1.2500 0.5915 34.0000 0.8886
86 1.2700 0.5291 38.0000 0.5392
86 1.2326 0.5058 39.0000 0.6876
42 1.2199 0.6786 13.5000 0.8474
20 1.3472 0.3500 12.0000 0.3042
20 1.2982 0.3500 12.0000 0.3042
20 1.4209 0.4000 11.0000 0.3042
20 1.3503 0.4000 11.0000 0.3042
20 1.3894 0.3750 11.5000 0.3042
20 1.4154 0.3750 11.0000 0.3042
98 1.2436 0.4796 48.5000 0.8648
42 1.1467 0.5119 20.5000 0.9417
84 1.1829 0.6786 27.0000 0.5088
46 1.2519 0.4318 25.0000 0.9477
65 1.4443 0.4754 31.0000 0.1021
82 1.2013 0.7195 23.0000 0.5332
82 1.2299 0.6098 31.0000 0.4598
42 1.2194 0.6667 13.5000 0.9113
11 1.4381 0.3000 7.0000 0.6857
44 1.1878 0.5682 16.0000 0.7019
16 1.3321 0.3333 8.0000 0.8128
16 1.2824 0.4000 9.0000 1.0000
16 1.3260 0.2667 8.0000 0.8128
16 1.4955 0.2667 8.0000 1.0000
16 1.1971 0.2667 8.0000 0.8128
16 1.3895 0.2667 9.0000 0.5721
16 1.5227 0.4667 7.0000 0.3917
16 1.3512 0.3333 9.0000 0.8128
42 1.2089 0.5238 20.0000 0.7842
67 1.3600 0.3538 39.0000 0.8859
39 1.1909 0.5000 19.0000 0.9379
63 1.1538 0.8413 10.0000 0.9286
63 1.1738 0.8175 11.0000 0.9161
20 1.1704 0.2778 12.0000 0.9324
20 1.2493 0.2778 11.0000 0.9324
20 1.1967 0.2222 11.0000 0.9324
20 1.1242 0.2778 13.0000 0.9324
21 1.1433 0.6500 8.0000 0.8615
20 1.1890 0.6000 6.0000 0.7782
42 1.1341 0.6429 12.5000 0.9417
41 1.1723 0.8780 5.0000 0.2744
47 1.7063 0.4043 28.0000 0.7542
47 1.6700 0.4255 26.0000 0.8562
46 1.7392 0.4130 25.0000 0.6813
48 1.6641 0.3750 26.0000 0.6521
40 1.2197 0.5128 18.0000 0.6600
46 1.5517 0.3913 24.0000 0.6744
46 1.4338 0.4130 22.0000 0.6683
46 1.6657 0.3913 23.0000 0.5939
47 1.2915 0.5106 20.0000 0.8158
47 1.3067 0.4894 21.0000 0.7290
47 1.2973 0.5532 19.0000 0.7290
15 1.2266 0.2308 10.0000 0.8063
55 1.8194 0.4074 26.0000 0.2134
84 1.3683 0.4762 39.5000 0.5214
83 1.3861 0.4458 41.0000 0.5005
62 1.1775 0.6371 21.5000 0.6288
62 1.1810 0.7016 17.0000 0.5080
60 1.7121 0.3729 31.0000 0.7445
59 1.6792 0.3684 29.0000 0.5142
61 1.7781 0.3584 34.0000 0.6103
61 1.6577 0.3667 34.0000 0.6103
62 1.2632 0.6774 19.0000 0.5965
62 1.2734 0.7097 16.0000 0.5244
87 1.4463 0.5287 35.5000 0.3963
87 1.4454 0.4598 41.0000 0.2179
87 1.4797 0.5000 39.0000 0.3973
87 1.4117 0.4311 43.0000 0.4920
87 1.4286 0.5057 38.0000 0.4083
87 1.4623 0.5172 37.0000 0.5222
84 1.4017 0.6011 33.0000 0.4879
84 1.2946 0.5952 33.5000 0.4429
84 1.4475 0.5952 32.5000 0.3800
84 1.3199 0.5833 34.0000 0.4041
84 1.3720 0.6011 33.5000 0.5895
84 1.3498 0.5952 32.0000 0.4676
84 1.3626 0.6190 32.0000 0.5789
84 1.3538 0.5655 34.0000 0.3887
84 1.4566 0.6250 30.0000 0.6145
84 1.3163 0.6429 29.5000 0.6395
84 1.3455 0.6310 30.5000 0.5404
84 1.3169 0.5238 38.0000 0.6081
30 1.4242 0.2593 17.0000 0.9341
28 1.3998 0.3269 16.0000 0.8792
26 1.2632 0.4167 10.0000 0.8629
85 1.4535 0.6177 30.0000 0.1419
85 1.3020 0.5647 35.5000 0.4920
84 1.4029 0.6369 30.0000 0.3329
84 1.3120 0.5238 39.0000 0.3074
83 1.3049 0.5422 35.0000 0.3514
83 1.3148 0.5542 34.0000 0.4735
83 1.3590 0.4638 40.0000 0.4493
20 1.4061 0.4500 9.0000 0.4836
18 1.2010 0.4118 10.0000 0.9320
28 1.3371 0.3077 16.0000 0.8792
29 1.4036 0.3462 16.0000 0.9670
28 1.3599 0.2800 17.0000 1.0000
27 1.3418 0.3800 15.5000 0.9339
28 1.3206 0.2308 18.0000 1.0000
28 1.3602 0.3462 16.0000 1.0000
28 1.3559 0.3462 16.5000 0.9670
75 1.2039 0.6081 26.0000 0.4072
73 1.1455 0.8082 14.0000 0.4792
40 1.3659 0.4615 18.0000 0.7192
31 1.6574 0.2250 22.5000 0.8638
60 1.5583 0.3559 31.0000 0.4589
60 1.7391 0.3898 30.0000 0.4511
12 1.1694 0.5833 5.0000 0.5563
45 1.1175 0.2326 30.0000 0.8938
45 1.2380 0.2907 22.5000 0.9217
45 1.1902 0.3023 20.0000 0.9217
60 2.0189 0.3559 31.0000 0.6138
60 2.0162 0.3220 31.5000 0.6172
45 1.2705 0.2326 31.5000 0.8938
45 1.2046 0.1860 30.0000 0.8938
158 1.9460 0.4299 78.5000 0.1200
17 1.8530 0.3529 11.0000 0.4896
87 1.3997 0.4943 39.0000 0.6155
40 1.5454 0.3684 20.0000 0.6419
73 1.1551 0.7260 20.0000 0.7790
18 1.2538 0.3125 10.0000 0.2680
16 1.2093 0.4286 8.0000 0.8897
16 1.4647 0.3214 9.0000 0.3315
73 1.1788 0.8219 13.0000 0.4959
73 1.1421 0.8219 13.0000 0.7023
91 1.2355 0.5165 38.0000 0.4727
73 1.1156 0.9452 4.0000 0.4742
91 1.3130 0.5165 41.0000 0.6337
73 1.1312 0.8767 9.0000 0.4959
91 1.2121 0.5714 34.0000 0.6845
73 1.5420 0.5958 29.0000 0.5530
62 1.2298 0.6129 19.5000 0.5677
73 1.2046 0.6027 28.0000 0.7030
73 1.2319 0.5958 28.5000 0.4921
40 1.4722 0.3590 20.0000 0.7696
99 1.5061 0.5253 40.0000 0.2023
254 1.6483 0.4292 122.0000 0.4569
229 1.6343 0.4476 111.0000 0.3070
42 1.5922 0.4103 24.0000 0.8320
25 1.2247 0.4348 14.0000 0.7961
25 1.2484 0.4348 14.0000 0.7961
25 1.2268 0.4348 14.0000 0.6652
25 1.2450 0.4348 14.0000 0.9111
22 1.2700 0.0455 13.0000 0.8707
83 1.2178 0.6386 29.5000 0.2354
85 1.2133 0.6588 29.0000 0.4315
82 1.2024 0.6890 25.5000 0.3337
83 1.2217 0.6829 27.0000 0.4321
169 1.3935 0.5000 76.5000 0.4257
910 1.6515 0.6094 327.0000 0.1877
146 1.2528 0.5239 65.0000 0.3185
20 1.1784 0.2778 13.5000 0.9324
15 1.2246 0.1538 11.0000 0.8063
59 1.7440 0.3103 36.0000 0.7056
59 1.7446 0.3448 35.0000 0.6118
73 1.1218 0.8630 10.0000 0.4847
73 1.1289 0.8630 10.0000 0.2414
73 1.1165 0.8904 8.0000 0.4964
73 1.1000 0.9178 6.0000 0.4959
73 1.1014 0.9178 6.0000 0.4959
73 1.1162 0.8767 9.0000 0.4635
103 1.5294 0.5243 42.0000 0.4502
40 1.7243 0.4103 20.0000 0.8938
40 1.4486 0.4474 18.0000 0.6596
40 1.4081 0.4211 18.0000 0.5617
40 1.4947 0.3590 19.0000 0.6421
40 1.4689 0.3077 19.0000 0.7192
40 1.5071 0.3077 22.0000 0.6774
40 1.6193 0.2821 21.0000 0.3606
40 1.4469 0.3205 20.0000 0.6269
44 1.1822 0.6429 16.0000 0.7252
44 1.1865 0.6905 15.0000 0.7516
101 1.5522 0.5446 42.0000 0.4605
103 1.4870 0.5292 43.0000 0.5209
41 1.2210 0.6220 15.5000 0.6747
42 1.2349 0.5238 17.0000 0.6606
295 1.5905 0.4373 140.5000 0.6447
176 1.5112 0.4688 85.0000 0.4059
296 1.7635 0.4291 145.5000 0.4274
59 2.1383 0.3190 32.0000 0.5519
29 1.3282 0.2692 18.0000 0.9340
12 1.4024 0.2500 8.0000 0.3234
12 1.4560 0.3333 5.5000 0.3234
12 1.3753 0.3333 6.0000 0.3234
12 1.4074 0.2500 7.0000 0.3234
12 1.1742 0.5833 5.0000 0.3234
12 1.2203 0.6667 4.0000 0.6969
12 1.1272 0.6667 4.0000 0.6969
12 1.1932 0.6667 4.0000 0.6969
12 1.1670 0.6667 4.0000 0.6969
45 1.2940 0.3214 21.0000 0.9476
87 1.2553 0.4770 43.0000 0.5744
87 1.4382 0.5116 39.0000 0.4466
95 1.2439 0.5957 39.0000 0.7704
238 1.6736 0.4769 103.5000 0.5610
95 1.6480 0.5474 39.0000 0.3416
95 1.7234 0.5526 36.0000 0.5348
13 1.4042 0.5000 5.0000 0.3234
13 1.3805 0.6250 5.5000 0.8597
64 1.2470 0.4688 29.0000 0.8381
64 1.2845 0.5000 29.0000 0.6770
64 1.2905 0.6172 24.0000 0.3296
28 1.3015 0.3929 15.0000 0.6671
28 2.0507 0.3392 15.5000 0.3272
29 1.4778 0.3448 17.0000 0.3493
29 1.4748 0.3793 15.0000 0.2153
41 1.7433 0.3902 22.5000 0.6424
87 1.3751 0.5632 35.0000 0.5109
621 2.1382 0.5507 240.0000 0.1593
621 2.1498 0.5467 240.5000 0.1618
19 1.1418 0.2222 7.0000 0.8507
40 1.5585 0.4474 22.0000 0.7634
40 1.4566 0.4103 20.0000 0.7192
40 1.4964 0.3947 21.5000 0.6982
157 1.5574 0.6751 46.0000 0.2909
157 1.5421 0.6624 48.5000 0.3211
163 1.2936 0.4907 79.0000 0.6905
97 1.2975 0.6701 31.5000 0.6414
23 1.7849 0.4348 11.0000 0.3972
386 1.4520 0.5389 156.0000 0.3509
18 1.1723 0.1111 11.0000 0.9324
19 1.1585 0.6316 6.5000 0.8768
14 1.2807 0.1538 11.0000 0.6985
25 1.2618 0.5200 12.0000 0.9114
25 1.2618 0.5200 12.0000 0.9114
25 1.2423 0.8000 5.0000 1.0000
25 1.2822 0.7000 7.5000 1.0000
25 1.2952 0.8400 4.0000 0.5105
25 1.3242 0.7600 6.0000 0.8145
34 1.2850 0.4412 18.0000 1.0000
923 1.7110 0.5580 366.5000 0.3659
923 1.6755 0.4908 426.5000 0.4270
29 1.2145 0.3793 14.0000 0.8145
26 1.3633 0.7500 7.0000 0.7251
26 1.2957 0.4583 13.0000 0.9113
26 1.2959 0.4583 13.0000 0.9113
217 1.7103 0.5092 98.0000 0.2121
458 1.2258 0.8395 71.5000 0.3529
54 1.3062 0.3333 30.0000 0.5892
43 1.1888 0.2093 29.0000 0.6907
25 1.2917 0.2400 16.0000 0.5717
62 1.1777 0.6774 18.0000 0.8093
20 1.2757 0.4500 9.0000 0.9330
20 1.2975 0.4500 10.0000 0.9330
20 1.4449 0.5500 9.0000 1.0000
20 1.2721 0.4250 9.5000 0.9330
19 1.3256 0.3421 12.5000 0.6990
43 1.2759 0.2907 25.0000 0.7374
98 1.1568 0.6837 31.0000 0.7865
55 1.4088 0.6000 21.0000 0.3519
55 1.5672 0.5943 23.0000 0.2400
63 1.2652 0.3279 34.0000 0.9281
944 1.5844 0.5949 348.5000 0.4010
944 1.5793 0.6246 329.5000 0.3781
402 1.1699 0.8209 70.0000 0.3667
109 1.2998 0.4495 51.0000 0.5573
130 1.3868 0.4000 68.0000 0.6142
20 1.2243 0.3158 12.0000 0.2741
98 1.4522 0.5104 44.0000 0.5948
146 1.2867 0.7021 43.0000 0.3795
453 1.1128 0.8830 51.0000 0.4482
146 1.2679 0.6884 45.0000 0.7297
453 1.1114 0.8775 53.5000 0.4567
54 1.3393 0.4074 26.0000 0.9065
85 1.3382 0.5294 35.0000 0.5522
87 1.2864 0.5287 38.0000 0.5454
472 1.1324 0.9576 20.0000 0.1005
927 1.4004 0.6597 293.5000 0.4316
924 1.4106 0.6753 278.0000 0.4136
924 1.4025 0.6618 284.5000 0.4091
924 1.4203 0.6764 278.0000 0.4080
924 1.4063 0.6753 278.5000 0.3992
924 1.4026 0.6662 288.0000 0.4190
924 1.4078 0.6743 279.0000 0.4140
64 1.2469 0.4688 29.0000 0.8381
79 1.8498 0.5696 30.0000 0.4597
928 1.4344 0.6843 277.5000 0.4286
928 1.4322 0.6854 276.5000 0.3983
928 1.4327 0.6853 271.0000 0.4186
928 1.5232 0.6557 299.5000 0.3503
453 1.0741 0.9823 8.0000 0.4348
453 1.0745 0.9868 6.0000 0.4675
453 1.0743 0.9868 6.0000 0.4715
453 1.0756 0.9868 6.0000 0.4860
453 1.0816 0.9757 11.0000 0.4015
453 1.0806 0.9757 11.0000 0.3345
453 1.0920 0.9625 17.0000 0.3063
453 1.0887 0.9713 13.0000 0.3165
24 1.3523 0.3409 12.0000 0.9466
22 1.1468 0.4091 11.0000 0.9466
465 1.1114 0.8473 69.0000 0.3283
52 1.3235 0.3462 27.0000 0.9786
210 1.6949 0.5262 87.0000 0.4269
120 1.2535 0.1417 100.0000 0.9831
62 1.1883 0.1048 51.0000 0.5223
48 1.2197 0.6667 15.0000 0.5071
48 1.2437 0.6250 16.5000 0.4661
49 1.2279 0.4286 27.0000 0.7437
48 1.2238 0.6042 17.0000 0.7612
48 1.3365 0.4896 21.5000 0.5914
48 1.1846 0.6250 18.0000 0.3291
48 1.3077 0.5833 19.0000 0.6418
48 1.1815 0.5729 20.0000 0.9063
48 1.2837 0.5208 21.0000 0.8209
48 1.2021 0.6458 16.0000 0.3092
36 1.9732 0.2143 25.0000 0.4052
98 1.3867 0.4541 42.5000 0.5055
50 1.1894 0.4600 21.0000 0.6457
44 1.3146 0.3095 22.0000 0.9476
944 1.4669 0.6771 288.0000 0.3602
84 1.2322 0.5774 31.0000 0.6091
65 1.2597 0.6231 23.0000 0.9519
242 1.4484 0.3471 127.0000 0.2392
242 1.4458 0.3367 130.5000 0.2385
73 1.1860 0.8356 12.0000 0.5064
71 1.2481 0.2286 55.0000 0.0760
87 1.2784 0.5690 32.5000 0.6346
87 1.2649 0.5517 36.0000 0.6146
87 1.2366 0.5977 33.0000 0.4689
86 1.3390 0.4593 40.0000 0.5738
84 1.2280 0.5714 35.0000 0.5420
51 1.2616 0.5100 23.0000 0.4380
51 1.2338 0.5714 22.0000 0.6258
51 1.2401 0.4500 24.5000 0.6737
51 1.2834 0.4510 27.0000 0.7866
51 1.2647 0.5392 23.5000 0.7170
51 1.2712 0.4510 26.0000 0.5357
51 1.2559 0.4902 24.0000 0.7929
51 1.2221 0.5800 21.5000 0.5326
51 1.2489 0.5200 23.0000 0.7069
51 1.2423 0.5000 24.0000 0.4962
51 1.3376 0.5196 23.0000 0.7684
51 1.3170 0.5686 21.0000 0.6850
51 1.3029 0.4706 26.0000 0.7186
51 1.2260 0.5098 23.0000 0.5270
924 1.4042 0.6666 289.0000 0.4006
86 1.3459 0.4186 46.0000 0.4231
86 1.3599 0.4186 43.5000 0.4223
13 1.9679 0.3461 7.0000 0.6945
14 1.3025 0.2143 10.0000 0.8078
14 1.3135 0.2143 11.0000 0.5927
14 1.4198 0.4286 8.0000 0.9079
14 1.3035 0.2143 10.5000 0.9079
15 1.1882 0.3333 10.0000 0.9215
15 1.3049 0.3667 9.0000 0.8373
15 1.2222 0.4000 9.0000 0.9215
15 1.2736 0.6000 6.0000 0.4518
34 1.3212 0.5147 16.5000 0.5941
35 1.1308 0.6000 14.0000 0.5196
46 1.4998 0.3913 26.0000 0.3354
35 1.2483 0.6000 14.0000 0.7030
32 1.1251 0.6875 10.0000 0.7960
31 1.1454 0.7097 9.0000 0.7575
32 1.1499 0.6562 11.0000 0.7578
32 1.1628 0.6250 12.0000 0.7396
73 1.2738 0.6575 22.5000 0.4059
73 1.2200 0.7808 16.0000 0.4903
73 1.2388 0.7466 18.0000 0.2605
73 1.1643 0.8082 14.0000 0.4964
73 1.2388 0.7466 18.0000 0.2605
73 1.1566 0.6917 22.5000 0.4756
73 1.2450 0.5753 28.0000 0.3853
75 1.2936 0.4067 38.5000 0.8166
42 1.2463 0.5000 21.0000 0.9696
42 1.1749 0.5476 18.0000 1.0000
42 1.3032 0.5119 20.0000 0.9696
42 1.1761 0.4524 22.0000 1.0000
909 1.3971 0.6854 268.0000 0.3741
941 1.3867 0.6913 269.0000 0.3433
947 1.3315 0.7371 237.5000 0.3688
946 1.3638 0.7214 249.5000 0.3572
946 1.3527 0.7230 249.5000 0.3549
946 1.3436 0.7410 238.5000 0.3260
946 1.3459 0.7500 231.5000 0.3678
70 1.2102 0.6286 25.0000 0.4803
621 2.1544 0.4972 258.0000 0.1889
37 1.2967 0.3108 19.0000 0.3387
949 1.3274 0.7482 228.5000 0.3272
949 1.3293 0.7397 237.5000 0.3365
949 1.3445 0.7366 238.5000 0.3318
447 1.3422 0.7997 87.0000 0.2842
35 1.5274 0.2647 23.5000 0.7251
85 1.1956 0.5647 30.0000 0.5639
90 1.2909 0.4556 45.5000 0.7956
90 1.2449 0.4111 46.0000 0.5830
90 1.2965 0.4111 46.0000 0.7993
90 1.3143 0.3945 46.5000 0.6648
90 1.3824 0.4612 45.0000 0.6453
86 1.2020 0.6395 29.0000 0.8056
42 1.1945 0.3875 23.0000 0.9727
57 1.4887 0.2105 34.0000 0.4893
58 1.5946 0.2931 34.5000 0.4658
58 1.5270 0.2759 34.0000 0.4403
58 1.5926 0.3103 33.0000 0.5580
130 1.3566 0.5078 56.0000 0.6803
63 1.1455 0.3306 34.0000 0.9467
63 1.1509 0.3226 33.5000 0.9467
62 1.5534 0.3770 36.0000 0.9251
58 1.6408 0.3103 32.0000 0.5509
58 1.5474 0.3103 32.0000 0.5341
17 1.2858 0.3750 10.0000 0.9092
17 1.2746 0.1250 10.0000 0.9092
66 1.4326 0.4545 32.0000 0.9086
61 1.4865 0.3500 35.5000 0.8987
63 1.5377 0.3968 33.0000 0.8880
66 1.8312 0.4091 32.5000 0.8772
66 1.8413 0.4015 34.5000 0.8716
174 1.4479 0.3506 86.5000 0.4261
118 1.3165 0.4492 57.5000 0.3232
118 1.3962 0.4237 61.0000 0.4225
55 1.2949 0.3585 29.5000 0.8560
55 1.4202 0.3818 30.0000 0.8551
90 1.3104 0.4444 43.5000 0.6873
55 1.3698 0.3091 30.0000 0.8804
55 1.3275 0.3727 28.5000 0.8832
55 1.3668 0.3636 29.0000 0.8491
73 1.1860 0.8356 12.0000 0.5064
949 1.3220 0.7397 236.5000 0.3347
37 1.3359 0.3889 23.0000 0.5529
38 1.3169 0.3784 22.0000 0.4819
239 1.5632 0.4916 106.0000 0.3287
498 1.1018 0.9659 15.5000 0.3979
64 1.2711 0.5078 29.0000 0.5828
457 1.0782 0.9847 7.0000 0.4598
481 1.0856 0.9813 9.0000 0.3854
457 1.0759 0.9869 6.0000 0.4566
457 1.0770 0.9847 7.0000 0.4679
737 1.5511 0.5611 290.0000 0.4574
802 1.5421 0.5530 322.0000 0.4516
853 1.3676 0.5979 317.0000 0.4013
844 1.4990 0.5930 316.0000 0.4269
886 1.5153 0.6462 294.0000 0.3957
881 1.4312 0.5823 331.5000 0.3759
469 1.1332 0.8252 78.5000 0.4399
63 1.1808 0.3443 34.0000 0.9637
47 1.3809 0.2128 37.0000 0.8306
62 1.2398 0.2417 33.0000 0.9637
881 1.2283 0.7196 217.0000 0.5483
66 1.4852 0.3516 40.0000 0.7833
104 1.2427 0.1176 81.0000 0.9899
120 1.2507 0.1144 94.0000 0.9913
80 1.3012 0.1282 64.0000 0.9866
104 1.2494 0.1078 83.5000 0.9899
120 1.2445 0.0762 96.5000 0.9913
80 1.2757 0.0897 65.5000 0.9866
69 1.4337 0.3188 37.0000 0.4531
69 1.4424 0.4203 39.0000 0.5034
69 1.4365 0.3623 38.0000 0.6276
69 1.4392 0.3695 36.5000 0.5789
69 1.3774 0.3768 37.0000 0.5421
69 1.4139 0.3913 37.0000 0.5255
69 1.3891 0.4203 36.0000 0.5073
69 1.4249 0.3985 36.5000 0.5338
69 1.4170 0.4203 36.5000 0.5148
69 1.4012 0.4058 37.0000 0.5327
68 1.3785 0.4192 36.0000 0.5361
72 1.5000 0.3889 36.0000 0.4725
72 1.4729 0.4167 37.5000 0.5046
72 1.5076 0.4445 36.0000 0.4881
72 1.5054 0.4375 36.0000 0.4610
87 1.2068 0.6294 31.5000 0.6583
61 1.5279 0.3250 36.0000 0.9000
52 1.2212 0.4712 24.0000 1.0000
52 1.2188 0.3269 29.0000 1.0000
52 1.2189 0.3269 29.0000 1.0000
52 1.2189 0.3269 29.0000 1.0000
52 1.2189 0.3269 29.0000 1.0000
52 1.3972 0.3846 27.0000 0.9324
52 1.2403 0.4134 25.5000 0.9353
90 1.4688 0.5556 36.0000 0.6578
95 1.2623 0.5368 42.0000 0.6980
79 1.2026 0.6203 25.0000 0.4498
