63 1.1543 0.6905 19.5000 0.7121
63 1.2054 0.6508 21.0000 0.5601
33 1.3014 0.6094 12.0000 0.5989
62 1.1261 0.7097 18.0000 0.3736
62 1.1418 0.8387 10.0000 0.3725
62 1.2315 0.6935 18.5000 0.2633
62 1.2315 0.6935 18.5000 0.2633
62 1.2268 0.6935 18.5000 0.3338
62 1.2251 0.6935 18.0000 0.3179
62 1.2282 0.6935 18.0000 0.3179
34 1.6046 0.3235 21.0000 0.2842
34 1.7031 0.2206 25.0000 0.2842
34 1.7581 0.2647 25.0000 0.2842
42 1.2294 0.4762 21.0000 0.8216
62 1.1942 0.7581 15.0000 0.3736
62 1.1647 0.7419 16.0000 0.3292
62 1.1942 0.7581 15.0000 0.3736
62 1.1647 0.7419 16.0000 0.3292
62 1.1942 0.7581 15.0000 0.3736
62 1.1647 0.7419 16.0000 0.3292
42 1.2995 0.4762 21.0000 0.7380
42 1.2286 0.5119 20.0000 0.6796
46 1.3052 0.4659 23.0000 0.8939
33 1.3307 0.6562 11.0000 0.7049
46 1.3045 0.4318 25.0000 0.8652
42 1.1815 0.6000 17.0000 0.6653
20 1.2167 0.2500 13.0000 0.9324
62 1.1798 0.7459 16.0000 0.3339
62 1.1848 0.7131 17.0000 0.3581
19 1.2851 0.4412 10.0000 0.9225
62 1.1868 0.6613 19.0000 0.3831
62 1.1868 0.6613 19.0000 0.3831
62 1.1746 0.6613 19.0000 0.3899
62 1.2312 0.7903 11.0000 0.4523
62 1.1648 0.8065 10.0000 0.2458
62 1.1908 0.7903 10.0000 0.2533
46 1.2672 0.4432 24.5000 0.8939
88 1.2712 0.5171 38.0000 0.6111
88 1.3522 0.6079 34.0000 0.6589
46 1.2024 0.4891 22.5000 0.6534
14 1.1083 0.2500 10.0000 0.4789
46 1.1862 0.3522 26.5000 0.9249
46 1.2985 0.4545 22.5000 0.8402
46 1.3238 0.4659 24.0000 0.8796
46 1.2773 0.5227 22.0000 0.8939
46 1.3346 0.4432 24.0000 0.9205
46 1.3157 0.3864 25.0000 0.8939
64 1.2235 0.5547 26.0000 0.3306
45 1.1830 0.4535 24.0000 0.6607
41 1.4428 0.4359 21.0000 0.2636
46 1.1490 0.3750 24.0000 0.8930
42 1.1895 0.5714 18.0000 0.7014
42 1.1458 0.5476 19.0000 0.7014
32 1.2802 0.4375 17.0000 0.7847
44 1.2257 0.5476 20.0000 0.7842
42 1.2117 0.4762 21.0000 0.6796
42 1.2407 0.5238 20.0000 0.6401
42 1.2746 0.4881 20.5000 0.7340
42 1.2537 0.5714 18.0000 0.7615
42 1.1869 0.5714 18.0000 0.6831
42 1.2295 0.5952 17.0000 0.7873
42 1.2626 0.5750 17.5000 0.6944
44 1.2729 0.4773 21.0000 0.5819
42 1.2081 0.6429 15.0000 0.8107
33 1.2526 0.3548 15.0000 0.7786
33 1.1740 0.2903 18.0000 0.3228
33 1.2591 0.3065 18.0000 0.3986
42 1.2774 0.4762 17.5000 0.7546
42 1.1839 0.4762 21.0000 0.6796
19 1.3116 0.3235 10.0000 0.8597
84 1.3112 0.5655 34.5000 0.3300
41 1.5406 0.4872 18.5000 0.1902
41 1.4969 0.4359 20.0000 0.1250
16 1.2021 0.3333 8.0000 0.2513
60 1.1543 0.4912 31.0000 0.5509
41 1.3419 0.5128 18.0000 0.1168
60 1.1753 0.5690 26.0000 0.5954
86 1.2562 0.6279 32.0000 0.8242
92 1.3464 0.4457 47.5000 0.9411
92 1.3089 0.4184 48.5000 0.8978
88 1.3589 0.4205 47.0000 0.9270
92 1.3700 0.3913 50.5000 0.9140
88 1.3536 0.4659 45.0000 0.9549
88 1.2954 0.4545 44.5000 0.9562
81 1.3426 0.3518 46.0000 0.8628
16 1.1449 0.3571 10.0000 0.9079
16 1.2601 0.4688 8.0000 0.9220
91 1.1671 0.5612 35.0000 0.8119
92 1.2336 0.4837 40.0000 0.8122
91 1.1709 0.5055 39.0000 0.9044
91 1.2987 0.4890 40.0000 0.7687
65 1.2311 0.5312 27.0000 0.6655
16 1.2598 0.4375 9.0000 0.9220
16 1.3612 0.4062 9.5000 0.8383
82 1.3003 0.5061 36.0000 0.5392
923 1.4093 0.6690 286.0000 0.4390
73 1.1783 0.8630 10.0000 0.3318
11 1.4927 0.3636 7.0000 0.2756
73 1.2224 0.5205 34.0000 0.2822
73 1.2426 0.5342 33.0000 0.2987
184 1.6874 0.3587 97.0000 0.4127
22 1.2461 0.3182 14.5000 0.9466
22 1.2994 0.0909 16.0000 0.6576
22 1.1814 0.1818 13.0000 0.9466
28 1.3194 0.3077 16.0000 0.9560
70 1.2938 0.3409 40.0000 0.5867
74 1.2432 0.4429 38.0000 0.6766
72 1.2853 0.3088 43.0000 0.6635
70 1.2397 0.3456 36.0000 0.8750
70 1.2569 0.3182 37.0000 0.8444
72 1.2361 0.3529 38.0000 0.8647
70 1.2839 0.3636 40.0000 0.7298
74 1.2094 0.4857 38.0000 0.5599
70 1.2508 0.4242 37.0000 0.7464
74 1.2268 0.4429 38.5000 0.3926
86 1.2472 0.5581 34.5000 0.6779
87 1.2744 0.5862 34.5000 0.8061
86 1.2341 0.5523 35.0000 0.7092
86 1.2542 0.6105 31.5000 0.6020
86 1.2464 0.5174 38.0000 0.6873
82 1.2061 0.4146 39.0000 0.5265
86 1.2139 0.5349 32.5000 0.7122
87 1.2573 0.5862 34.0000 0.5420
86 1.2280 0.5465 34.0000 0.7712
86 1.2447 0.6279 30.5000 0.6833
86 1.2161 0.5407 32.5000 0.7408
86 1.2572 0.5116 39.0000 0.5485
86 1.2022 0.5756 31.0000 0.7190
87 1.2750 0.5805 34.0000 0.6847
86 1.2511 0.5349 34.0000 0.7022
85 1.2368 0.5529 36.0000 0.4891
86 1.2180 0.5349 35.0000 0.6763
87 1.2126 0.6322 30.5000 0.5045
86 1.2350 0.5793 35.0000 0.5418
86 1.2464 0.5732 34.0000 0.6271
86 1.2402 0.5930 34.0000 0.8860
86 1.2295 0.5872 33.5000 0.5638
42 1.1857 0.5595 18.5000 0.7014
42 1.2175 0.7561 11.0000 0.2479
43 1.2234 0.5833 15.5000 0.5660
20 1.1646 0.4500 10.0000 0.7949
20 1.1648 0.4500 10.0000 0.8435
20 1.1821 0.4500 10.0000 0.8921
20 1.1674 0.4500 10.0000 0.8921
20 1.1730 0.4500 10.0000 0.8921
20 1.1779 0.4500 10.0000 0.7949
98 1.2818 0.4898 45.0000 0.6850
42 1.1534 0.5595 18.5000 0.6796
84 1.1807 0.6429 29.0000 0.4648
46 1.3074 0.4887 23.0000 0.8939
82 1.1981 0.6585 27.5000 0.3961
82 1.1983 0.6707 26.0000 0.2394
42 1.1884 0.6190 16.0000 0.7143
11 1.3893 0.2000 8.0000 0.6857
44 1.1637 0.5682 18.0000 0.6802
16 1.2167 0.5333 8.0000 0.3917
16 1.1338 0.5333 8.0000 0.4866
16 1.1874 0.6667 6.0000 0.3917
16 1.1333 0.5333 8.0000 0.4866
16 1.1496 0.6667 6.0000 0.3917
16 1.0958 0.5333 8.0000 0.3917
16 1.1355 0.6667 6.0000 0.3917
16 1.0909 0.5333 8.0000 0.3917
42 1.1519 0.5833 16.0000 0.7224
67 1.2284 0.3615 35.0000 0.8399
39 1.2552 0.3611 22.0000 0.8369
63 1.1982 0.7064 17.5000 0.4675
63 1.2053 0.7381 16.5000 0.6339
20 1.4366 0.4444 10.0000 0.8577
20 1.3202 0.5834 9.0000 0.9324
20 1.2935 0.3889 10.0000 0.9324
20 1.3307 0.3333 11.0000 0.9324
21 1.1979 0.3500 13.0000 0.8615
20 1.2325 0.3750 12.5000 0.8102
42 1.2412 0.4762 21.5000 0.5812
41 1.1783 0.5854 17.0000 0.5654
47 1.4263 0.4468 22.5000 0.6983
47 1.4115 0.4894 21.0000 0.7151
46 1.4366 0.4565 22.0000 0.6982
48 1.4319 0.4583 23.0000 0.7152
40 1.1694 0.4359 21.0000 0.8541
46 1.2631 0.4783 23.0000 0.4297
46 1.4094 0.4565 23.0000 0.6010
46 1.3727 0.4130 26.0000 0.6744
47 1.5326 0.4468 22.0000 0.8940
47 1.3625 0.4255 20.0000 0.5631
15 1.3447 0.1538 9.0000 0.8063
55 2.1241 0.2871 36.0000 0.2869
84 1.4458 0.4108 42.5000 0.3456
83 1.3815 0.3494 43.0000 0.4233
62 1.1878 0.7258 16.0000 0.2666
62 1.2309 0.6935 18.0000 0.2633
60 1.9763 0.3051 35.0000 0.7061
59 1.5789 0.3158 27.0000 0.4688
61 1.5819 0.3833 30.0000 0.6378
61 1.6139 0.3833 30.0000 0.7057
62 1.1942 0.7581 15.0000 0.3736
62 1.1647 0.7419 16.0000 0.3292
87 1.3005 0.4828 40.0000 0.4463
87 1.2376 0.4195 42.5000 0.5430
87 1.2816 0.4943 39.0000 0.4434
87 1.2986 0.4368 42.0000 0.5059
87 1.2824 0.4943 40.0000 0.5004
87 1.2454 0.4943 39.5000 0.7325
84 1.2430 0.5179 34.0000 0.2661
84 1.2755 0.5238 36.5000 0.4834
84 1.2478 0.5476 35.5000 0.3485
84 1.2158 0.5714 34.0000 0.4550
84 1.3155 0.4703 38.5000 0.5325
84 1.2403 0.5714 34.5000 0.4347
84 1.2828 0.4643 39.0000 0.4959
84 1.2530 0.5833 33.0000 0.3770
84 1.2482 0.5119 34.5000 0.5842
84 1.3010 0.5952 32.0000 0.4191
84 1.3634 0.4881 36.5000 0.4634
84 1.2486 0.5833 35.0000 0.2697
30 1.3069 0.2963 18.0000 0.9341
28 1.2464 0.3846 15.0000 0.8329
26 1.2952 0.4583 13.0000 0.8375
85 1.3662 0.5176 36.0000 0.1585
85 1.2790 0.5353 37.0000 0.4368
84 1.3595 0.5893 31.0000 0.3678
84 1.2612 0.5952 32.0000 0.4586
83 1.3201 0.5482 36.0000 0.2401
83 1.2861 0.5060 37.0000 0.5795
83 1.2982 0.5301 34.0000 0.4348
20 1.3331 0.4750 9.0000 0.7377
18 1.2446 0.3529 9.0000 0.9320
28 1.2247 0.4231 15.0000 0.9340
29 1.2908 0.3077 15.5000 1.0000
28 1.2588 0.4800 12.5000 1.0000
27 1.1892 0.3800 16.0000 0.9339
28 1.3270 0.2692 16.0000 0.9340
28 1.2553 0.2692 17.0000 0.9340
28 1.2131 0.2692 16.0000 0.9340
75 1.2687 0.6554 23.0000 0.3646
73 1.1780 0.8630 10.0000 0.2488
40 1.6732 0.2821 22.0000 0.8484
31 1.5916 0.1750 21.5000 0.6180
60 1.3635 0.3220 27.0000 0.4266
60 1.8576 0.3559 32.0000 0.3986
12 1.0828 0.0833 8.0000 0.5563
45 1.3664 0.3721 26.0000 0.8651
45 1.2717 0.4651 23.0000 0.9078
45 1.2887 0.4419 23.0000 0.8795
60 1.8541 0.2881 33.0000 0.6138
60 1.9852 0.3051 32.0000 0.5121
45 1.3022 0.3140 28.0000 0.8651
45 1.3531 0.3256 29.0000 0.8525
158 1.9967 0.4076 88.0000 0.1042
17 1.7074 0.5882 7.0000 0.4896
87 1.2722 0.4540 41.5000 0.6391
40 1.6583 0.3158 22.0000 0.7724
73 1.2486 0.6712 24.0000 0.4149
18 1.2546 0.3125 6.5000 0.2680
16 1.3442 0.4286 8.0000 0.8615
16 1.2609 0.2857 9.0000 1.0000
73 1.1979 0.7260 19.0000 0.2823
73 1.2240 0.7260 20.0000 0.4751
91 1.2887 0.5440 38.5000 0.7000
73 1.1942 0.8082 14.0000 0.4955
91 1.2787 0.5165 41.0000 0.6136
73 1.1671 0.7534 18.0000 0.4852
91 1.1974 0.5934 36.5000 0.6024
73 1.2462 0.4247 38.0000 0.5159
62 1.2422 0.6855 18.0000 0.6029
73 1.2337 0.4864 35.0000 0.2947
73 1.2446 0.4932 35.0000 0.3027
40 1.6892 0.4103 22.5000 0.7696
99 1.2948 0.5707 37.0000 0.3783
254 1.5570 0.4606 118.5000 0.4959
229 1.7447 0.4104 118.0000 0.2545
42 2.1858 0.3846 23.0000 0.7192
25 1.1914 0.6740 9.5000 0.3072
25 1.1976 0.5217 11.0000 0.7961
25 1.3074 0.6087 10.5000 0.6652
25 1.2958 0.4783 11.5000 0.8703
22 1.3883 0.1818 14.0000 0.9334
83 1.2030 0.6506 28.0000 0.3983
85 1.1793 0.6883 26.5000 0.4703
82 1.2200 0.6585 28.0000 0.4162
83 1.1948 0.6585 28.0000 0.4172
169 1.3738 0.4763 78.5000 0.3714
910 1.4349 0.6851 263.5000 0.2328
146 1.3517 0.4760 69.0000 0.3737
20 1.2630 0.3889 11.0000 0.2311
15 1.2406 0.2308 10.0000 0.8063
59 1.5698 0.3276 34.0000 0.7607
59 1.5869 0.3448 32.5000 0.8332
73 1.1955 0.8356 10.0000 0.4635
73 1.1694 0.8219 13.0000 0.4635
73 1.1862 0.8767 9.0000 0.4847
73 1.1704 0.8767 9.0000 0.4737
73 1.1795 0.8630 9.5000 0.4635
73 1.1826 0.8219 13.0000 0.4635
103 1.5192 0.5776 38.0000 0.4593
40 1.3769 0.5128 19.0000 0.7987
40 1.8585 0.5000 18.0000 0.7191
40 1.8901 0.5000 19.0000 0.6294
40 1.6426 0.4103 21.0000 0.9123
40 1.6631 0.3333 21.5000 0.7444
40 1.6285 0.4103 20.0000 0.9123
40 1.6042 0.4231 20.5000 0.9123
40 1.6608 0.4103 20.0000 0.7192
44 1.2128 0.5000 23.0000 0.7379
44 1.1795 0.5476 21.0000 0.6012
101 1.3752 0.5842 37.5000 0.4296
103 1.6429 0.5728 38.0000 0.6587
41 1.1936 0.6098 16.0000 0.8571
42 1.3562 0.6071 15.0000 0.6752
295 1.4693 0.5119 130.0000 0.7380
176 1.3027 0.4659 83.0000 0.3660
296 1.5139 0.4375 147.0000 0.4743
59 1.8549 0.2069 40.5000 0.5200
29 1.1537 0.4231 16.0000 1.0000
12 1.1078 0.0833 8.0000 0.3234
12 1.1287 0.0833 7.0000 0.3234
12 1.1347 0.0833 8.0000 0.3234
12 1.1420 0.0833 8.0000 0.3234
12 1.1445 0.5833 5.0000 0.3234
12 1.2419 0.2916 8.5000 0.6969
12 1.2204 0.2500 9.0000 0.6969
12 1.2334 0.3333 8.0000 0.6458
12 1.3479 0.2500 7.0000 0.3234
45 1.2179 0.5119 19.0000 0.9476
87 1.3765 0.5230 37.0000 0.3807
87 1.2736 0.4884 39.0000 0.5478
95 1.2201 0.5532 39.5000 0.7199
238 1.4715 0.4769 105.5000 0.6332
95 1.4425 0.4842 42.0000 0.3319
95 1.3758 0.4632 43.5000 0.4103
13 1.3003 0.2500 9.0000 0.3234
13 1.3417 0.2500 8.0000 0.3234
64 1.2805 0.4531 30.0000 0.5549
64 1.2296 0.5312 26.0000 0.4967
64 1.2836 0.5938 25.0000 0.5401
28 1.5620 0.5357 13.0000 0.6203
29 1.5335 0.5172 11.0000 0.6080
29 1.6851 0.5172 13.0000 0.1948
41 2.4272 0.4146 21.0000 0.7446
87 1.2617 0.5287 39.0000 0.5109
621 1.9066 0.5572 240.0000 0.1118
621 1.9271 0.5572 236.0000 0.1231
19 1.3634 0.1667 10.5000 0.7621
40 2.0574 0.3421 22.0000 0.7986
40 2.3055 0.3590 21.5000 0.7696
40 2.2688 0.3684 21.5000 0.7670
157 1.4873 0.6465 51.5000 0.3091
157 1.5408 0.6369 52.5000 0.3070
163 1.2550 0.4720 78.0000 0.6928
97 1.2016 0.6907 29.0000 0.8259
23 1.1395 0.5217 9.0000 0.5729
386 1.4422 0.5402 155.5000 0.3930
18 1.2786 0.3333 10.0000 0.8605
19 1.1212 0.5263 9.0000 0.7368
14 1.1027 0.4615 8.0000 0.3279
25 1.1676 0.4000 13.0000 0.2803
25 1.1674 0.4000 13.0000 0.2803
25 1.2705 0.4000 13.0000 0.9114
25 1.2126 0.4000 11.0000 1.0000
25 1.2254 0.6000 9.0000 0.5727
25 1.3068 0.4800 13.0000 0.7967
34 1.5336 0.3824 18.0000 1.0000
923 1.5872 0.5471 374.0000 0.3781
923 1.6069 0.5140 401.0000 0.3313
29 1.1517 0.3793 16.0000 0.9118
26 1.3057 0.4375 12.0000 0.3079
26 1.2898 0.4583 12.0000 0.5230
26 1.2898 0.4583 12.0000 0.5230
217 1.4417 0.5760 83.5000 0.3231
458 1.2292 0.8482 66.0000 0.3853
54 1.3003 0.3426 28.0000 0.6993
43 1.2021 0.3488 24.5000 0.7237
25 1.2804 0.4400 10.0000 0.2254
62 1.1979 0.7258 15.0000 0.3725
20 1.1433 0.4000 10.0000 1.0000
20 1.2717 0.3750 11.5000 0.9330
20 1.1253 0.4000 10.0000 1.0000
20 1.0949 0.4500 10.0000 0.9330
19 1.2036 0.2369 14.5000 0.9327
43 1.2694 0.3604 23.0000 0.8466
98 1.1877 0.5918 38.0000 0.7169
55 1.5885 0.5400 24.0000 0.7060
55 1.5902 0.5094 24.0000 0.5371
63 1.3049 0.4426 30.0000 0.9091
944 1.6101 0.5800 367.0000 0.3149
944 1.5274 0.5949 361.0000 0.2892
402 1.2107 0.8320 67.0000 0.2650
109 1.4789 0.4358 53.5000 0.5291
130 1.6266 0.3692 70.0000 0.4143
20 1.1243 0.1579 15.0000 0.2741
98 1.3878 0.4583 46.5000 0.6462
146 1.2093 0.6986 43.5000 0.6726
453 1.1157 0.8764 56.0000 0.3485
146 1.1705 0.7397 38.0000 0.7258
453 1.1192 0.8698 57.5000 0.3357
54 1.3227 0.2963 32.0000 0.9065
85 1.2131 0.4353 38.0000 0.5657
87 1.2206 0.5344 36.0000 0.5935
472 1.1074 0.9725 13.0000 0.0898
927 1.4302 0.6526 296.0000 0.4288
924 1.4333 0.6504 300.0000 0.4043
924 1.4373 0.6532 294.5000 0.4329
924 1.4062 0.6602 289.0000 0.4507
924 1.4294 0.6494 298.0000 0.3744
924 1.4136 0.6374 304.0000 0.4220
924 1.4293 0.6597 290.0000 0.4312
64 1.2831 0.4688 30.0000 0.5549
79 1.3658 0.5190 27.0000 0.3208
928 1.4304 0.6514 298.0000 0.4165
928 1.4163 0.6638 294.5000 0.3819
928 1.4037 0.6832 278.0000 0.3347
928 1.4653 0.6406 307.0000 0.3362
453 1.0801 0.9625 17.0000 0.2933
453 1.0905 0.9492 19.0000 0.2852
453 1.0837 0.9669 15.0000 0.2942
453 1.0891 0.9569 19.5000 0.2815
453 1.0987 0.9536 21.0000 0.2923
453 1.0913 0.9492 23.0000 0.2453
453 1.0958 0.9294 28.0000 0.1762
453 1.0951 0.9470 24.0000 0.2676
24 1.3108 0.4091 14.0000 0.9466
22 1.3035 0.2273 13.0000 0.9466
465 1.1248 0.8624 61.0000 0.3649
52 1.3899 0.2981 29.0000 0.9344
210 1.5029 0.4905 95.0000 0.3819
120 1.3883 0.1917 87.0000 0.9394
62 1.4602 0.1371 52.5000 0.5366
48 1.1780 0.5000 21.0000 0.4776
48 1.1860 0.5104 21.0000 0.3906
49 1.1858 0.5306 22.0000 0.2457
48 1.2347 0.5000 21.0000 0.5575
48 1.3142 0.4583 23.0000 0.8291
48 1.2010 0.5938 18.0000 0.2717
48 1.3297 0.3958 22.0000 0.4027
48 1.2470 0.4688 21.0000 0.3473
48 1.3054 0.4792 21.0000 0.1765
48 1.1962 0.5312 20.0000 0.4490
36 2.3223 0.3286 22.5000 0.4052
98 1.3172 0.4898 43.0000 0.5493
50 1.2645 0.4400 26.0000 0.2807
44 1.3190 0.4762 22.0000 0.9204
944 1.4348 0.6692 295.0000 0.3336
84 1.2655 0.5238 37.0000 0.7608
65 1.1999 0.5538 28.0000 0.8557
242 1.4215 0.3347 130.5000 0.3425
242 1.4359 0.3347 129.5000 0.3176
73 1.2182 0.6986 22.0000 0.4955
87 1.2552 0.5517 38.5000 0.5741
87 1.3050 0.5977 33.5000 0.5475
87 1.1969 0.6897 27.0000 0.6461
86 1.2283 0.4651 43.5000 0.5120
84 1.2084 0.5119 39.0000 0.4533
51 1.1831 0.5000 24.0000 0.6642
51 1.2376 0.4694 26.0000 0.5466
51 1.1911 0.4800 26.0000 0.7375
51 1.2496 0.3823 27.5000 0.7137
51 1.2914 0.4314 26.0000 0.7601
51 1.2403 0.3922 30.0000 0.7484
51 1.3525 0.3922 29.0000 0.6840
51 1.2140 0.5000 25.0000 0.7240
51 1.2206 0.5400 23.5000 0.7483
51 1.1837 0.4706 27.0000 0.6937
51 1.2998 0.4412 27.5000 0.7277
51 1.2578 0.4118 29.0000 0.8118
51 1.2142 0.3529 31.0000 0.7393
51 1.1975 0.4510 27.0000 0.7671
924 1.4335 0.6504 298.5000 0.4224
86 1.2589 0.3721 44.5000 0.3125
86 1.2933 0.4302 43.0000 0.4658
13 2.1753 0.3846 7.0000 0.6945
14 1.3815 0.0714 11.0000 0.9079
14 1.2324 0.2143 9.0000 0.9079
14 1.4365 0.1429 12.0000 0.9079
14 1.2732 0.0000 12.0000 0.9079
15 1.3049 0.0000 14.0000 0.9215
15 1.3064 0.2000 12.0000 0.9215
15 1.2282 0.2000 10.0000 0.9215
15 1.2851 0.2667 10.0000 0.8239
34 1.3545 0.2941 20.0000 0.4971
35 1.2327 0.3429 18.0000 0.4362
46 1.2814 0.2391 25.0000 0.3898
35 1.2539 0.3429 17.0000 0.4668
32 1.1788 0.5938 10.0000 0.7788
31 1.2087 0.6774 10.0000 0.8000
32 1.2033 0.5938 12.0000 0.7213
32 1.1561 0.6250 10.0000 0.7213
73 1.2727 0.6506 24.0000 0.3488
73 1.2291 0.6301 25.0000 0.4972
73 1.1977 0.6438 23.0000 0.4860
73 1.2058 0.6438 26.0000 0.2610
73 1.1977 0.6438 23.0000 0.4860
73 1.1862 0.6712 24.0000 0.4538
73 1.2224 0.5753 27.5000 0.5295
75 1.5526 0.5067 33.5000 0.7618
42 1.2147 0.2857 30.0000 0.8998
42 1.2998 0.3571 24.5000 0.7273
42 1.2206 0.3095 28.0000 0.9677
42 1.2700 0.3571 27.0000 0.6179
909 1.3835 0.6832 267.5000 0.2993
941 1.4080 0.6849 275.0000 0.3061
947 1.3311 0.7339 236.5000 0.2757
946 1.3468 0.7358 237.5000 0.3315
946 1.3628 0.7373 238.0000 0.3370
946 1.3594 0.7378 238.0000 0.3147
946 1.3430 0.7463 226.0000 0.2969
70 1.2799 0.5714 28.0000 0.3611
621 1.8387 0.5047 262.5000 0.1203
37 1.2074 0.3649 21.0000 0.4291
949 1.2635 0.7766 203.5000 0.2532
949 1.2670 0.7845 200.0000 0.2972
949 1.2725 0.7776 203.5000 0.2540
447 1.3357 0.8199 78.5000 0.3023
35 1.1534 0.1765 22.0000 0.8555
85 1.2140 0.5882 31.0000 0.6396
90 1.4053 0.3444 48.5000 0.8429
90 1.3458 0.4000 44.5000 0.8317
90 1.3590 0.4278 42.0000 0.8517
90 1.4230 0.4278 44.0000 0.6873
90 1.3945 0.3500 51.0000 0.8794
86 1.2253 0.7268 23.0000 0.7628
42 1.3249 0.4375 21.5000 0.9159
57 1.3464 0.2632 36.0000 0.5314
58 1.3952 0.2931 34.0000 0.5643
58 1.3480 0.2586 36.0000 0.5643
58 1.3479 0.2931 35.0000 0.7109
130 1.3222 0.5312 54.0000 0.3920
63 1.4039 0.3145 34.5000 0.9092
63 1.4016 0.3145 35.0000 0.9183
62 1.2897 0.2869 36.5000 0.8585
58 1.3539 0.3276 35.0000 0.7833
58 1.3480 0.3190 34.5000 0.7079
17 1.2378 0.3750 11.0000 0.8099
17 1.1212 0.5000 8.0000 0.8099
66 1.3624 0.4394 32.0000 0.8964
61 1.3266 0.3000 35.5000 0.8437
63 1.2633 0.2857 33.0000 0.7573
66 1.3199 0.2727 38.0000 0.8828
66 1.2731 0.2349 38.0000 0.9227
174 1.7485 0.3966 87.0000 0.4965
118 1.3465 0.3644 64.0000 0.5301
118 1.3053 0.3941 65.5000 0.4744
55 1.3231 0.3868 29.0000 0.8478
55 1.4298 0.3909 28.5000 0.8351
90 1.3195 0.5333 38.0000 0.5336
55 1.4229 0.4182 27.0000 0.8663
55 1.3695 0.3364 29.0000 0.8524
55 1.3618 0.3636 28.0000 0.8292
73 1.2182 0.6986 22.0000 0.4955
949 1.2744 0.7809 203.0000 0.2959
37 1.2503 0.4167 19.0000 0.4263
38 1.3796 0.2973 23.0000 0.4686
239 1.4267 0.5063 103.0000 0.3264
498 1.1174 0.9498 24.5000 0.3441
64 1.2170 0.5938 24.0000 0.5968
457 1.0848 0.9540 21.0000 0.2901
481 1.0810 0.9563 21.0000 0.2486
457 1.0804 0.9562 20.0000 0.2907
457 1.0859 0.9540 21.0000 0.2691
737 1.4343 0.5590 296.5000 0.4294
802 1.4776 0.5630 323.5000 0.4739
853 1.3679 0.5615 338.5000 0.3841
844 1.4944 0.6096 306.0000 0.4752
886 1.4688 0.6196 312.0000 0.4922
881 1.3977 0.5789 338.0000 0.4253
469 1.1364 0.8188 83.0000 0.2474
63 1.2664 0.3934 31.0000 0.9631
47 1.2285 0.1064 42.0000 0.7624
62 1.3102 0.3833 32.0000 0.9445
881 1.2830 0.7128 236.5000 0.5944
66 1.3401 0.2969 38.5000 0.8679
104 1.3637 0.1324 83.5000 0.9899
120 1.4219 0.1610 94.5000 0.9736
80 1.3805 0.1795 63.5000 0.9866
104 1.3641 0.1422 86.0000 0.9796
120 1.4110 0.1144 97.5000 0.9781
80 1.3748 0.2051 62.5000 0.9866
69 1.2196 0.3115 41.0000 0.3548
69 1.2530 0.3478 41.0000 0.3601
69 1.2549 0.3043 41.0000 0.2511
69 1.2621 0.3043 42.0000 0.2671
69 1.2442 0.3043 42.0000 0.2717
69 1.2185 0.3043 43.0000 0.2978
69 1.2597 0.3043 42.0000 0.2865
69 1.2906 0.3188 42.0000 0.2764
69 1.2480 0.3333 41.0000 0.3899
69 1.2571 0.3043 42.0000 0.3739
68 1.2619 0.3529 39.5000 0.4320
72 1.2921 0.3750 39.0000 0.5973
72 1.3209 0.3541 40.0000 0.4667
72 1.3257 0.3750 39.0000 0.4904
72 1.3318 0.3820 39.0000 0.5309
87 1.2805 0.4824 40.5000 0.4937
61 1.3193 0.3000 37.0000 0.8716
52 1.4111 0.3366 26.5000 0.9456
52 1.3090 0.3077 27.5000 1.0000
52 1.3088 0.3077 27.5000 1.0000
52 1.3088 0.3077 27.5000 1.0000
52 1.3088 0.3077 27.5000 1.0000
52 1.4579 0.2788 31.0000 0.9060
52 1.3860 0.2885 27.5000 0.8857
90 1.2898 0.4889 42.0000 0.4713
95 1.3154 0.4421 47.0000 0.4450
79 1.1854 0.6456 27.0000 0.7552
