63 1.2936 0.6746 20.0000 0.4652
63 1.2732 0.6825 19.0000 0.4949
33 1.4547 0.4375 16.0000 0.6483
62 1.2228 0.7419 16.0000 0.4977
62 1.1886 0.7581 14.0000 0.4451
62 1.2264 0.7097 17.5000 0.3436
62 1.2264 0.7097 17.5000 0.3436
62 1.2266 0.7097 17.5000 0.3436
62 1.2264 0.7097 17.5000 0.3436
62 1.2355 0.7097 17.0000 0.3436
34 1.8106 0.5588 13.0000 0.2842
34 1.7630 0.5000 16.0000 0.2842
42 1.3889 0.4762 19.0000 0.8015
62 1.2553 0.7258 16.0000 0.3642
62 1.2901 0.7581 14.5000 0.2135
62 1.2553 0.7258 16.0000 0.3642
62 1.2901 0.7581 14.5000 0.2135
62 1.2553 0.7258 16.0000 0.3642
62 1.2901 0.7581 14.5000 0.2135
42 1.3769 0.5476 18.5000 0.7497
41 1.4740 0.4359 24.0000 0.2636
42 1.3742 0.4524 22.0000 0.5618
46 1.3801 0.3522 26.0000 0.6761
33 1.2800 0.4375 16.0000 0.2861
46 1.3822 0.3864 24.0000 0.8348
42 1.3606 0.4500 21.0000 0.6168
20 1.4596 0.3333 11.0000 0.9324
62 1.2227 0.8033 13.0000 0.2440
62 1.2040 0.8033 13.0000 0.2632
19 1.1528 0.3529 10.0000 0.8391
62 1.2184 0.7419 16.0000 0.5158
62 1.2184 0.7419 16.0000 0.5158
62 1.2773 0.6855 19.0000 0.2403
62 1.3173 0.7742 14.0000 0.3434
62 1.2919 0.7742 14.0000 0.3016
62 1.2827 0.7742 14.0000 0.3189
46 1.4710 0.3409 25.0000 0.7732
88 1.4453 0.5114 41.0000 0.4468
88 1.5210 0.5625 35.0000 0.5770
46 1.3054 0.3478 25.0000 0.5063
14 1.3374 0.2500 9.0000 0.4789
46 1.3654 0.4091 21.0000 0.6145
46 1.4159 0.3636 25.0000 0.6286
46 1.5229 0.3864 26.0000 0.6441
46 1.4236 0.4091 25.0000 0.7217
46 1.4404 0.3522 27.0000 0.6694
46 1.3694 0.3409 25.0000 0.8042
64 1.2794 0.5312 28.0000 0.3264
45 1.2314 0.6279 18.0000 0.3821
46 1.3114 0.3522 21.0000 0.8792
42 1.3331 0.6071 16.0000 0.6036
42 1.3058 0.6190 16.0000 0.5812
32 1.3047 0.6562 11.0000 0.8744
44 1.3220 0.5833 19.0000 0.7740
42 1.3481 0.5119 19.0000 0.6874
42 1.2747 0.4524 21.5000 0.6831
42 1.3752 0.5714 16.5000 0.7873
42 1.4131 0.5476 17.0000 0.8816
42 1.3656 0.5000 21.0000 0.6831
42 1.4136 0.5000 19.0000 0.6874
42 1.2894 0.4250 22.0000 0.5438
44 1.2132 0.6136 17.0000 0.4490
42 1.4768 0.5714 17.0000 0.7080
33 1.4139 0.3065 20.0000 0.2835
33 1.3104 0.4516 17.0000 0.7786
33 1.2831 0.4516 15.5000 0.4368
42 1.3176 0.4762 19.0000 0.7546
42 1.3363 0.5476 18.0000 0.6012
19 1.3100 0.3529 12.0000 0.8209
84 1.4655 0.5476 35.0000 0.4658
41 1.4198 0.5256 18.5000 0.1046
16 1.1672 0.3333 8.0000 0.4715
60 1.3908 0.4211 30.0000 0.3528
60 1.2494 0.4310 29.5000 0.4398
86 1.2563 0.5872 35.0000 0.4941
92 1.3648 0.4403 48.5000 0.6944
92 1.3635 0.3804 50.0000 0.6342
88 1.2954 0.3693 49.0000 0.8381
92 1.3428 0.3424 50.0000 0.5059
88 1.4356 0.4432 44.5000 0.8266
88 1.3648 0.3693 47.0000 0.8294
81 1.2657 0.3951 45.5000 0.8519
16 1.4128 0.3571 8.5000 0.2615
16 1.6971 0.5625 6.0000 0.8383
91 1.3344 0.5111 41.0000 0.3071
92 1.2871 0.4891 41.5000 0.5665
91 1.3219 0.5275 40.5000 0.6281
91 1.2954 0.5550 37.0000 0.4253
65 1.3841 0.5469 28.5000 0.5975
16 1.4369 0.5000 7.0000 0.9220
16 1.4545 0.5625 6.0000 0.6609
82 1.3405 0.4024 42.5000 0.2935
923 1.4028 0.6587 293.5000 0.3669
73 1.2115 0.8287 12.5000 0.3754
11 1.2510 0.1818 9.0000 0.2756
73 1.3485 0.6232 27.0000 0.3066
73 1.3562 0.5753 30.0000 0.4052
184 1.5913 0.4076 92.0000 0.1939
22 1.5307 0.0455 17.5000 0.8313
22 1.4933 0.2727 14.0000 0.5392
22 1.4634 0.3182 9.5000 0.8313
28 1.4218 0.5769 11.0000 0.7580
70 1.4494 0.3257 34.5000 0.6907
74 1.3468 0.4143 37.0000 0.3949
72 1.3662 0.3382 36.0000 0.7142
70 1.3317 0.4559 33.0000 0.7101
70 1.3283 0.5000 32.0000 0.7681
72 1.3264 0.4265 33.5000 0.7223
70 1.3870 0.3560 35.0000 0.7629
74 1.3190 0.3857 38.0000 0.3740
70 1.3744 0.4015 35.5000 0.7834
74 1.3842 0.3857 36.0000 0.3355
86 1.3603 0.5000 39.0000 0.6751
87 1.3389 0.4713 40.0000 0.4728
86 1.3737 0.4942 39.0000 0.6806
86 1.3217 0.4942 40.0000 0.7287
86 1.3460 0.4884 40.0000 0.4695
82 1.3419 0.4634 37.5000 0.4938
86 1.3365 0.4884 40.0000 0.5235
87 1.3014 0.4598 42.0000 0.5098
86 1.2879 0.5058 38.5000 0.6008
86 1.3197 0.5058 37.0000 0.6795
86 1.3768 0.5291 38.0000 0.5143
86 1.3003 0.5233 39.0000 0.5745
86 1.3698 0.4884 40.0000 0.6641
87 1.3286 0.4943 39.0000 0.4722
86 1.3705 0.4942 39.0000 0.6641
85 1.3241 0.5235 38.0000 0.7065
86 1.3328 0.4884 40.0000 0.6995
87 1.3247 0.4483 42.0000 0.4968
86 1.2608 0.6585 30.0000 0.2954
86 1.2767 0.6463 31.0000 0.3695
86 1.3010 0.5058 37.0000 0.4837
86 1.2632 0.5349 36.5000 0.5006
42 1.2647 0.5476 18.0000 0.2383
42 1.2379 0.6098 16.0000 0.3018
43 1.4389 0.5834 15.5000 0.2071
20 1.2175 0.4000 11.0000 0.8921
20 1.1965 0.4000 11.0000 0.8921
20 1.2311 0.4000 11.0000 0.8921
20 1.2408 0.4000 11.0000 0.8921
20 1.2174 0.4000 11.0000 0.8921
20 1.2177 0.4000 11.0000 0.8921
98 1.3182 0.3673 56.5000 0.6210
42 1.3393 0.5476 18.0000 0.7662
84 1.2046 0.6786 26.0000 0.5604
46 1.4365 0.3636 26.0000 0.7787
65 1.6508 0.5164 27.0000 0.0876
82 1.2377 0.7561 19.0000 0.5627
82 1.2085 0.6220 31.0000 0.4274
42 1.3699 0.6667 13.0000 0.7252
11 1.4924 0.4000 6.0000 0.6857
44 1.2747 0.6136 16.5000 0.7257
16 1.3147 0.3333 8.0000 0.3917
16 1.3704 0.4000 7.0000 0.4866
16 1.4120 0.3333 9.0000 0.3917
16 1.2853 0.3333 9.0000 0.9064
16 1.4301 0.3333 9.0000 0.3917
16 1.3546 0.2667 8.5000 0.3917
16 1.2517 0.3333 8.0000 0.3917
16 1.3548 0.4000 8.0000 0.3917
42 1.2793 0.5119 19.5000 0.7080
67 1.3805 0.4000 35.0000 0.6905
39 1.3671 0.4444 22.0000 0.6061
63 1.1879 0.6349 22.0000 0.5483
63 1.1821 0.6508 21.5000 0.5483
20 1.3522 0.5555 8.0000 0.7830
20 1.2071 0.3889 9.0000 0.9324
20 1.2953 0.5556 8.0000 0.9324
20 1.3275 0.5556 9.0000 0.6182
20 1.3349 0.5500 8.0000 0.5832
42 1.3420 0.5000 19.0000 0.7615
41 1.3044 0.7073 12.0000 0.2217
47 1.4160 0.3404 27.0000 0.6103
47 1.3799 0.2979 27.0000 0.6543
46 1.4239 0.3261 27.0000 0.7332
48 1.4380 0.3333 28.0000 0.5947
40 1.2098 0.5897 15.0000 0.7409
46 1.4964 0.3696 26.0000 0.3556
46 1.4638 0.2718 29.0000 0.5649
46 1.5011 0.3696 26.0000 0.5454
47 1.3771 0.4255 24.0000 0.8940
47 1.3872 0.3830 24.0000 0.5653
47 1.5347 0.3724 25.0000 0.5835
15 1.4592 0.2308 8.0000 0.8063
55 1.5572 0.2407 28.0000 0.3467
84 1.4643 0.4108 43.5000 0.2132
83 1.4840 0.4096 40.0000 0.2696
62 1.2123 0.7097 18.0000 0.5223
62 1.2355 0.7097 17.0000 0.3436
60 1.6535 0.3729 31.0000 1.0000
59 1.5454 0.2807 30.0000 0.5423
61 1.6480 0.3250 33.5000 0.5426
61 1.5448 0.3500 32.0000 0.6462
62 1.2553 0.7258 16.0000 0.3642
62 1.2901 0.7581 14.5000 0.2135
87 1.4532 0.5114 40.0000 0.3442
87 1.3881 0.4368 46.5000 0.4305
87 1.3455 0.4540 43.0000 0.5008
87 1.3641 0.3793 46.0000 0.4382
87 1.3610 0.4253 43.0000 0.4706
87 1.3666 0.3908 44.0000 0.5489
84 1.4390 0.4703 41.5000 0.4536
84 1.4302 0.5060 39.0000 0.4731
84 1.4027 0.4940 39.5000 0.4773
84 1.4859 0.5119 40.0000 0.6644
84 1.5233 0.4821 43.0000 0.6027
84 1.5447 0.4762 41.5000 0.5176
84 1.5091 0.4821 43.0000 0.5733
84 1.5588 0.4643 42.5000 0.5176
84 1.4956 0.4762 42.0000 0.6077
84 1.4630 0.4940 38.5000 0.5579
84 1.4373 0.4762 44.0000 0.4488
84 1.5158 0.4286 44.0000 0.4488
30 1.4935 0.2222 18.0000 0.8543
28 1.3056 0.2692 17.0000 0.9244
26 1.5240 0.4375 14.5000 0.9113
85 1.6013 0.5059 38.0000 0.1555
85 1.5804 0.5294 39.5000 0.4259
84 1.4958 0.4524 43.0000 0.2685
84 1.4530 0.4881 42.0000 0.4640
83 1.4838 0.5060 37.0000 0.1734
83 1.4108 0.4819 37.0000 0.4306
83 1.4797 0.5060 37.5000 0.4866
20 1.5098 0.4000 8.0000 0.1032
18 1.4335 0.4118 7.0000 0.8597
28 1.3819 0.3846 13.0000 0.8541
29 1.2591 0.3077 16.0000 0.9244
28 1.3215 0.3600 14.5000 0.8539
27 1.2030 0.4000 14.5000 0.9243
28 1.2205 0.2308 15.0000 0.8541
28 1.2047 0.2308 15.0000 0.8541
28 1.1871 0.2308 15.0000 0.8541
75 1.2277 0.5000 34.0000 0.5106
73 1.2116 0.8287 12.5000 0.3754
40 1.2822 0.3077 23.0000 0.9123
31 1.4251 0.2500 24.0000 0.3990
60 1.4999 0.3898 28.0000 0.6791
60 1.6524 0.3729 30.0000 0.6730
12 1.5080 0.5000 6.0000 0.5563
45 1.2942 0.3023 28.0000 0.4370
45 1.3693 0.3488 23.0000 0.6931
45 1.3522 0.3953 22.0000 0.7055
60 1.6637 0.3051 29.0000 0.9126
60 1.5086 0.3389 31.0000 0.6625
45 1.3639 0.1860 31.0000 0.5505
45 1.3075 0.2326 29.5000 0.5515
158 1.9099 0.4745 73.0000 0.1362
87 1.3733 0.4598 42.5000 0.5737
40 1.3078 0.2500 23.0000 0.9122
73 1.2777 0.7740 16.5000 0.3599
18 1.4395 0.5625 7.0000 0.2680
16 1.1956 0.6429 7.0000 0.8897
16 1.3049 0.5000 8.0000 1.0000
73 1.2636 0.7123 21.0000 0.4643
73 1.2548 0.7602 17.0000 0.4754
91 1.3756 0.5604 39.0000 0.5232
73 1.2194 0.7808 16.0000 0.3776
91 1.3617 0.5275 41.5000 0.4967
73 1.2086 0.8082 14.0000 0.4906
91 1.2728 0.4945 42.0000 0.3774
73 1.2971 0.5342 32.0000 0.4350
62 1.2245 0.7097 17.0000 0.2138
73 1.3467 0.5890 28.0000 0.2661
73 1.3649 0.5685 29.0000 0.2763
40 1.2656 0.3205 24.0000 0.9123
99 1.5194 0.4646 49.0000 0.4629
254 1.7662 0.4272 128.0000 0.5957
229 1.8191 0.4497 108.5000 0.4600
42 1.3144 0.2821 25.0000 0.9123
25 1.0916 0.4348 15.0000 0.7961
25 1.0927 0.4348 15.0000 0.7961
25 1.1026 0.4348 15.0000 0.6652
25 1.0841 0.4348 15.0000 0.9111
22 1.4290 0.0909 10.0000 0.8623
83 1.2613 0.6085 30.5000 0.4555
85 1.2806 0.6353 29.0000 0.2204
82 1.2446 0.6585 24.0000 0.3730
83 1.2599 0.7317 22.0000 0.4954
169 1.3448 0.4260 84.0000 0.1749
910 1.5549 0.6275 307.5000 0.1754
146 1.3402 0.4281 75.0000 0.2943
20 1.3553 0.5556 8.0000 0.9324
15 1.4377 0.2308 9.0000 0.6940
59 1.6574 0.3017 32.0000 0.6144
59 1.5554 0.3621 30.0000 0.7488
73 1.2323 0.7808 16.0000 0.4635
73 1.2619 0.7602 17.5000 0.3804
73 1.1818 0.8219 13.0000 0.3776
73 1.2097 0.7808 16.0000 0.4538
73 1.2297 0.7808 16.0000 0.3860
73 1.2583 0.7671 17.0000 0.4114
103 1.4754 0.4224 52.5000 0.4871
40 1.3567 0.3590 22.0000 0.7987
40 1.2410 0.3026 23.0000 0.9122
40 1.2397 0.2895 23.0000 0.7986
40 1.2459 0.3846 22.0000 0.9123
40 1.3374 0.3333 23.0000 0.8320
40 1.3333 0.3333 23.0000 0.8320
40 1.2146 0.4103 24.0000 0.9123
40 1.3761 0.3461 23.0000 0.8320
44 1.3362 0.4762 22.0000 0.6662
44 1.3131 0.5000 21.0000 0.7198
101 1.4201 0.4505 48.0000 0.5125
103 1.4545 0.3883 53.0000 0.4689
41 1.3139 0.5610 17.0000 0.3929
42 1.4306 0.5476 16.0000 0.5760
295 1.6062 0.4475 142.0000 0.6104
176 1.4304 0.4574 84.5000 0.3046
296 1.7742 0.4071 152.5000 0.5039
59 1.6564 0.3707 30.0000 0.6649
29 1.4409 0.2692 16.0000 0.8541
12 1.3351 0.2500 8.0000 0.3234
12 1.2477 0.1667 8.0000 0.3234
12 1.2822 0.2500 8.0000 0.3234
12 1.3268 0.2500 8.0000 0.3234
12 1.4175 0.5000 6.0000 0.3234
12 1.2861 0.5833 5.0000 0.3234
12 1.3425 0.6250 4.5000 0.3234
12 1.3510 0.5000 6.0000 0.3234
12 1.3397 0.5000 6.0000 0.3234
45 1.5144 0.3095 21.0000 0.2556
87 1.5276 0.4253 46.5000 0.4096
87 1.3663 0.4884 43.0000 0.3511
95 1.2703 0.5106 47.0000 0.7339
238 1.6711 0.4139 120.5000 0.6479
95 1.7051 0.4947 41.0000 0.3992
95 1.5995 0.5211 39.0000 0.4229
13 1.2751 0.4167 7.0000 0.8597
13 1.3385 0.4167 8.0000 0.8597
64 1.3920 0.4688 29.0000 0.2645
64 1.4292 0.4219 29.0000 0.2645
64 1.4596 0.5625 27.5000 0.3529
28 1.3046 0.3214 15.0000 0.3481
28 1.6526 0.2500 16.0000 0.4035
29 1.2959 0.3620 16.0000 0.4413
29 1.3135 0.3793 17.0000 0.2153
41 1.2190 0.3902 23.0000 0.9123
87 1.3466 0.4195 45.5000 0.6069
621 1.9404 0.5475 234.5000 0.1769
621 1.9306 0.5531 232.0000 0.1774
19 1.6620 0.2777 10.0000 0.6642
40 1.1867 0.3158 25.5000 0.7986
40 1.2338 0.3590 25.0000 0.9123
40 1.1742 0.2895 24.0000 0.9122
157 1.3695 0.5987 61.0000 0.2753
157 1.4051 0.6019 59.5000 0.2276
163 1.3767 0.5311 72.0000 0.4167
97 1.2802 0.6650 31.5000 0.7791
23 1.4273 0.2609 11.0000 0.2913
386 1.5913 0.4870 171.0000 0.3444
18 1.5265 0.3611 9.0000 0.8605
19 1.3962 0.3158 9.0000 0.8094
14 1.1406 0.3077 9.0000 0.3279
25 1.2128 0.3600 13.5000 0.8707
25 1.2127 0.3600 13.5000 0.8707
25 1.2771 0.3600 12.0000 0.9114
25 1.1895 0.3600 12.0000 0.9114
25 1.3201 0.5400 11.0000 0.5105
25 1.3394 0.2800 16.0000 0.5105
34 1.4990 0.4118 18.0000 1.0000
923 1.6035 0.5124 402.5000 0.3089
923 1.7603 0.4632 436.5000 0.3910
29 1.2630 0.3448 17.0000 0.9118
26 1.1090 0.4167 16.0000 0.7965
26 1.1114 0.4167 16.0000 0.9113
26 1.1113 0.4167 16.0000 0.9113
217 1.7119 0.4977 96.0000 0.3834
458 1.2788 0.7991 88.5000 0.2581
54 1.3821 0.2963 28.0000 0.7695
43 1.3865 0.4768 18.5000 0.6118
25 1.2761 0.4400 10.0000 0.3755
62 1.2862 0.6774 19.0000 0.3480
20 1.4442 0.5000 10.0000 1.0000
20 1.4753 0.4000 10.0000 1.0000
20 1.4435 0.6000 8.0000 1.0000
20 1.4575 0.5000 10.0000 1.0000
19 1.3445 0.3684 12.0000 0.9327
43 1.4673 0.4070 20.0000 0.7996
98 1.2454 0.6224 35.0000 0.6985
55 1.6903 0.3800 29.5000 0.3850
55 1.6091 0.4245 27.5000 0.6309
63 1.3371 0.2951 32.0000 0.8037
944 1.5736 0.5631 372.5000 0.3528
944 1.4806 0.5811 364.0000 0.2786
402 1.2409 0.8172 73.0000 0.2812
109 1.4072 0.4404 51.0000 0.6125
130 1.6425 0.3231 73.0000 0.3585
98 1.4677 0.5208 43.0000 0.5330
146 1.2561 0.7740 33.0000 0.3441
453 1.1509 0.8808 54.0000 0.2407
146 1.2831 0.7808 32.0000 0.6005
453 1.1700 0.8775 54.5000 0.2610
54 1.7560 0.3519 28.0000 0.6870
85 1.3283 0.5058 37.0000 0.5214
87 1.5242 0.4713 41.0000 0.5829
472 1.1242 0.9195 37.0000 0.0479
927 1.3895 0.6430 306.5000 0.3653
924 1.3716 0.6515 300.0000 0.3362
924 1.3833 0.6472 303.5000 0.3377
924 1.3750 0.6548 298.5000 0.3585
924 1.3840 0.6569 295.5000 0.2898
924 1.4200 0.6472 304.5000 0.3742
924 1.3721 0.6613 297.0000 0.3036
64 1.3917 0.4688 29.0000 0.2566
79 1.4865 0.5063 32.0000 0.4385
928 1.4204 0.6363 313.0000 0.3061
928 1.3919 0.6460 308.0000 0.3386
928 1.3839 0.6492 299.5000 0.2920
928 1.4586 0.6325 315.0000 0.3004
453 1.1208 0.9018 43.5000 0.2109
453 1.1119 0.9183 35.0000 0.2209
453 1.1035 0.9106 38.5000 0.2016
453 1.1116 0.9172 36.0000 0.2459
453 1.1330 0.9161 37.5000 0.2122
453 1.1334 0.9073 41.5000 0.2280
453 1.1759 0.8819 52.5000 0.1592
453 1.1580 0.9117 40.0000 0.2920
24 1.3889 0.5000 10.0000 0.8906
22 1.5570 0.4773 10.5000 0.8313
465 1.1665 0.8323 75.5000 0.1506
52 1.7050 0.2885 26.0000 0.9229
210 1.6788 0.4858 97.5000 0.4314
120 1.3602 0.0583 113.0000 0.2803
62 1.4488 0.0161 59.0000 0.3492
48 1.2694 0.6042 18.0000 0.4232
48 1.2895 0.5521 18.5000 0.3987
49 1.3263 0.5918 20.0000 0.5415
48 1.3208 0.4792 23.0000 0.7251
48 1.2947 0.5000 22.0000 0.7237
48 1.2432 0.5000 20.0000 0.3766
48 1.3077 0.4792 23.0000 0.6621
48 1.2799 0.5625 20.0000 0.4640
48 1.3268 0.4479 22.0000 0.5676
48 1.2426 0.5833 18.0000 0.4305
36 1.7148 0.2286 24.0000 0.4052
98 1.3495 0.4082 48.0000 0.2697
50 1.3009 0.4400 25.5000 0.3372
44 1.2742 0.3690 21.5000 0.8635
944 1.4508 0.6463 312.5000 0.3122
84 1.2361 0.4345 42.5000 0.7254
65 1.3064 0.5308 29.5000 0.9258
242 1.7090 0.3182 134.5000 0.3346
242 1.6945 0.3140 137.0000 0.2727
73 1.2257 0.7671 17.0000 0.4205
71 1.2589 0.2571 53.0000 0.0824
87 1.2761 0.5632 37.0000 0.5601
87 1.3285 0.5057 40.0000 0.5417
87 1.2913 0.5575 38.0000 0.4194
86 1.4572 0.4361 40.5000 0.4202
84 1.3247 0.5060 38.0000 0.3765
51 1.2368 0.5300 22.0000 0.4786
51 1.4280 0.4694 26.0000 0.4384
51 1.3746 0.4800 24.5000 0.5024
51 1.3140 0.5098 23.0000 0.5678
51 1.3531 0.5392 22.5000 0.6135
51 1.3199 0.5294 23.0000 0.5687
51 1.2867 0.5980 20.0000 0.5529
51 1.4160 0.5300 23.0000 0.5312
51 1.3159 0.5200 22.0000 0.5896
51 1.3146 0.5882 20.0000 0.4410
51 1.2447 0.6078 20.0000 0.5004
51 1.2573 0.5784 20.5000 0.8111
51 1.3338 0.5686 22.0000 0.8078
51 1.3081 0.5882 20.0000 0.4070
924 1.3874 0.6478 302.5000 0.3551
86 1.4142 0.4302 44.0000 0.3770
86 1.4133 0.5000 38.0000 0.5469
13 1.7483 0.3077 9.0000 0.6945
14 1.5480 0.0714 13.0000 0.8078
14 1.4259 0.4286 8.0000 0.5346
14 1.5846 0.1429 12.0000 0.6959
14 1.5876 0.2857 10.0000 0.8019
15 1.5708 0.2000 11.0000 0.2416
15 1.4788 0.1667 12.5000 0.7020
15 1.5471 0.2000 12.0000 0.8794
15 1.4206 0.4667 8.0000 0.2650
34 1.4365 0.2941 18.0000 0.4357
35 1.3681 0.2286 20.0000 0.6703
46 1.6332 0.2500 25.0000 0.3604
35 1.5346 0.2286 20.0000 0.6767
32 1.2375 0.5938 12.0000 0.7715
31 1.2582 0.6452 11.0000 0.7943
32 1.2465 0.5312 13.0000 0.7416
32 1.3109 0.5625 14.0000 0.6977
73 1.3729 0.6301 27.0000 0.3599
73 1.2724 0.6575 24.5000 0.4958
73 1.2935 0.6027 27.0000 0.4046
73 1.3325 0.6986 21.5000 0.4140
73 1.2938 0.6027 27.0000 0.4046
73 1.2551 0.6849 22.0000 0.4590
73 1.3477 0.5753 29.0000 0.5176
75 1.4288 0.4267 38.0000 0.7640
42 1.3823 0.3095 25.5000 0.7236
42 1.3573 0.4048 22.5000 0.7502
42 1.4034 0.3095 25.0000 0.3944
42 1.4179 0.3214 26.0000 0.7748
909 1.4257 0.6342 298.0000 0.3208
941 1.4052 0.6413 309.5000 0.3323
947 1.3945 0.6732 285.5000 0.3489
946 1.3789 0.6649 293.5000 0.2777
946 1.3762 0.6718 291.5000 0.2651
946 1.3609 0.6723 288.5000 0.2863
946 1.3670 0.6776 285.5000 0.3138
70 1.3465 0.5714 27.0000 0.2108
621 1.8889 0.4831 264.0000 0.1895
37 1.5361 0.3514 21.0000 0.3066
949 1.3474 0.6865 275.0000 0.2470
949 1.3592 0.6871 278.5000 0.2789
949 1.3786 0.6818 276.0000 0.2935
447 1.3493 0.7819 96.0000 0.1885
35 1.5616 0.2206 22.5000 0.8369
85 1.2008 0.5706 33.0000 0.5412
90 1.3115 0.3667 50.5000 0.4158
90 1.3985 0.4556 43.0000 0.5567
90 1.3616 0.4778 42.0000 0.3383
90 1.4192 0.5000 40.0000 0.3937
90 1.2954 0.4333 46.0000 0.3785
86 1.2530 0.6337 27.5000 0.7816
42 1.4210 0.3000 26.0000 0.7570
57 1.5747 0.2720 34.0000 0.6367
58 1.5305 0.2241 36.0000 0.6739
58 1.4360 0.2759 31.0000 0.5141
58 1.5339 0.2586 34.0000 0.6531
130 1.5152 0.5000 60.0000 0.4531
63 1.3687 0.2419 40.0000 0.6688
63 1.3703 0.2581 40.0000 0.7714
62 1.4837 0.2951 38.0000 0.8750
58 1.4569 0.2759 31.0000 0.5425
58 1.4952 0.2759 33.0000 0.6270
17 1.5350 0.5625 8.0000 0.9092
17 1.3597 0.4375 8.0000 0.9092
66 1.4816 0.3409 35.0000 0.8756
61 1.3781 0.3167 38.0000 0.8769
63 1.4448 0.3016 39.5000 0.8485
66 1.4130 0.3030 40.5000 0.8358
66 1.4901 0.3106 41.0000 0.8049
174 1.4742 0.4023 86.0000 0.3379
118 1.6492 0.3814 59.0000 0.3803
118 1.4897 0.3559 65.5000 0.2640
55 1.3998 0.3208 30.5000 0.8803
55 1.3842 0.3636 33.0000 0.8312
90 1.3935 0.4444 42.5000 0.4548
55 1.4667 0.3455 31.0000 0.8228
55 1.3641 0.3909 31.5000 0.8413
55 1.4041 0.4000 31.0000 0.8518
73 1.2257 0.7671 17.0000 0.4205
949 1.3638 0.6886 276.5000 0.2783
37 1.5120 0.2917 22.0000 0.5407
38 1.4604 0.2703 23.5000 0.4776
239 1.8449 0.4602 113.5000 0.3783
498 1.1433 0.8876 54.5000 0.3251
64 1.4201 0.4375 32.0000 0.5532
457 1.1279 0.9289 32.5000 0.2167
481 1.1267 0.9407 28.5000 0.2591
457 1.1214 0.9300 32.0000 0.2678
457 1.1215 0.9322 31.0000 0.2297
737 1.4561 0.5495 288.0000 0.3706
802 1.5436 0.5343 326.5000 0.4349
853 1.4609 0.5844 320.0000 0.3719
844 1.4713 0.5918 306.5000 0.3055
886 1.4490 0.6027 318.0000 0.3120
881 1.4859 0.5789 338.5000 0.3542
469 1.1690 0.7921 93.0000 0.3177
63 1.4003 0.3443 33.0000 0.8454
47 1.5478 0.1702 39.0000 0.6645
62 1.3514 0.2500 29.0000 0.8545
881 1.3578 0.6799 262.5000 0.3454
66 1.4013 0.3047 41.5000 0.8278
104 1.4666 0.0245 101.5000 0.6553
120 1.4527 0.0211 114.0000 0.5915
80 1.5132 0.1410 63.5000 0.5876
104 1.4650 0.0294 101.0000 0.5892
120 1.4448 0.0339 113.5000 0.6990
80 1.5545 0.1795 63.5000 0.7155
69 1.4101 0.4058 35.0000 0.2374
69 1.4323 0.3768 36.0000 0.2374
69 1.4992 0.3913 37.0000 0.2374
69 1.4422 0.3768 36.0000 0.4585
69 1.4789 0.3696 36.0000 0.4040
69 1.4953 0.3623 40.0000 0.2764
69 1.4791 0.4131 36.5000 0.4390
69 1.5094 0.3478 38.0000 0.4775
69 1.5166 0.3768 37.5000 0.4792
69 1.4700 0.3913 36.5000 0.4775
68 1.4298 0.4118 34.0000 0.5373
72 1.4459 0.3402 41.0000 0.4958
72 1.4431 0.3541 40.5000 0.5049
72 1.4600 0.3680 39.5000 0.4901
72 1.4085 0.3472 40.0000 0.5331
87 1.2821 0.5176 41.0000 0.6236
61 1.3514 0.2667 39.0000 0.8494
52 1.5223 0.4231 28.0000 0.8034
52 1.6181 0.3462 29.0000 0.8440
52 1.6175 0.3462 29.0000 0.8440
52 1.6175 0.3462 29.0000 0.8440
52 1.6175 0.3462 29.0000 0.8440
52 1.6616 0.3846 30.0000 0.8774
52 1.5221 0.3942 29.0000 0.7406
90 1.4492 0.4778 41.5000 0.4779
95 1.3609 0.5421 41.0000 0.3577
79 1.3036 0.5759 33.0000 0.4372
