63 1.1562 0.7460 16.0000 0.6639
63 1.1700 0.7302 16.0000 0.4722
33 1.2262 0.5938 12.0000 0.4845
62 1.1736 0.6532 20.5000 0.5220
62 1.1683 0.7097 17.5000 0.3831
62 1.2583 0.6935 17.5000 0.3621
62 1.2584 0.6935 17.5000 0.3621
62 1.2582 0.6935 17.5000 0.3621
62 1.2586 0.6935 17.5000 0.3621
62 1.2591 0.6935 17.5000 0.3621
34 1.8831 0.3971 18.5000 0.2842
34 1.8803 0.3677 19.0000 0.2842
34 2.0283 0.2647 22.0000 0.2842
42 1.3110 0.5357 17.0000 0.9417
62 1.1749 0.6855 19.0000 0.3947
62 1.1929 0.7177 17.0000 0.3478
62 1.1749 0.6855 19.0000 0.3947
62 1.1929 0.7177 17.0000 0.3478
62 1.1749 0.6855 19.0000 0.3947
62 1.1929 0.7177 17.0000 0.3478
42 1.3107 0.5833 16.0000 0.9265
41 1.6464 0.3589 20.5000 0.2636
41 1.5131 0.3846 20.0000 0.1097
42 1.2994 0.6429 15.0000 0.7252
46 1.5023 0.3978 24.0000 0.9205
33 1.1649 0.7812 8.0000 0.8178
46 1.4907 0.4659 23.0000 0.9072
42 1.3758 0.4750 20.0000 0.8569
20 1.3942 0.3889 9.5000 0.9324
62 1.1705 0.6393 21.5000 0.3734
62 1.1419 0.6557 22.0000 0.5521
19 1.5050 0.5882 8.0000 0.9225
62 1.1972 0.6613 19.0000 0.3626
62 1.1972 0.6613 19.0000 0.3626
62 1.1680 0.6613 18.0000 0.3626
62 1.1884 0.7097 18.0000 0.3675
62 1.2555 0.6613 20.0000 0.5441
62 1.1858 0.6452 20.0000 0.3473
46 1.4699 0.4432 24.0000 0.8925
88 1.2588 0.5454 37.5000 0.6648
88 1.2781 0.5909 33.0000 0.6648
46 1.1264 0.5000 22.0000 0.6807
46 1.2388 0.3409 26.0000 0.9249
46 1.4640 0.4091 25.0000 0.9205
46 1.4391 0.4318 23.0000 0.8781
46 1.5119 0.4318 24.5000 0.9205
46 1.4463 0.4091 24.0000 0.9205
46 1.4551 0.4887 22.0000 0.9477
64 1.2050 0.6250 21.0000 0.5968
45 1.1772 0.5116 23.0000 0.4776
46 1.2289 0.3409 26.0000 0.9603
42 1.2580 0.6667 13.5000 0.7252
42 1.2660 0.6905 13.0000 0.7143
32 1.1663 0.7188 9.0000 0.8744
44 1.3036 0.6190 17.0000 0.6831
42 1.2884 0.5119 18.5000 0.7615
42 1.2584 0.7143 12.0000 0.6831
42 1.2902 0.5714 16.5000 0.9417
42 1.3020 0.5476 19.0000 0.8372
42 1.2338 0.6190 14.5000 0.7666
42 1.2209 0.5833 16.5000 0.6522
42 1.4078 0.5125 20.0000 0.7779
44 1.2078 0.4887 21.0000 0.6019
42 1.3134 0.6071 15.5000 0.8429
33 1.5095 0.2581 19.0000 0.4529
33 1.4325 0.3065 18.5000 0.3872
33 1.4729 0.3548 19.0000 0.3676
42 1.3274 0.3333 22.5000 0.4732
42 1.2620 0.5952 17.0000 0.8474
19 1.4322 0.3529 10.5000 0.8597
84 1.2433 0.6130 31.0000 0.1164
41 1.5417 0.3333 20.0000 0.1097
41 1.5607 0.3846 23.0000 0.2460
16 1.2090 0.5000 9.0000 0.2513
60 1.2189 0.7193 17.0000 0.7511
41 1.4820 0.3590 21.5000 0.2636
60 1.1963 0.6207 23.0000 0.7384
41 1.7843 0.3684 22.0000 0.1648
86 1.2073 0.6628 28.0000 0.7038
92 1.2483 0.4565 46.0000 0.6348
92 1.3306 0.4565 44.5000 0.6146
88 1.2043 0.4943 41.5000 0.9411
92 1.2794 0.3913 47.0000 0.9278
88 1.4037 0.4659 43.0000 0.9161
88 1.2997 0.4545 43.0000 0.9558
81 1.3014 0.5371 37.0000 0.8867
16 1.3276 0.7143 6.0000 0.9079
16 1.3538 0.4375 8.0000 0.9220
91 1.2530 0.5556 39.5000 0.8359
92 1.3100 0.6250 33.0000 0.6806
91 1.2993 0.4835 42.0000 0.6886
91 1.3563 0.5989 35.5000 0.5780
65 1.2430 0.5781 25.0000 0.5871
16 1.2989 0.3750 9.0000 0.9220
16 1.1716 0.5000 7.0000 0.9220
82 1.2653 0.5366 34.0000 0.5272
923 1.3818 0.6549 302.0000 0.3946
73 1.1385 0.8356 10.5000 0.4737
11 1.1381 0.2727 8.0000 0.2756
73 1.2745 0.6438 24.0000 0.2987
73 1.3291 0.6301 25.0000 0.3027
184 1.6966 0.3804 94.5000 0.3059
22 1.3868 0.2273 15.0000 0.9466
22 1.2845 0.1364 14.0000 0.5587
22 1.3819 0.3182 11.0000 0.9466
28 1.3212 0.4423 16.0000 0.9560
70 1.4290 0.3636 40.0000 0.8295
74 1.4394 0.3571 41.5000 0.9487
72 1.4324 0.2500 42.0000 0.8113
70 1.4715 0.3235 39.0000 0.8713
70 1.5032 0.3333 40.5000 0.9071
72 1.4281 0.3235 43.5000 0.8426
70 1.4212 0.3788 41.0000 0.8131
74 1.3747 0.3500 43.0000 0.9487
70 1.5111 0.4091 37.0000 0.7976
74 1.3942 0.3429 43.0000 0.9487
86 1.2346 0.5174 39.5000 0.8052
87 1.1565 0.5057 40.0000 0.8537
86 1.2175 0.5407 38.0000 0.8085
86 1.1696 0.5174 38.0000 0.8797
86 1.1763 0.4942 40.0000 0.7586
82 1.1585 0.5366 37.0000 0.5222
86 1.2134 0.5116 39.5000 0.8052
87 1.2081 0.4540 43.5000 0.8038
86 1.2305 0.5233 37.0000 0.7648
86 1.1575 0.5465 36.0000 0.8140
86 1.2057 0.5291 36.0000 0.6703
86 1.2001 0.5116 40.0000 0.8421
86 1.2149 0.5349 38.0000 0.8192
87 1.1719 0.5230 40.0000 0.8404
86 1.2153 0.5523 37.0000 0.7887
85 1.2011 0.5412 38.0000 0.8418
86 1.2132 0.5233 39.5000 0.8192
87 1.2123 0.4656 44.0000 0.8621
86 1.2207 0.6402 33.0000 0.6831
86 1.2249 0.6220 34.0000 0.8425
86 1.1880 0.5523 38.0000 0.5470
86 1.1853 0.6337 31.5000 0.5638
42 1.2557 0.6429 15.0000 0.6874
42 1.1605 0.7317 12.0000 0.5364
43 1.2251 0.6905 14.0000 0.1516
20 1.2558 0.4000 11.0000 0.8921
20 1.2539 0.4500 11.0000 0.8921
20 1.2552 0.4500 11.0000 0.8921
20 1.2380 0.4500 11.0000 0.8921
20 1.2579 0.4750 10.5000 0.8921
20 1.2395 0.4500 11.0000 0.8921
98 1.2231 0.5663 38.5000 0.8609
42 1.2512 0.5595 18.0000 0.9417
84 1.1340 0.6845 24.0000 0.5044
46 1.4859 0.3978 23.5000 0.9205
82 1.1500 0.7195 21.5000 0.3725
82 1.1964 0.6951 25.0000 0.5678
42 1.2108 0.6190 16.0000 0.9113
11 1.4406 0.4000 5.5000 0.6857
44 1.3133 0.5682 18.5000 0.6719
16 1.6626 0.5666 7.0000 0.3917
16 1.3220 0.6000 6.0000 0.4866
16 1.3796 0.5333 8.0000 0.3917
16 1.2102 0.4667 9.0000 0.4866
16 1.4918 0.5333 7.0000 0.3917
16 1.3660 0.5333 8.0000 0.3917
16 1.4375 0.4667 9.0000 0.3917
16 1.3605 0.4000 9.0000 0.3917
42 1.2396 0.6429 15.0000 0.8294
67 1.3640 0.4154 37.0000 0.8468
39 1.1734 0.3056 22.0000 0.9379
63 1.1111 0.7778 14.0000 0.5332
63 1.1328 0.7460 16.0000 0.5579
20 1.1967 0.4444 11.0000 0.9324
20 1.1858 0.3889 12.0000 0.9324
20 1.2488 0.2778 12.0000 0.9324
20 1.4788 0.3055 11.0000 0.9324
21 1.1920 0.3500 10.0000 0.7942
20 1.2686 0.5500 9.0000 0.7461
42 1.2298 0.6429 15.0000 0.9417
41 1.2815 0.5610 17.5000 0.4834
47 1.5056 0.4894 22.0000 0.7542
47 1.4707 0.4681 23.0000 0.8004
46 1.6310 0.5000 20.0000 0.8004
48 1.5402 0.5000 22.0000 0.8005
40 1.3034 0.5897 14.5000 0.7544
46 1.3983 0.2826 28.0000 0.6524
46 1.2819 0.3696 28.0000 0.5649
46 1.3484 0.3043 29.0000 0.6651
46 1.4350 0.3152 28.0000 0.5784
47 1.3836 0.3830 23.0000 0.6480
47 1.3021 0.4681 20.0000 0.7290
47 1.4136 0.3617 25.0000 0.5365
15 1.3679 0.5385 8.0000 0.8063
55 1.3762 0.2685 34.5000 0.2871
84 1.4316 0.5357 35.0000 0.5365
83 1.4153 0.4337 38.5000 0.4882
62 1.1860 0.6371 20.5000 0.3535
62 1.2589 0.6935 17.5000 0.3621
60 1.3685 0.3644 32.0000 1.0000
59 1.3284 0.2982 33.0000 0.6157
61 1.4274 0.3084 35.0000 0.8655
61 1.4037 0.3417 33.0000 0.8655
62 1.1749 0.6855 19.0000 0.3947
62 1.1929 0.7177 17.0000 0.3478
87 1.2868 0.4540 41.0000 0.4786
87 1.3441 0.4540 40.0000 0.5060
87 1.2237 0.4713 42.0000 0.0714
87 1.2793 0.4253 43.0000 0.3843
87 1.2309 0.5000 41.5000 0.3446
87 1.2345 0.4886 39.5000 0.3750
84 1.2699 0.6130 30.0000 0.5354
84 1.1952 0.6548 28.0000 0.6268
84 1.2160 0.6667 27.5000 0.5738
84 1.1760 0.6548 28.0000 0.6249
84 1.2065 0.6667 26.5000 0.6194
84 1.2271 0.6190 30.0000 0.6905
84 1.2407 0.6667 26.5000 0.6018
84 1.2167 0.6190 30.0000 0.6905
84 1.2072 0.6548 27.0000 0.5118
84 1.1972 0.6310 29.0000 0.6654
84 1.2170 0.6250 30.0000 0.4162
84 1.2128 0.5714 31.5000 0.6461
30 1.3394 0.5000 14.0000 0.9067
28 1.3311 0.5769 13.0000 0.9340
26 1.3723 0.5417 12.0000 0.9242
85 1.3256 0.6353 29.0000 0.1380
85 1.3494 0.6000 33.0000 0.2030
84 1.3085 0.6786 24.0000 0.3711
84 1.2680 0.6370 30.0000 0.6097
83 1.2058 0.6085 30.0000 0.3881
83 1.3851 0.5181 34.5000 0.6330
83 1.3439 0.5542 31.5000 0.6073
20 1.6131 0.2000 11.0000 0.6581
18 1.6049 0.2353 9.0000 0.9320
28 1.3065 0.5769 11.0000 0.9340
29 1.3349 0.5385 13.0000 1.0000
28 1.3569 0.5400 12.0000 0.9339
27 1.3598 0.4800 14.0000 0.8790
28 1.3215 0.5577 10.5000 0.9340
28 1.3902 0.5000 11.5000 1.0000
28 1.3624 0.5577 11.5000 1.0000
75 1.2009 0.6486 26.0000 0.4021
73 1.1370 0.8425 10.5000 0.4737
40 1.3862 0.3590 20.0000 0.7361
31 2.1163 0.2500 20.0000 0.5744
60 1.3952 0.3305 33.0000 0.7445
60 1.3811 0.3644 33.0000 0.6730
12 1.1732 0.2500 8.0000 0.3234
45 1.1999 0.3023 26.0000 0.8938
45 1.2359 0.3488 22.0000 0.9741
45 1.2003 0.3721 23.0000 0.9741
60 1.4667 0.3559 33.0000 0.6999
60 1.4779 0.3898 30.0000 0.6283
45 1.2774 0.2558 27.5000 0.8938
45 1.2357 0.2558 26.5000 0.8938
158 1.8188 0.4618 77.0000 0.0884
17 1.9826 0.2941 12.0000 0.4896
87 1.2063 0.4483 43.0000 0.8075
40 1.4300 0.3290 22.0000 0.6706
73 1.1548 0.8219 13.0000 0.2418
18 1.2852 0.3750 8.0000 0.2680
16 1.1737 0.5000 8.0000 1.0000
16 1.1541 0.5000 8.0000 1.0000
73 1.1295 0.8630 9.5000 0.4959
73 1.1194 0.8356 11.5000 0.2013
91 1.3474 0.4615 44.0000 0.6174
73 1.1074 0.8219 12.0000 0.5064
91 1.4181 0.4945 43.0000 0.8935
73 1.1050 0.8356 11.0000 0.2013
91 1.2686 0.5879 36.5000 0.6596
73 1.2866 0.5890 28.5000 0.4955
62 1.2026 0.6774 19.0000 0.3689
73 1.2961 0.6232 27.0000 0.4237
73 1.2863 0.6027 26.0000 0.4442
40 1.4349 0.4359 19.0000 0.7192
99 1.3558 0.6061 34.0000 0.4036
254 1.5816 0.4488 118.0000 0.5310
229 1.8003 0.4039 113.0000 0.3408
42 1.4523 0.1795 28.0000 0.7725
25 1.2015 0.3913 14.0000 0.7961
25 1.2856 0.3913 13.5000 0.7961
25 1.2931 0.3913 14.0000 0.6652
25 1.2360 0.3913 13.0000 0.9111
22 1.4401 0.0909 13.0000 0.9334
83 1.1540 0.6747 25.5000 0.6161
85 1.1785 0.6824 26.0000 0.4165
82 1.1776 0.7195 22.5000 0.5577
83 1.1712 0.7256 20.0000 0.6007
169 1.4280 0.4497 80.5000 0.5155
910 1.5761 0.6703 280.0000 0.1589
146 1.3634 0.4658 69.5000 0.4245
20 1.2999 0.3333 12.0000 0.9324
15 1.3097 0.3077 8.0000 0.8063
59 1.4108 0.3621 33.0000 0.8158
59 1.3913 0.3621 32.5000 0.6691
73 1.1555 0.8219 9.0000 0.4737
73 1.1503 0.8287 9.0000 0.4407
73 1.1290 0.8630 7.5000 0.2739
73 1.1459 0.8287 9.0000 0.4737
73 1.1455 0.8219 9.0000 0.4737
73 1.1244 0.9178 6.0000 0.4635
103 1.4319 0.6165 35.5000 0.6317
40 1.4548 0.4103 22.0000 0.7987
40 1.3677 0.3421 19.0000 0.6419
40 1.3243 0.3421 19.0000 0.5927
40 1.4573 0.3333 22.0000 0.6116
40 1.4675 0.3590 22.0000 0.5850
40 1.4959 0.3333 22.0000 0.6269
40 1.5038 0.3077 22.0000 0.5850
40 1.4870 0.3590 21.0000 0.6116
44 1.2595 0.5952 19.0000 0.4949
44 1.2694 0.6786 14.0000 0.8493
101 1.4220 0.5644 39.5000 0.6062
103 1.4438 0.6019 38.5000 0.6430
41 1.3546 0.5854 17.0000 0.8398
42 1.2251 0.5238 18.0000 0.7080
295 1.7387 0.4627 132.0000 0.6009
176 1.4399 0.3949 91.0000 0.4985
296 1.5468 0.4257 145.0000 0.4389
59 1.5078 0.3793 32.0000 0.8158
29 1.3270 0.5385 13.0000 0.8792
12 1.3996 0.2500 7.0000 0.3234
12 1.4175 0.2500 7.0000 0.3234
12 1.3683 0.2500 7.0000 0.3234
12 1.3609 0.2500 7.0000 0.3234
12 1.1703 0.4167 7.0000 0.3234
12 1.1795 0.3333 8.0000 0.3234
12 1.1673 0.3333 8.0000 0.3234
12 1.0834 0.3333 8.0000 0.3234
12 1.2036 0.3333 8.0000 0.3234
45 1.2086 0.2738 24.0000 0.9476
87 1.3836 0.4770 41.0000 0.5639
87 1.3180 0.4826 41.5000 0.5068
95 1.2847 0.5851 39.5000 0.8708
238 1.5158 0.4622 109.5000 0.6898
95 1.6348 0.4526 48.0000 0.3471
95 1.7104 0.4789 45.5000 0.3852
13 1.5838 0.4167 6.0000 0.3234
13 1.4875 0.5833 6.0000 0.3234
64 1.2388 0.6406 21.0000 0.8450
64 1.2703 0.5859 26.0000 0.5961
64 1.3048 0.5391 29.5000 0.8567
28 1.3242 0.4643 14.0000 0.5845
29 1.5255 0.4138 16.0000 0.5244
29 1.5472 0.2759 16.0000 0.1722
41 1.3927 0.3537 20.0000 0.6120
87 1.2313 0.5114 37.5000 0.3172
621 2.0340 0.5290 237.0000 0.1746
621 2.0165 0.5418 236.0000 0.1649
19 1.2771 0.4722 10.0000 0.7621
40 1.3517 0.3158 23.0000 0.6714
40 1.3967 0.3333 23.0000 0.6421
40 1.4228 0.2895 24.0000 0.6596
157 1.4638 0.6815 45.5000 0.2889
157 1.4295 0.6720 48.0000 0.3550
163 1.3183 0.5155 70.0000 0.7384
97 1.1582 0.7320 26.0000 0.7487
23 1.6248 0.4131 11.0000 0.3380
386 1.6416 0.4767 168.0000 0.4616
18 1.4049 0.0556 13.0000 0.9324
19 1.4394 0.2105 9.0000 0.8768
14 1.2077 0.1538 11.0000 0.8607
25 1.3153 0.5000 12.0000 0.6731
25 1.3154 0.5000 12.0000 0.6731
25 1.2944 0.5600 11.0000 0.7405
25 1.3082 0.3600 14.0000 0.7405
25 1.4337 0.4600 13.5000 0.3996
25 1.3423 0.3600 15.0000 0.7405
34 1.5734 0.3382 20.5000 0.9121
923 1.6335 0.5335 381.5000 0.3724
923 1.7728 0.4773 422.5000 0.4274
29 1.3456 0.4483 14.5000 0.7426
26 1.3187 0.5000 13.0000 0.7965
26 1.3376 0.5000 13.0000 0.9113
26 1.3373 0.5000 13.0000 0.9113
217 1.5247 0.5783 86.5000 0.4248
458 1.2231 0.8668 59.5000 0.3898
54 1.5194 0.3704 29.0000 0.7388
43 1.3558 0.3721 23.5000 0.6399
25 1.2044 0.5800 8.0000 0.4910
62 1.2006 0.6694 19.0000 0.3725
20 1.4007 0.3000 11.5000 1.0000
20 1.3658 0.3000 11.5000 1.0000
20 1.4586 0.4500 10.0000 1.0000
20 1.4297 0.4000 12.0000 1.0000
19 1.2372 0.4211 9.0000 1.0000
43 1.3472 0.3604 23.0000 0.8433
98 1.2591 0.5663 37.0000 0.5945
55 1.4935 0.3400 31.0000 0.5755
55 1.5401 0.3114 33.5000 0.6321
63 1.2915 0.3607 34.5000 0.9281
944 1.4860 0.5865 364.0000 0.2867
944 1.5080 0.5922 360.0000 0.4101
402 1.2231 0.8743 49.0000 0.4354
109 1.3577 0.4496 49.5000 0.7305
130 1.6534 0.3692 68.5000 0.6518
20 1.2766 0.3947 10.0000 0.2741
98 1.4923 0.4636 46.5000 0.6895
146 1.1708 0.7808 32.0000 0.7759
453 1.0940 0.8940 45.0000 0.4405
146 1.1244 0.8151 27.0000 0.7982
453 1.0985 0.8896 46.5000 0.4007
54 1.4962 0.3148 30.0000 0.9658
85 1.2149 0.5294 36.5000 0.4505
87 1.2317 0.4770 38.0000 0.5664
472 1.1009 0.9725 13.0000 0.0888
927 1.3763 0.6262 319.0000 0.3506
924 1.3996 0.6310 319.5000 0.4194
924 1.4056 0.6288 322.5000 0.3896
924 1.4051 0.6294 320.5000 0.3779
924 1.3859 0.6347 320.5000 0.3846
924 1.4022 0.6147 330.5000 0.3856
924 1.3933 0.6337 320.0000 0.4297
64 1.2388 0.6406 21.0000 0.8450
79 1.4459 0.6582 24.0000 0.1577
928 1.3706 0.6476 303.5000 0.3808
928 1.3544 0.6638 293.5000 0.4073
928 1.3987 0.6552 304.5000 0.3490
928 1.3748 0.6519 303.0000 0.3471
453 1.0560 0.9857 6.5000 0.4900
453 1.0564 0.9868 6.0000 0.5058
453 1.0574 0.9912 4.0000 0.4748
453 1.0615 0.9801 9.0000 0.5874
453 1.0625 0.9801 9.0000 0.5748
453 1.0595 0.9879 5.5000 0.5505
453 1.0796 0.9669 15.0000 0.3891
453 1.0627 0.9801 9.0000 0.5536
24 1.2950 0.5000 12.5000 0.8313
22 1.3961 0.2727 12.0000 0.9466
465 1.1887 0.8775 55.5000 0.4073
52 1.4393 0.2116 28.0000 0.9677
210 1.7007 0.4977 91.0000 0.4619
120 1.2371 0.2541 83.0000 0.9831
62 1.2156 0.0645 42.0000 0.5317
48 1.2496 0.6667 15.0000 0.6716
48 1.2696 0.6667 15.5000 0.8209
49 1.2296 0.6531 17.0000 0.8308
48 1.2629 0.6458 16.0000 0.8209
48 1.4234 0.6146 18.0000 0.5391
48 1.2519 0.6875 15.0000 0.5391
48 1.3639 0.5833 18.5000 0.7545
48 1.2848 0.5625 19.5000 0.7480
48 1.3673 0.6458 17.0000 0.5651
48 1.2182 0.6771 15.5000 0.8209
36 1.9855 0.3143 20.0000 0.4052
98 1.3111 0.4490 47.0000 0.5133
50 1.2227 0.4800 21.0000 0.9003
44 1.1913 0.3452 23.0000 0.9476
944 1.4183 0.6596 306.0000 0.3038
84 1.2515 0.6071 32.0000 0.6260
65 1.3251 0.5769 25.5000 0.8631
242 1.7869 0.3058 139.5000 0.4239
242 1.7956 0.3058 141.5000 0.4464
73 1.1020 0.8356 11.0000 0.5064
71 1.2432 0.2714 52.0000 0.0741
87 1.2279 0.5000 39.5000 0.5499
87 1.2569 0.4828 39.0000 0.4115
87 1.2197 0.5114 38.0000 0.3883
86 1.2272 0.5174 38.0000 0.4116
84 1.2878 0.4881 39.0000 0.6153
51 1.2119 0.5000 25.0000 0.6868
51 1.2723 0.4898 24.5000 0.7425
51 1.2210 0.5200 24.0000 0.7670
51 1.2361 0.4902 24.0000 0.6840
51 1.2501 0.4902 25.0000 0.7269
51 1.2147 0.4706 25.0000 0.7671
51 1.2921 0.4118 25.0000 0.6663
51 1.2872 0.4400 23.0000 0.6839
51 1.2660 0.4600 25.0000 0.7267
51 1.2408 0.4902 24.0000 0.8824
51 1.2517 0.4118 25.0000 0.6979
51 1.2912 0.4314 26.0000 0.7376
51 1.2347 0.4118 27.0000 0.8118
51 1.2683 0.4706 24.5000 0.7376
924 1.3843 0.6304 321.5000 0.3910
86 1.2509 0.5233 36.5000 0.5855
86 1.2617 0.5349 35.0000 0.4860
13 2.2701 0.3846 8.0000 0.6945
14 1.4101 0.0714 13.0000 0.9079
14 1.4573 0.2143 11.0000 0.9079
14 1.4727 0.2143 11.0000 0.9079
14 1.5007 0.0714 13.0000 0.9079
15 1.4494 0.2667 10.0000 0.9215
15 1.5870 0.4000 9.0000 0.9215
15 1.6309 0.4667 8.0000 0.9215
15 1.5404 0.4667 7.0000 0.8239
46 1.5164 0.3913 24.0000 0.4142
35 1.4717 0.4857 17.5000 0.5216
32 1.1782 0.6250 12.0000 0.7578
31 1.0961 0.6452 10.0000 0.7209
32 1.1778 0.6250 12.0000 0.8503
32 1.1486 0.5625 13.0000 0.7578
73 1.1831 0.6438 25.0000 0.5313
73 1.1655 0.6986 19.0000 0.5078
73 1.1430 0.7808 16.0000 0.4734
73 1.1636 0.7671 17.0000 0.2984
73 1.1430 0.7808 16.0000 0.4734
73 1.1431 0.6849 22.0000 0.6764
73 1.1370 0.6164 24.0000 0.3549
75 1.3367 0.4533 37.0000 0.7985
42 1.3461 0.3690 25.5000 0.9343
42 1.3142 0.4762 22.0000 0.9696
42 1.4300 0.2857 28.0000 0.8664
42 1.3735 0.4286 21.5000 0.9171
909 1.4213 0.6574 288.0000 0.3516
941 1.4023 0.6583 299.0000 0.3024
947 1.3762 0.7017 264.5000 0.3358
946 1.3427 0.7040 263.5000 0.3670
946 1.3638 0.7040 265.5000 0.3236
946 1.3510 0.7109 263.0000 0.3465
946 1.3469 0.7135 258.0000 0.3362
70 1.2058 0.5857 28.0000 0.1768
621 1.9815 0.5000 250.0000 0.1477
37 1.5007 0.3243 21.0000 0.4926
949 1.3438 0.7176 254.0000 0.3185
949 1.3399 0.7208 251.0000 0.3120
949 1.3540 0.7128 255.5000 0.3263
447 1.2987 0.8154 78.0000 0.2853
35 1.7186 0.3529 21.5000 0.7191
85 1.1531 0.6353 28.0000 0.7388
90 1.2570 0.5778 35.0000 0.5813
90 1.2536 0.4778 41.0000 0.9096
90 1.3264 0.4889 41.0000 0.8291
90 1.3393 0.4667 41.0000 0.7654
90 1.1909 0.5889 33.0000 0.9096
86 1.1599 0.6860 24.5000 0.6661
42 1.1629 0.5000 21.0000 0.9727
57 1.6019 0.2281 35.5000 0.5608
58 1.5177 0.2845 36.0000 0.4524
58 1.4706 0.3276 34.5000 0.6050
58 1.5814 0.3276 32.5000 0.5545
130 1.4303 0.4922 58.0000 0.4649
63 1.3297 0.2581 36.5000 0.9467
63 1.3164 0.2581 36.5000 0.9467
62 1.4714 0.2623 36.0000 0.9385
58 1.4771 0.3448 32.0000 0.6113
58 1.5189 0.3362 33.0000 0.4347
17 1.5957 0.2500 11.0000 0.8099
17 1.4016 0.3125 8.5000 0.9092
66 1.4276 0.3485 36.5000 0.9319
61 1.5357 0.3417 35.5000 0.8987
63 1.5135 0.2381 35.0000 0.9379
66 1.4390 0.3636 33.0000 0.8800
66 1.3912 0.3560 35.0000 0.8650
174 1.6962 0.3506 94.0000 0.4712
118 1.8706 0.3941 60.5000 0.5711
118 1.8980 0.4237 62.0000 0.6651
55 1.3801 0.3868 28.5000 0.8765
55 1.7279 0.4182 27.0000 0.8351
90 1.3226 0.5167 36.0000 0.6164
55 1.7236 0.4727 26.0000 0.8607
55 1.6454 0.4636 26.0000 0.8832
55 1.5905 0.4727 27.0000 0.8690
73 1.1021 0.8356 11.0000 0.5064
949 1.3321 0.7160 259.5000 0.3007
37 1.3780 0.4167 20.0000 0.5529
38 1.2641 0.3243 22.0000 0.4952
239 1.5467 0.5147 105.5000 0.3639
498 1.0785 0.9558 22.0000 0.5714
64 1.2571 0.5625 26.0000 0.6897
457 1.0627 0.9748 11.5000 0.5672
481 1.0651 0.9792 10.0000 0.5720
457 1.0604 0.9803 9.0000 0.4280
457 1.0594 0.9803 9.0000 0.4282
737 1.3668 0.5678 291.0000 0.3407
802 1.4352 0.5736 314.0000 0.4627
853 1.4235 0.5927 321.0000 0.4378
844 1.3900 0.6085 310.0000 0.3804
886 1.4838 0.6095 323.5000 0.3919
881 1.5344 0.5653 349.5000 0.4121
469 1.1132 0.8369 74.0000 0.2414
63 1.4454 0.3197 32.5000 0.9637
47 1.5636 0.3191 32.0000 0.7741
62 1.2881 0.2500 29.0000 0.9637
881 1.2132 0.7258 228.0000 0.6001
66 1.3089 0.4766 30.0000 0.8638
104 1.3337 0.3088 66.0000 0.9899
120 1.3555 0.2415 83.0000 0.9913
80 1.2870 0.2308 57.0000 0.9866
104 1.3712 0.2745 65.0000 0.9899
120 1.3675 0.2373 78.5000 0.9913
80 1.2972 0.2308 55.5000 0.9866
69 1.3987 0.4058 35.0000 0.5622
69 1.3841 0.3623 38.0000 0.4871
69 1.3869 0.4058 36.0000 0.5543
69 1.4029 0.4058 37.0000 0.5529
69 1.3950 0.4058 36.0000 0.5104
69 1.3731 0.4058 36.0000 0.4964
69 1.3884 0.3913 36.0000 0.5711
69 1.4195 0.3913 34.5000 0.5522
69 1.4150 0.3841 36.5000 0.5179
69 1.3607 0.4348 35.0000 0.3771
68 1.3576 0.3823 37.5000 0.2852
72 1.4115 0.3611 39.0000 0.2059
72 1.4271 0.3959 39.0000 0.4395
72 1.4388 0.3750 40.0000 0.5107
72 1.4131 0.3333 42.0000 0.4719
87 1.2251 0.6530 30.5000 0.5214
61 1.5241 0.3667 34.0000 0.8987
52 1.4996 0.2981 26.0000 1.0000
52 1.5356 0.3462 26.0000 1.0000
52 1.5356 0.3462 26.0000 1.0000
52 1.5356 0.3462 26.0000 1.0000
52 1.5356 0.3462 26.0000 1.0000
52 1.4962 0.3269 25.0000 0.9324
52 1.4702 0.3173 25.5000 0.9115
90 1.2653 0.5111 40.0000 0.3120
95 1.2873 0.5211 41.0000 0.5688
79 1.1833 0.7089 20.0000 0.5692
