63 1.2776 0.6825 19.0000 0.4124
63 1.2291 0.6190 23.0000 0.3284
33 1.3411 0.3906 17.0000 0.5332
62 1.1835 0.5968 23.0000 0.6831
62 1.1568 0.5968 23.5000 0.8508
62 1.1793 0.5806 22.5000 0.5754
62 1.1793 0.5806 22.5000 0.5754
62 1.1791 0.5806 22.5000 0.5754
62 1.1789 0.5806 22.5000 0.5754
62 1.1789 0.5806 22.5000 0.5754
34 2.3397 0.4412 17.0000 0.2842
34 2.1721 0.4412 15.0000 0.2842
42 1.1536 0.6310 14.5000 0.8799
62 1.2094 0.5403 26.0000 0.7007
62 1.1865 0.5645 23.0000 0.6641
62 1.2094 0.5403 26.0000 0.7007
62 1.1865 0.5645 23.0000 0.6641
62 1.2094 0.5403 26.0000 0.7007
62 1.1865 0.5645 23.0000 0.6641
42 1.1627 0.5952 16.0000 0.7516
41 1.5200 0.3077 27.0000 0.1097
42 1.1398 0.6905 13.0000 0.8799
46 1.2934 0.4091 25.0000 0.9347
33 1.2113 0.6875 11.0000 0.7245
46 1.2870 0.4546 25.0000 0.9477
42 1.1957 0.5000 18.0000 0.7546
20 1.1220 0.4444 10.0000 0.9324
62 1.1827 0.5410 25.0000 0.2531
62 1.1708 0.5410 25.0000 0.4193
19 1.2203 0.2941 12.0000 0.9225
62 1.1948 0.5726 22.5000 0.5635
62 1.1948 0.5726 22.5000 0.5635
62 1.2030 0.5726 23.5000 0.5548
62 1.1699 0.6129 21.0000 0.8234
62 1.1669 0.5968 22.5000 0.4832
62 1.1814 0.5645 24.0000 0.3892
46 1.2699 0.3750 26.0000 0.9079
88 1.1778 0.5114 40.0000 0.6313
88 1.2572 0.5512 34.0000 0.6167
46 1.3684 0.4565 22.5000 0.6517
14 1.1680 0.4167 9.0000 0.4789
46 1.2775 0.4545 22.0000 0.9090
46 1.2333 0.3182 28.0000 0.6891
46 1.3095 0.3409 26.0000 0.9477
46 1.3041 0.4545 25.0000 0.9218
46 1.2681 0.3636 25.0000 0.9205
46 1.2391 0.4204 25.0000 0.9477
64 1.2126 0.5000 26.0000 0.8933
45 1.1250 0.7907 11.0000 0.8800
41 1.4705 0.3333 19.0000 0.1349
46 1.2574 0.4091 21.0000 0.9249
42 1.2253 0.6905 13.0000 0.7516
42 1.2128 0.6667 14.0000 0.7252
32 1.2302 0.5469 13.0000 0.8324
44 1.2547 0.6548 16.0000 0.7740
42 1.2282 0.4643 18.0000 0.9113
42 1.1368 0.6667 14.0000 0.8399
42 1.1564 0.5952 17.0000 0.7252
42 1.1742 0.6786 13.0000 0.9113
42 1.2719 0.5952 15.0000 0.7469
42 1.2082 0.5119 19.0000 0.7252
42 1.1553 0.5250 17.0000 0.7043
44 1.1695 0.6250 16.5000 0.6129
42 1.2188 0.6190 14.0000 0.7469
33 1.2994 0.3226 16.5000 0.7154
33 1.2093 0.3710 15.0000 0.6106
33 1.1961 0.3387 17.5000 0.8094
42 1.5098 0.4048 23.0000 0.6845
42 1.1988 0.7500 10.5000 0.8799
19 1.3895 0.2059 12.5000 0.8597
84 1.2806 0.5476 35.0000 0.3219
41 1.5021 0.3846 20.0000 0.1233
16 1.2965 0.3333 10.0000 0.2513
60 1.3818 0.6140 24.0000 0.6898
41 1.4453 0.3846 22.0000 0.1365
60 1.2588 0.5690 22.0000 0.7513
41 1.6112 0.3026 23.0000 0.3276
86 1.1982 0.5814 32.0000 0.8684
92 1.1914 0.5054 42.0000 0.9708
92 1.1746 0.4348 41.0000 0.9249
88 1.2602 0.4773 41.0000 0.9027
92 1.1966 0.4457 44.0000 0.9278
88 1.2275 0.5057 41.5000 0.9156
88 1.2386 0.5057 38.5000 0.9558
81 1.2449 0.5679 33.0000 0.8716
16 1.1766 0.3571 11.0000 0.9079
16 1.3145 0.3438 10.0000 0.9220
91 1.2093 0.5500 41.0000 0.8193
92 1.2673 0.4783 40.0000 0.7771
91 1.2067 0.5659 38.0000 0.8718
91 1.2401 0.4835 42.0000 0.8124
65 1.2626 0.4688 32.0000 0.8264
16 1.3196 0.5312 7.5000 0.9220
16 1.2707 0.5000 8.0000 0.9220
82 1.2173 0.5366 35.0000 0.6131
923 1.4406 0.6165 324.0000 0.4272
73 1.1384 0.7876 15.5000 0.4737
11 1.6590 0.1818 9.0000 0.2756
73 1.2014 0.6506 25.0000 0.4901
73 1.2235 0.6301 26.0000 0.4980
184 1.4869 0.4103 90.5000 0.3538
22 1.3430 0.1819 15.0000 0.9466
22 1.2061 0.4545 12.0000 0.5197
22 1.3276 0.4318 10.5000 0.9466
28 1.2475 0.1923 14.0000 0.9560
70 1.3145 0.2576 36.0000 0.8654
74 1.3158 0.2571 44.0000 0.7300
72 1.3419 0.2647 40.5000 0.8958
70 1.2910 0.2279 43.0000 0.8713
70 1.3178 0.2879 39.0000 0.8553
72 1.3228 0.2353 38.5000 0.8713
70 1.3232 0.2576 39.5000 0.8654
74 1.3109 0.2571 42.0000 0.7428
70 1.2812 0.2576 40.5000 0.8131
74 1.2612 0.2571 47.0000 0.7853
86 1.3815 0.5814 33.5000 0.8076
87 1.4272 0.5058 40.0000 0.7124
86 1.3957 0.5756 32.5000 0.8076
86 1.4095 0.5465 36.0000 0.7727
86 1.3193 0.5465 37.0000 0.7920
82 1.3101 0.4634 41.0000 0.5833
86 1.3978 0.5581 33.5000 0.8002
87 1.3887 0.5459 36.5000 0.7886
86 1.3394 0.5407 35.0000 0.5642
86 1.3569 0.5465 39.0000 0.7398
86 1.3897 0.5814 32.5000 0.7655
86 1.3418 0.5581 35.5000 0.7268
86 1.3887 0.6105 32.0000 0.8002
87 1.3840 0.5172 38.0000 0.7714
86 1.3858 0.5639 33.0000 0.7789
85 1.4192 0.5471 37.0000 0.7373
86 1.4132 0.5407 36.0000 0.7326
87 1.3956 0.5402 36.5000 0.7767
86 1.2266 0.6707 29.5000 0.8718
86 1.2104 0.7012 28.0000 0.8718
86 1.1715 0.5349 37.0000 0.3833
86 1.1957 0.6163 31.0000 0.6879
42 1.2092 0.8095 8.0000 0.8799
42 1.2237 0.6829 13.5000 0.2361
20 1.4238 0.4000 11.0000 0.8921
20 1.4415 0.4000 10.0000 0.8921
20 1.4107 0.4000 11.0000 0.8921
20 1.4312 0.3250 12.0000 0.8921
20 1.3723 0.4000 11.0000 0.8921
20 1.4131 0.3500 12.0000 0.8921
98 1.1733 0.5357 42.5000 0.7526
42 1.2023 0.5476 19.0000 0.9113
84 1.1462 0.6845 24.5000 0.5886
46 1.3178 0.3636 24.5000 0.9218
65 1.4103 0.4426 27.5000 0.0787
82 1.1404 0.7561 20.0000 0.6160
82 1.1867 0.7073 24.0000 0.4318
42 1.1477 0.6667 14.0000 0.8157
11 1.6112 0.3000 6.0000 0.6857
44 1.1279 0.7045 12.0000 0.8818
16 1.4748 0.5333 8.0000 0.3917
16 1.3931 0.3333 8.5000 1.0000
16 1.4162 0.2667 9.0000 0.8128
16 1.7714 0.4000 8.0000 0.4866
16 1.4708 0.5000 8.0000 0.3917
16 1.3078 0.2667 9.0000 0.8128
16 1.4599 0.2667 9.0000 0.6022
16 1.3282 0.2000 9.0000 0.8128
42 1.1663 0.6429 13.0000 0.8745
67 1.3405 0.1846 37.0000 0.7528
39 1.1999 0.4722 22.0000 0.9053
63 1.1565 0.6508 22.0000 0.5069
63 1.1618 0.6746 20.5000 0.7803
20 1.1826 0.3333 13.0000 0.9324
20 1.0823 0.2222 15.0000 0.9324
20 1.1041 0.2222 13.0000 0.9324
20 1.2171 0.2222 12.0000 0.9324
21 1.2889 0.3500 10.0000 0.8615
20 1.1805 0.3500 12.0000 0.7461
42 1.1688 0.6667 14.0000 0.9113
41 1.1221 0.6098 13.0000 0.5140
47 1.4357 0.4255 23.0000 0.7151
47 1.4323 0.4255 22.0000 0.7542
46 1.4144 0.3696 23.0000 0.7541
48 1.3992 0.3958 23.0000 0.7152
40 1.2492 0.6282 13.5000 0.7838
46 1.4416 0.4130 24.0000 0.7289
46 1.3460 0.3587 24.0000 0.8157
46 1.4410 0.4131 24.5000 0.6524
47 1.4324 0.5000 19.0000 0.8940
47 1.4729 0.4894 19.0000 0.5940
47 1.4404 0.4468 23.0000 0.6342
15 1.2066 0.2307 9.0000 0.8063
55 1.8191 0.3148 31.0000 0.4699
84 1.2673 0.5774 34.0000 0.5536
83 1.3016 0.5422 35.0000 0.4370
62 1.1946 0.5403 26.0000 0.6254
62 1.1789 0.5806 22.5000 0.5754
60 2.3445 0.3559 31.0000 0.7445
59 2.3545 0.3333 30.0000 0.5756
61 2.0575 0.3250 31.5000 0.8655
61 2.0846 0.3500 32.0000 0.8010
62 1.2094 0.5403 26.0000 0.7007
62 1.1865 0.5645 23.0000 0.6641
87 1.2337 0.4828 41.0000 0.3058
87 1.1645 0.4425 44.5000 0.2914
87 1.2163 0.5344 38.5000 0.6110
87 1.2334 0.4713 41.0000 0.2781
87 1.2164 0.5172 39.5000 0.6474
87 1.1721 0.5172 40.0000 0.3616
84 1.3186 0.5655 35.0000 0.5190
84 1.1946 0.5476 37.0000 0.6705
84 1.2626 0.6130 32.0000 0.5629
84 1.1816 0.6071 33.0000 0.6777
84 1.2584 0.5833 34.5000 0.5895
84 1.2288 0.5238 37.0000 0.6889
84 1.2689 0.5774 34.0000 0.5786
84 1.2162 0.5238 37.5000 0.6960
84 1.2477 0.5952 32.0000 0.4407
84 1.1881 0.6071 32.0000 0.6905
84 1.2994 0.6071 32.0000 0.5573
84 1.1999 0.5595 35.0000 0.4431
30 1.2389 0.3333 17.0000 0.8794
28 1.2317 0.3462 16.0000 0.9340
26 1.2511 0.2917 15.0000 0.8629
85 1.2612 0.6412 29.0000 0.1688
85 1.2463 0.5117 38.5000 0.3793
84 1.2759 0.6548 28.0000 0.4970
84 1.1896 0.5833 35.0000 0.3707
83 1.2403 0.5181 37.0000 0.3067
83 1.2193 0.5362 36.5000 0.6667
83 1.2208 0.4879 37.5000 0.5963
20 1.3652 0.3000 11.0000 0.6149
18 1.3816 0.3235 9.5000 0.9320
28 1.2830 0.4231 15.5000 0.9340
29 1.2237 0.3846 14.0000 0.9340
28 1.2634 0.3600 14.0000 0.8790
27 1.3354 0.4800 14.5000 0.9339
28 1.1465 0.3846 15.0000 0.9340
28 1.2343 0.3077 15.0000 0.9340
28 1.1943 0.3462 16.0000 0.9340
75 1.1734 0.6486 24.5000 0.5475
73 1.1383 0.7876 15.5000 0.4737
40 1.3605 0.3846 21.0000 1.0000
31 1.6831 0.2000 20.0000 0.8638
60 2.2460 0.4237 27.0000 0.5872
60 2.3690 0.3559 32.0000 0.4997
12 1.1780 0.5000 4.0000 0.6969
45 1.2952 0.3488 27.0000 0.8938
45 1.1663 0.3256 22.0000 0.9217
45 1.1646 0.3024 22.0000 0.9217
60 1.9725 0.3390 31.0000 0.6791
60 1.9920 0.3559 30.0000 0.6283
45 1.2570 0.3023 28.0000 0.8938
45 1.2736 0.2093 28.0000 0.9207
158 1.6389 0.4841 70.0000 0.0902
17 2.1476 0.3529 10.0000 0.4896
87 1.1821 0.4656 42.0000 0.8053
40 1.4676 0.4474 20.0000 1.0000
73 1.1822 0.7260 20.0000 0.4519
18 1.3563 0.3125 11.0000 0.9092
16 1.2094 0.3928 9.5000 1.0000
16 1.3182 0.3571 9.0000 1.0000
73 1.1442 0.7671 14.5000 0.4955
73 1.1081 0.8082 14.0000 0.5155
91 1.2868 0.5165 38.0000 0.6539
73 1.1164 0.8561 10.5000 0.5863
91 1.1987 0.4396 44.5000 0.4620
73 1.1036 0.8219 13.0000 0.4538
91 1.1736 0.5604 38.0000 0.4507
73 1.1750 0.6712 20.0000 0.8949
62 1.1624 0.5565 24.0000 0.4201
73 1.2127 0.6096 28.0000 0.5211
73 1.2136 0.6164 27.0000 0.4962
40 1.4213 0.3846 18.0000 0.9252
99 1.4463 0.5354 38.0000 0.3783
254 1.3912 0.5177 108.5000 0.5058
229 1.3764 0.4170 106.0000 0.5718
42 1.4394 0.3846 24.0000 0.8886
25 1.1315 0.4783 13.0000 0.7961
25 1.1363 0.4783 13.0000 0.7961
25 1.1797 0.4783 13.0000 0.6652
25 1.1428 0.4783 13.0000 0.9111
22 1.1380 0.1818 11.0000 0.9334
83 1.1648 0.7470 21.0000 0.4650
85 1.1850 0.7412 22.0000 0.6346
82 1.1915 0.7378 21.0000 0.4318
83 1.1560 0.7683 19.0000 0.5707
169 1.2986 0.4705 78.0000 0.4396
910 1.4716 0.6380 304.5000 0.1608
146 1.2274 0.4350 68.0000 0.4667
20 1.1995 0.3889 13.0000 0.9324
15 1.2147 0.3846 8.0000 0.8063
59 1.9563 0.2931 33.0000 0.7056
59 1.8270 0.3362 33.0000 0.8655
73 1.1262 0.7808 14.0000 0.4860
73 1.1159 0.7945 13.0000 0.4852
73 1.1109 0.8836 8.5000 0.5064
73 1.1027 0.8561 10.5000 0.4959
73 1.1182 0.8493 11.0000 0.4959
73 1.1288 0.8630 10.0000 0.4755
103 1.4486 0.5776 38.0000 0.4076
40 1.4248 0.3077 22.0000 0.8938
40 1.3694 0.3158 21.5000 1.0000
40 1.3281 0.3421 21.0000 0.9122
40 1.6427 0.3974 21.0000 0.9123
40 1.5868 0.3846 21.0000 0.9123
40 1.5330 0.4103 22.0000 0.9123
40 1.5837 0.3846 22.0000 0.9123
40 1.5569 0.4231 20.5000 0.9123
44 1.1460 0.7143 12.0000 0.8799
44 1.1519 0.6667 14.0000 0.8799
101 1.4257 0.5694 40.5000 0.5970
103 1.3689 0.5631 42.0000 0.4239
41 1.2136 0.5854 16.5000 0.7077
42 1.1929 0.5714 14.0000 0.7740
295 1.4070 0.4390 141.5000 0.7277
176 1.3367 0.3750 90.0000 0.4770
296 1.3548 0.4425 136.5000 0.4919
59 2.0348 0.3448 33.0000 0.8158
29 1.2752 0.3846 16.0000 0.8329
12 1.4526 0.0416 9.0000 0.3234
12 1.4625 0.0833 9.0000 0.3234
12 1.4044 0.0416 9.0000 0.3234
12 1.5217 0.0833 9.0000 0.3234
12 1.2229 0.5833 5.0000 0.3234
12 1.2554 0.6667 4.0000 0.3234
12 1.1823 0.7084 3.5000 0.3234
12 1.1263 0.5000 6.0000 0.3234
12 1.2002 0.3333 7.0000 0.3234
45 1.2003 0.2381 24.0000 0.9476
87 1.2487 0.5057 37.0000 0.4315
87 1.2428 0.5291 39.0000 0.6127
95 1.2464 0.5585 39.5000 0.7212
238 1.3818 0.4622 108.5000 0.6524
95 1.4900 0.4316 44.0000 0.6228
95 1.4447 0.4632 45.0000 0.6049
13 1.4657 0.3333 8.0000 0.8597
13 1.3589 0.5000 7.0000 0.8597
64 1.2635 0.4609 29.0000 0.5677
64 1.2317 0.4062 27.0000 0.5549
64 1.2165 0.3281 34.0000 0.6158
28 1.5017 0.3929 15.0000 0.6671
29 1.4520 0.2069 17.0000 0.4952
29 1.5329 0.4138 15.0000 0.1948
41 1.4683 0.3659 23.0000 1.0000
87 1.1823 0.5114 37.5000 0.6391
621 1.9413 0.5185 238.0000 0.1537
621 1.9670 0.5201 237.0000 0.1482
19 1.1880 0.0556 9.0000 0.8507
40 1.3538 0.3158 23.0000 0.7468
40 1.4564 0.2949 23.0000 0.9252
40 1.3810 0.3158 22.0000 1.0000
157 1.4333 0.6593 48.5000 0.2551
157 1.4007 0.6561 48.0000 0.3411
163 1.3135 0.5093 75.5000 0.7221
97 1.1773 0.6186 35.0000 0.8914
23 1.7816 0.5217 10.0000 0.3518
386 1.3718 0.4482 173.5000 0.4113
18 1.3169 0.3055 8.0000 0.9324
19 1.1622 0.2105 8.0000 0.8768
14 1.2429 0.2308 10.0000 0.7796
25 1.3310 0.4800 13.0000 0.6731
25 1.3312 0.4800 13.0000 0.6731
25 1.3099 0.4800 13.0000 0.9114
25 1.3980 0.4400 13.0000 0.8145
25 1.4882 0.4800 13.0000 0.4286
25 1.3942 0.5200 12.0000 0.6701
34 1.3558 0.2353 21.5000 0.9121
923 1.7668 0.5087 402.5000 0.4304
923 1.9741 0.4561 436.0000 0.3733
29 1.5115 0.4828 14.5000 0.9118
26 1.2525 0.5209 13.0000 0.7251
26 1.2439 0.5000 13.0000 0.8298
26 1.2439 0.5000 13.0000 0.8298
217 1.5132 0.4378 103.5000 0.3762
458 1.3839 0.7598 108.0000 0.4145
54 1.4207 0.1945 31.5000 0.7428
43 1.3104 0.1744 28.0000 0.7374
25 1.2538 0.2800 14.0000 0.6034
62 1.1661 0.5323 23.0000 0.5480
20 1.2780 0.4500 11.0000 1.0000
20 1.2073 0.3250 13.5000 1.0000
20 1.2437 0.4750 10.5000 1.0000
20 1.1517 0.4000 12.0000 1.0000
19 1.2033 0.2105 14.0000 1.0000
43 1.3586 0.2791 26.0000 0.9631
98 1.2498 0.5612 40.0000 0.7232
55 1.8975 0.2200 31.0000 0.3519
55 1.6324 0.2169 32.0000 0.6127
63 1.2481 0.3361 29.0000 0.9467
944 1.6686 0.5164 414.0000 0.2925
944 1.6818 0.5302 402.5000 0.3441
402 1.3178 0.8159 70.0000 0.3606
109 1.3733 0.4862 46.0000 0.8354
130 1.4442 0.4500 61.5000 0.6178
20 1.3171 0.2632 15.0000 0.2741
98 1.3673 0.4844 46.5000 0.7911
146 1.1413 0.7979 29.0000 0.7914
453 1.2372 0.8631 61.0000 0.4985
146 1.1644 0.7740 33.0000 0.7884
453 1.2146 0.8709 58.5000 0.3901
54 1.3138 0.2963 28.0000 0.9065
85 1.1890 0.5176 37.0000 0.5864
87 1.2095 0.4943 38.5000 0.5938
472 1.1497 0.9174 39.0000 0.1530
927 1.5374 0.6170 323.5000 0.3163
924 1.5196 0.6223 324.0000 0.3610
924 1.5163 0.6282 319.5000 0.3635
924 1.5036 0.6294 320.0000 0.3508
924 1.5063 0.6277 322.0000 0.3713
924 1.5516 0.6088 331.5000 0.3559
924 1.5006 0.6310 319.5000 0.3706
64 1.2634 0.4609 29.0000 0.5677
79 1.6083 0.4684 36.0000 0.5141
928 1.5293 0.6018 333.0000 0.3754
928 1.5094 0.6153 323.5000 0.3308
928 1.4960 0.6169 323.5000 0.3453
928 1.5383 0.5841 343.0000 0.3103
453 1.1010 0.9779 10.0000 0.4204
453 1.0774 0.9845 6.0000 0.4304
453 1.0911 0.9779 10.0000 0.4202
453 1.0781 0.9823 8.0000 0.4817
453 1.0886 0.9735 12.0000 0.3341
453 1.1347 0.9393 27.5000 0.4173
453 1.1075 0.9581 19.0000 0.3563
453 1.0875 0.9625 14.5000 0.4767
24 1.2796 0.5455 11.0000 0.9466
22 1.2868 0.3636 13.0000 0.9466
465 1.2670 0.8710 57.5000 0.4480
52 1.3332 0.2500 27.0000 0.9786
210 1.4809 0.4667 92.5000 0.3976
120 1.3241 0.3083 76.0000 0.9745
62 1.2984 0.2581 42.5000 0.5223
48 1.2399 0.7500 12.0000 0.8115
48 1.2847 0.7083 14.0000 0.6435
49 1.2551 0.6939 15.0000 0.8872
48 1.2529 0.7500 12.0000 0.8750
48 1.3268 0.6250 18.0000 0.5715
48 1.2775 0.6458 17.0000 0.8209
48 1.2730 0.5417 20.0000 0.3670
48 1.3193 0.5729 19.0000 0.3412
48 1.2692 0.5625 18.5000 0.8338
48 1.2701 0.6667 16.0000 0.7480
36 2.4663 0.2571 24.0000 0.4052
98 1.2702 0.4592 43.0000 0.3649
50 1.2089 0.4400 23.0000 0.8371
44 1.1915 0.3095 22.0000 0.9476
944 1.5410 0.6098 343.0000 0.3380
84 1.2305 0.6489 29.0000 0.6543
65 1.2033 0.6462 23.0000 0.9020
242 1.4524 0.2893 137.0000 0.1571
242 1.4804 0.2644 139.0000 0.2148
73 1.0990 0.7945 15.0000 0.5159
87 1.2162 0.5575 36.5000 0.6178
87 1.2073 0.5805 34.0000 0.5913
87 1.1578 0.5862 34.0000 0.6919
86 1.3201 0.4709 39.5000 0.5687
84 1.2336 0.5595 34.5000 0.6044
51 1.5633 0.5100 23.5000 0.6034
51 1.4378 0.4898 23.0000 0.6889
51 1.5498 0.5000 25.0000 0.7884
51 1.6023 0.4314 25.0000 0.7241
51 1.4572 0.4314 27.0000 0.8001
51 1.6364 0.4412 27.0000 0.8047
51 1.6050 0.5098 23.5000 0.7638
51 1.5181 0.5500 22.0000 0.7031
51 1.5439 0.5400 23.0000 0.8501
51 1.4466 0.4510 25.0000 0.7526
51 1.5882 0.5490 23.0000 0.7848
51 1.6034 0.5294 23.0000 0.7269
51 1.6321 0.4804 25.0000 0.7269
51 1.4261 0.4804 25.5000 0.8502
924 1.5203 0.6240 322.0000 0.3526
86 1.2120 0.4535 41.0000 0.7701
86 1.2563 0.5000 38.0000 0.6008
13 1.7473 0.5385 6.0000 0.6945
14 1.1810 0.2143 11.0000 0.9079
14 1.3220 0.2143 10.0000 0.9079
14 1.3889 0.1786 11.5000 0.9079
14 1.2279 0.2143 11.0000 0.9079
15 1.2886 0.0000 14.0000 0.9215
15 1.4011 0.4000 8.5000 0.9215
15 1.1353 0.2000 11.0000 0.9215
15 1.3323 0.2000 11.0000 0.8239
34 1.3484 0.3235 20.0000 0.6638
35 1.3657 0.4000 19.5000 0.6043
46 1.4870 0.2391 26.0000 0.3634
35 1.3894 0.4000 18.0000 0.6043
32 1.2559 0.5938 12.0000 0.7578
31 1.2591 0.6129 11.0000 0.7209
32 1.2200 0.6562 10.0000 0.6894
32 1.1981 0.6562 10.0000 0.7213
73 1.1846 0.6232 25.5000 0.4799
73 1.1362 0.7329 19.0000 0.5401
73 1.1761 0.6849 23.0000 0.4903
73 1.1823 0.7534 18.0000 0.5332
73 1.1760 0.6849 23.0000 0.4903
73 1.1549 0.7260 20.0000 0.5676
73 1.1785 0.6506 22.0000 0.4767
75 1.3238 0.4067 40.0000 0.7873
42 1.3601 0.3095 24.0000 0.9677
42 1.3640 0.3571 23.5000 0.6952
42 1.2125 0.3571 25.5000 0.9677
42 1.2996 0.2857 25.0000 0.8363
909 1.5053 0.6326 306.5000 0.4077
941 1.4789 0.6147 328.0000 0.3790
947 1.4585 0.6500 302.0000 0.3631
946 1.4682 0.6438 311.0000 0.3858
946 1.4621 0.6506 301.0000 0.3529
946 1.4436 0.6564 294.0000 0.3448
946 1.4515 0.6718 290.5000 0.3779
70 1.2008 0.5500 29.0000 0.3471
621 1.9687 0.4841 240.0000 0.1602
37 1.3590 0.3108 22.0000 0.3548
949 1.4511 0.6723 285.0000 0.3931
949 1.4694 0.6718 291.0000 0.3931
949 1.4735 0.6670 289.0000 0.4005
447 1.4048 0.7774 97.5000 0.2306
35 1.3939 0.2059 22.0000 0.8747
85 1.1967 0.5412 35.0000 0.3885
90 1.2630 0.5167 40.5000 0.5723
90 1.2481 0.5222 40.0000 0.6147
90 1.2357 0.5500 37.0000 0.5847
90 1.2615 0.5444 39.0000 0.4963
90 1.2660 0.5389 39.0000 0.6346
86 1.1663 0.5814 31.0000 0.8364
42 1.2712 0.4250 23.0000 0.9447
57 1.5900 0.2632 32.0000 0.4957
58 1.5337 0.2414 33.0000 0.5093
58 1.4108 0.2242 35.0000 0.5609
58 1.4440 0.2586 34.0000 0.5365
130 1.3734 0.4453 62.5000 0.7311
63 1.2906 0.2581 36.0000 0.9467
63 1.2929 0.2581 36.0000 0.9467
62 1.7227 0.3115 38.0000 0.9512
58 1.3723 0.2069 33.5000 0.5461
58 1.4264 0.2414 35.0000 0.5572
17 1.2892 0.5000 9.0000 0.9092
17 1.2258 0.3750 10.0000 0.9092
66 1.7576 0.3560 35.5000 0.9091
61 1.6178 0.3084 36.0000 0.9000
63 1.6235 0.3016 36.0000 0.9263
66 1.6130 0.3257 36.5000 0.8968
66 1.8399 0.3182 35.5000 0.9138
174 1.5169 0.2989 95.0000 0.5288
118 1.4590 0.4449 57.5000 0.5674
118 1.5426 0.3263 65.5000 0.4661
55 1.2650 0.3114 30.0000 0.9260
55 1.3172 0.3273 30.0000 0.8893
90 1.2268 0.6000 34.0000 0.5117
55 1.2257 0.2727 30.0000 0.8843
55 1.3044 0.3273 30.0000 0.8738
55 1.2737 0.3455 29.5000 0.8744
73 1.0990 0.7945 15.0000 0.5159
949 1.4613 0.6739 289.5000 0.4068
37 1.2500 0.4722 19.0000 0.5925
38 1.2379 0.4865 19.0000 0.5644
239 1.4590 0.4477 112.5000 0.4213
498 1.1406 0.9337 33.0000 0.6059
64 1.3047 0.5156 27.0000 0.6008
457 1.0829 0.9792 9.5000 0.3160
481 1.0900 0.9637 17.5000 0.4772
457 1.1092 0.9705 13.5000 0.3567
457 1.0906 0.9781 10.0000 0.4534
737 1.4916 0.5312 311.0000 0.3808
802 1.5608 0.5299 335.0000 0.4481
853 1.4915 0.5439 347.5000 0.4551
844 1.4785 0.5693 327.5000 0.4164
886 1.5275 0.5728 346.5000 0.3820
881 1.4953 0.5516 352.5000 0.3760
469 1.3451 0.7910 94.0000 0.2723
63 1.2087 0.3934 31.0000 0.9637
47 1.2581 0.2128 37.0000 0.8870
62 1.2457 0.2334 31.0000 0.9637
881 1.2969 0.6822 263.0000 0.5150
66 1.6559 0.3359 37.5000 0.8847
104 1.2902 0.2451 68.0000 0.9899
120 1.2920 0.2373 81.0000 0.9825
80 1.3249 0.2372 54.0000 0.9866
104 1.2892 0.2451 67.5000 0.9848
120 1.3005 0.2584 78.0000 0.9913
80 1.3371 0.2628 54.0000 0.9866
69 1.3833 0.4638 36.0000 0.4835
69 1.3747 0.4638 35.5000 0.4775
69 1.3306 0.4566 36.5000 0.4650
69 1.3448 0.4638 35.5000 0.4659
69 1.3809 0.4638 35.0000 0.4718
69 1.3850 0.4783 35.0000 0.4459
69 1.3346 0.4638 34.0000 0.4715
69 1.3329 0.4783 36.0000 0.4585
69 1.3336 0.4638 36.0000 0.4722
69 1.3388 0.4783 35.0000 0.4273
68 1.3611 0.4412 36.0000 0.5194
72 1.4213 0.4306 37.5000 0.4911
72 1.3841 0.4306 38.0000 0.5791
72 1.4205 0.4167 39.0000 0.5973
72 1.3825 0.3750 41.0000 0.5546
87 1.2003 0.6118 33.0000 0.8993
61 1.6851 0.3333 35.0000 0.9263
52 1.3580 0.4038 25.0000 1.0000
52 1.2879 0.3366 28.5000 0.9786
52 1.2874 0.3462 28.5000 0.9786
52 1.2874 0.3462 28.5000 0.9786
52 1.2874 0.3462 28.5000 0.9786
52 1.3169 0.3654 28.0000 0.8821
52 1.3449 0.3366 29.0000 0.9353
90 1.2423 0.5667 36.5000 0.6724
95 1.2424 0.4789 40.0000 0.7319
79 1.1927 0.6139 28.5000 0.8160
