63 1.2231 0.6667 21.0000 0.3960
63 1.2277 0.6429 22.0000 0.5221
33 1.2767 0.5000 15.0000 0.6387
62 1.2286 0.5887 20.0000 0.3555
62 1.2174 0.6048 22.5000 0.3450
62 1.2471 0.5565 23.0000 0.3573
62 1.2505 0.5645 23.0000 0.3621
62 1.2499 0.5645 23.0000 0.3621
62 1.2504 0.5645 23.0000 0.3621
62 1.2452 0.5645 23.0000 0.3621
34 1.8042 0.5588 14.0000 0.2842
34 1.7721 0.3971 17.0000 0.1612
42 1.2668 0.6071 16.0000 0.9113
62 1.2172 0.6129 22.0000 0.3689
62 1.1808 0.6532 19.0000 0.3170
62 1.2172 0.6129 22.0000 0.3689
62 1.1808 0.6532 19.0000 0.3170
62 1.2172 0.6129 22.0000 0.3689
62 1.1808 0.6532 19.0000 0.3170
42 1.2459 0.4524 19.5000 0.7744
41 1.3983 0.3590 21.5000 0.2186
41 1.3569 0.4872 19.0000 0.1349
42 1.1692 0.5595 17.0000 0.7252
46 1.1522 0.4091 24.0000 0.9205
33 1.1610 0.5625 13.0000 0.8552
46 1.1416 0.3636 28.0000 0.9205
42 1.2615 0.4500 18.5000 0.8249
20 1.1671 0.2778 10.5000 0.9324
62 1.2365 0.6557 19.0000 0.3146
62 1.2315 0.6557 19.0000 0.3106
19 1.3173 0.4118 8.0000 0.9225
62 1.2175 0.6129 21.0000 0.2293
62 1.2175 0.6129 21.0000 0.2293
62 1.2902 0.6048 21.5000 0.3535
62 1.2331 0.6210 19.0000 0.3725
62 1.2234 0.6290 18.5000 0.7450
62 1.2259 0.6613 18.5000 0.3642
46 1.1277 0.3182 26.0000 0.9205
88 1.2571 0.5795 34.5000 0.6419
88 1.2978 0.5568 38.0000 0.6419
46 1.1573 0.4130 23.0000 0.6817
14 1.2237 0.5833 6.0000 0.4789
46 1.1978 0.3409 25.0000 0.9603
46 1.2513 0.4091 25.0000 0.8939
46 1.2631 0.3522 24.0000 0.9477
46 1.2142 0.3409 25.0000 0.9205
46 1.1322 0.3409 25.0000 0.9205
46 1.2483 0.3864 23.0000 0.9205
64 1.2108 0.5000 28.0000 0.8827
45 1.1812 0.5000 23.0000 0.6635
41 1.2858 0.4872 18.5000 0.1360
46 1.2574 0.3864 24.0000 0.9249
42 1.2059 0.7143 12.0000 0.7014
42 1.1683 0.7619 10.0000 0.7252
32 1.1755 0.6875 10.0000 0.7847
44 1.2459 0.5357 19.0000 0.8107
42 1.1699 0.6548 14.5000 0.9129
42 1.1907 0.7262 11.5000 0.7080
42 1.1936 0.5714 16.0000 0.8990
42 1.1859 0.5952 15.0000 0.9113
42 1.2275 0.5476 17.5000 0.7469
42 1.1940 0.5476 17.0000 0.7873
42 1.2393 0.4000 18.0000 0.7282
44 1.1325 0.5909 18.0000 0.7067
42 1.2249 0.6071 16.0000 0.7224
33 1.1683 0.4839 13.0000 0.6285
33 1.2468 0.5323 13.0000 0.8979
33 1.2469 0.5323 13.5000 0.6936
42 1.2972 0.4048 21.0000 0.7546
42 1.2262 0.7381 11.0000 0.8799
19 1.2603 0.3529 10.0000 0.8597
84 1.3013 0.6370 28.5000 0.5123
41 1.3234 0.3846 20.0000 0.1432
16 1.1237 0.3333 10.0000 0.6916
60 1.2109 0.6579 20.0000 0.6101
41 1.2897 0.4103 18.0000 0.2636
60 1.2692 0.6034 24.0000 0.7799
86 1.2155 0.6453 29.0000 0.9067
92 1.2527 0.5543 37.0000 0.9257
92 1.2954 0.4674 42.5000 0.9625
88 1.2367 0.5455 37.0000 0.6442
92 1.3219 0.4565 42.5000 0.9351
88 1.2567 0.5568 36.0000 0.9388
88 1.2923 0.4659 41.5000 0.9558
81 1.2206 0.4691 36.0000 0.8788
16 1.1102 0.4286 10.0000 0.9079
16 1.1233 0.5625 7.0000 0.9220
91 1.2138 0.6166 34.0000 0.8054
92 1.2587 0.5652 36.5000 0.7485
91 1.2283 0.5330 41.5000 0.6384
91 1.2300 0.5769 36.0000 0.7201
65 1.2504 0.4141 33.0000 0.7555
16 1.1800 0.6875 5.0000 0.9220
16 1.1822 0.5625 7.0000 0.9220
82 1.2389 0.5610 32.5000 0.6240
923 1.4207 0.6273 325.0000 0.3541
73 1.1582 0.7534 17.0000 0.4635
11 1.1868 0.1818 9.0000 0.7610
73 1.2126 0.6164 27.0000 0.2115
73 1.2225 0.6164 28.0000 0.0960
184 1.5319 0.3804 93.0000 0.3765
22 1.2195 0.0455 17.0000 0.9466
22 1.2725 0.0909 16.0000 0.5587
22 1.1512 0.2727 11.0000 0.9466
28 1.2006 0.5385 12.0000 0.9101
70 1.3477 0.4394 32.0000 0.7976
74 1.2844 0.3857 39.5000 0.9657
72 1.3214 0.4265 38.0000 0.9213
70 1.2853 0.4412 34.0000 0.8713
70 1.3275 0.4697 37.0000 0.9060
72 1.3370 0.5000 35.0000 0.8713
70 1.3611 0.4394 33.5000 0.8295
74 1.3121 0.4072 39.0000 0.9572
70 1.4128 0.3636 35.0000 0.8654
74 1.2751 0.3642 39.5000 0.9657
86 1.2224 0.5233 37.0000 0.7253
87 1.3039 0.4656 40.0000 0.8233
86 1.2409 0.4942 39.0000 0.6655
86 1.3193 0.5058 39.5000 0.8048
86 1.2399 0.4419 43.5000 0.6703
82 1.2068 0.5000 38.0000 0.7313
86 1.2018 0.4884 39.0000 0.7986
87 1.2578 0.4770 41.0000 0.8157
86 1.2079 0.4767 42.0000 0.7648
86 1.2368 0.4826 40.0000 0.7986
86 1.2033 0.4709 41.0000 0.6530
86 1.2557 0.5000 40.0000 0.8067
86 1.2360 0.5000 39.5000 0.7727
87 1.3256 0.4598 40.0000 0.8095
86 1.2108 0.5000 40.5000 0.7652
85 1.2876 0.4706 38.5000 0.8048
86 1.2188 0.4767 41.0000 0.6751
87 1.2702 0.4828 41.0000 0.8304
86 1.2199 0.6402 29.5000 0.8095
86 1.2078 0.6585 28.0000 0.6248
86 1.1578 0.6512 30.0000 0.8779
86 1.1649 0.6163 32.0000 0.8941
42 1.1894 0.7381 11.0000 0.8147
42 1.1336 0.7073 13.0000 0.3979
43 1.1548 0.5952 18.0000 0.6388
20 1.4126 0.4000 11.0000 0.8921
20 1.4155 0.4000 11.0000 0.8921
20 1.4195 0.4000 11.0000 0.8921
20 1.4089 0.4000 11.0000 0.8921
20 1.4061 0.4000 11.0000 0.8921
20 1.4438 0.3750 11.0000 0.8921
98 1.2223 0.5663 38.0000 0.6082
42 1.1865 0.5119 17.0000 0.8345
84 1.2115 0.6667 27.0000 0.5728
46 1.1955 0.3182 26.0000 0.9205
65 1.3726 0.5246 30.0000 0.0859
82 1.1925 0.7317 22.0000 0.6271
82 1.1768 0.5549 36.0000 0.6095
42 1.1276 0.7143 10.0000 0.8493
11 1.3622 0.4000 5.0000 0.6857
44 1.1507 0.7273 11.0000 0.8818
16 1.4545 0.3667 9.0000 1.0000
16 1.2012 0.3333 9.0000 0.8128
16 1.2766 0.3333 9.0000 1.0000
16 1.6679 0.4334 9.0000 0.4866
16 1.3429 0.4000 8.0000 1.0000
16 1.6229 0.4000 8.5000 0.8128
16 1.4045 0.3667 8.0000 1.0000
16 1.5323 0.4000 10.0000 0.8128
42 1.1643 0.5952 17.0000 0.7842
67 1.3490 0.2846 38.0000 0.9632
39 1.3201 0.5278 19.0000 0.5274
63 1.1785 0.6667 19.0000 0.5827
63 1.1546 0.6984 19.0000 0.5827
20 1.0937 0.6111 8.0000 0.9324
20 1.1010 0.6111 8.0000 0.9324
20 1.1446 0.6111 9.0000 0.9324
20 1.1976 0.6111 7.0000 0.9324
21 1.1785 0.3500 12.0000 0.8615
20 1.1134 0.2500 10.0000 0.8102
42 1.1817 0.6071 15.5000 0.9129
41 1.1551 0.7805 9.0000 0.3352
47 1.7213 0.2553 31.0000 0.8004
47 1.6363 0.3191 29.0000 0.8562
46 1.6568 0.3369 27.0000 0.8283
48 1.6443 0.3958 27.5000 0.7578
40 1.2033 0.4872 19.0000 0.9017
46 1.4036 0.4348 24.0000 0.5630
46 1.4998 0.3913 25.0000 0.6106
46 1.5451 0.4022 24.5000 0.8157
46 1.5124 0.4348 25.0000 0.5630
47 1.3996 0.4681 22.0000 0.6307
47 1.3152 0.4894 20.0000 0.7991
47 1.3921 0.4468 23.0000 0.7991
15 1.1532 0.3077 9.0000 0.8063
55 1.5132 0.2314 31.0000 0.2869
84 1.2091 0.4643 37.0000 0.5698
83 1.3574 0.5422 35.0000 0.2639
62 1.2542 0.5968 22.0000 0.3492
62 1.2512 0.5645 23.0000 0.3621
60 2.0870 0.3559 30.0000 0.7445
59 1.8657 0.2982 30.5000 0.7407
61 1.9768 0.3500 29.0000 0.6692
61 1.9731 0.3500 31.0000 0.7273
62 1.2172 0.6129 22.0000 0.3689
62 1.1808 0.6532 19.0000 0.3170
87 1.2126 0.5172 39.0000 0.3842
87 1.2859 0.5402 37.0000 0.2914
87 1.2166 0.5344 39.0000 0.2781
87 1.2815 0.5517 35.5000 0.3219
87 1.2475 0.5402 35.0000 0.4521
87 1.2344 0.5977 33.0000 0.5252
84 1.3263 0.5416 36.5000 0.5198
84 1.2416 0.5000 40.5000 0.4593
84 1.3416 0.5476 35.5000 0.4339
84 1.2481 0.4703 39.5000 0.5958
84 1.4007 0.5357 37.0000 0.5941
84 1.2323 0.4703 41.0000 0.5646
84 1.3817 0.5535 36.0000 0.6040
84 1.2377 0.4762 39.5000 0.4964
84 1.3723 0.5060 38.5000 0.4783
84 1.2521 0.5000 39.0000 0.6519
84 1.3020 0.4405 43.5000 0.4031
84 1.2136 0.5357 38.0000 0.6153
30 1.2519 0.5185 13.5000 0.9670
28 1.3656 0.4423 15.0000 0.9340
26 1.3500 0.6250 10.0000 0.9242
85 1.3726 0.6000 33.0000 0.1585
85 1.2190 0.5588 35.5000 0.4453
84 1.4085 0.5833 32.5000 0.3750
84 1.2624 0.5238 39.0000 0.3037
83 1.2319 0.5542 32.5000 0.4633
83 1.2586 0.4940 37.0000 0.4141
83 1.2532 0.5482 34.0000 0.6017
20 1.2461 0.4000 9.5000 0.4836
18 1.1941 0.2941 8.0000 0.9320
28 1.3189 0.4615 14.0000 1.0000
29 1.3138 0.4615 14.0000 1.0000
28 1.3317 0.4800 14.0000 1.0000
27 1.2924 0.6000 12.0000 0.9339
28 1.3193 0.3846 15.0000 0.9670
28 1.3310 0.4808 14.0000 1.0000
28 1.2822 0.3846 15.0000 1.0000
75 1.2011 0.6757 19.0000 0.5004
73 1.1582 0.7534 17.0000 0.4635
40 1.6354 0.4103 21.0000 0.7444
31 1.4212 0.3500 23.0000 1.0000
60 2.0087 0.3475 31.0000 0.6864
60 1.9404 0.3729 28.0000 0.6730
12 1.1646 0.5000 6.0000 0.7353
45 1.2296 0.3953 23.0000 0.8938
45 1.2189 0.3023 26.0000 0.9217
45 1.1765 0.3721 25.0000 0.9217
60 2.0102 0.2966 32.5000 0.8417
60 1.7734 0.2881 31.0000 0.7131
45 1.1890 0.3721 25.0000 0.8938
45 1.1741 0.3023 25.0000 0.8938
158 1.7093 0.4904 70.5000 0.0929
17 1.9712 0.4706 8.0000 0.4896
87 1.2490 0.4713 41.0000 0.6026
40 1.5783 0.3947 23.0000 0.8319
73 1.1785 0.7055 21.0000 0.3975
18 1.4706 0.3125 9.0000 0.2680
16 1.1174 0.6429 7.0000 0.8897
16 1.1153 0.5714 7.0000 0.8897
73 1.1258 0.7945 13.0000 0.4852
73 1.1397 0.8014 14.0000 0.4852
91 1.2690 0.5604 38.0000 0.6933
73 1.1450 0.7534 18.0000 0.4955
91 1.2794 0.5495 41.0000 0.6078
73 1.1216 0.7808 16.0000 0.5074
91 1.1886 0.5824 35.5000 0.7744
73 1.1841 0.6027 25.5000 0.5311
62 1.1993 0.6452 20.0000 0.3555
73 1.2204 0.6164 28.0000 0.1941
73 1.1987 0.6301 27.0000 0.2054
40 1.4749 0.3590 23.0000 0.8320
99 1.8295 0.5354 41.0000 0.5986
254 1.6418 0.5335 105.5000 0.5008
229 1.6156 0.3886 117.5000 0.4571
42 1.6072 0.2308 28.0000 0.8320
25 1.3289 0.3913 14.0000 0.7247
25 1.2758 0.3695 13.5000 0.7247
25 1.2654 0.3478 14.0000 0.6053
25 1.3405 0.4131 14.0000 0.8295
22 1.2223 0.1818 12.0000 0.9334
83 1.2108 0.5844 34.5000 0.6109
85 1.2367 0.6412 30.5000 0.6070
82 1.2155 0.6524 28.0000 0.6654
83 1.2121 0.6341 27.0000 0.5146
169 1.3557 0.4142 80.5000 0.5513
910 1.6824 0.6159 314.0000 0.2871
146 1.4708 0.4795 66.0000 0.3853
20 1.1299 0.6667 8.0000 0.9324
15 1.1441 0.3846 9.0000 0.8063
59 1.8525 0.3103 28.5000 0.6853
59 1.7448 0.2672 29.0000 0.7272
73 1.1643 0.8082 13.5000 0.4538
73 1.1393 0.8699 9.5000 0.4534
73 1.1246 0.8699 9.5000 0.4635
73 1.1475 0.8493 11.0000 0.4538
73 1.1425 0.8493 11.0000 0.4538
73 1.1316 0.8287 12.0000 0.4440
103 1.7431 0.5243 43.5000 0.6529
40 1.3939 0.5513 17.5000 0.6737
40 1.5312 0.3947 22.0000 0.8319
40 1.4897 0.3684 24.0000 0.7283
40 1.4818 0.3333 24.5000 0.8320
40 1.4969 0.3077 26.0000 0.8320
40 1.4820 0.2821 26.0000 0.8320
40 1.5785 0.3333 25.0000 0.8320
40 1.5445 0.3461 24.0000 0.8320
44 1.1732 0.6905 15.0000 0.6632
44 1.1378 0.6905 15.0000 0.8474
101 1.6767 0.5050 43.0000 0.5699
103 1.6928 0.5534 41.5000 0.6598
41 1.1542 0.5366 19.0000 0.7738
42 1.2874 0.4405 20.0000 0.7001
295 1.4499 0.4712 129.5000 0.7058
176 1.3115 0.4120 84.5000 0.7578
296 1.5058 0.4899 135.0000 0.4722
59 1.6359 0.2931 29.0000 0.7404
29 1.3912 0.5000 13.0000 1.0000
12 1.4524 0.1250 9.0000 0.3234
12 1.4402 0.1667 9.0000 0.3234
12 1.3921 0.1667 8.0000 0.3234
12 1.4142 0.1667 9.0000 0.3234
12 1.2122 0.5000 6.0000 0.3234
12 1.2427 0.3333 7.0000 0.3234
12 1.1672 0.5000 6.0000 0.4893
12 1.3478 0.3333 7.0000 0.3234
12 1.2344 0.3333 7.0000 0.3234
45 1.2301 0.4167 19.0000 0.9476
87 1.3294 0.4425 42.0000 0.5605
87 1.2895 0.4535 43.5000 0.5955
95 1.1951 0.5532 43.0000 0.8620
238 1.6786 0.4937 103.5000 0.6380
95 1.7123 0.4105 45.0000 0.4103
95 1.6941 0.4052 46.5000 0.3771
13 1.5552 0.5000 7.0000 0.3234
13 1.5046 0.3333 7.0000 0.6969
64 1.2178 0.4688 25.0000 0.8485
64 1.2030 0.5000 27.0000 0.5814
64 1.2921 0.5312 27.0000 0.6119
28 1.4087 0.2857 16.0000 0.5613
28 1.3817 0.2500 18.0000 0.5197
29 1.4677 0.2759 19.0000 0.5617
29 1.7747 0.3448 16.0000 0.1948
41 1.6254 0.2683 27.0000 0.9123
87 1.2127 0.5575 37.5000 0.6453
621 1.9390 0.5829 220.5000 0.2233
621 1.9287 0.5789 219.5000 0.2419
19 1.2649 0.2222 10.0000 0.8507
40 1.4660 0.2895 24.0000 0.7283
40 1.5480 0.2564 25.0000 0.8320
40 1.6295 0.3026 24.0000 0.8319
157 1.5746 0.6624 48.0000 0.2840
157 1.5869 0.6593 47.5000 0.3920
163 1.2180 0.4720 80.0000 0.6374
97 1.2370 0.7113 27.0000 0.8846
23 1.1769 0.5652 8.0000 0.2913
386 1.4469 0.4767 175.5000 0.4763
18 1.2812 0.3333 10.0000 0.9324
19 1.2115 0.6316 7.0000 0.8768
14 1.2147 0.3077 10.0000 0.6985
25 1.4018 0.4200 13.0000 0.8301
25 1.4015 0.4200 13.0000 0.8301
25 1.3517 0.4000 14.5000 0.8424
25 1.2480 0.3200 15.0000 0.8424
25 1.3026 0.2800 15.5000 0.4286
25 1.2914 0.4400 14.0000 0.7867
34 1.3036 0.4559 17.5000 0.9121
923 1.5459 0.4978 415.0000 0.4180
923 1.5933 0.4697 418.5000 0.3733
29 1.3561 0.3448 19.0000 0.7680
26 1.3520 0.5833 12.0000 0.6695
26 1.3322 0.5833 12.0000 0.7663
26 1.3323 0.5833 12.0000 0.7663
217 1.5307 0.5069 97.0000 0.4549
458 1.2472 0.8264 76.0000 0.4091
54 1.4046 0.3519 29.0000 0.8721
43 1.3013 0.3488 23.0000 0.8033
25 1.3396 0.4400 12.0000 0.5717
62 1.2414 0.5968 22.0000 0.5287
20 1.1767 0.4500 11.0000 1.0000
20 1.2605 0.3500 12.0000 1.0000
20 1.1482 0.5500 9.0000 1.0000
20 1.1417 0.4000 11.0000 1.0000
19 1.2522 0.2369 14.0000 0.9327
43 1.2500 0.3837 24.0000 0.9248
98 1.2734 0.5918 37.0000 0.4890
55 1.3315 0.4000 25.5000 0.6333
55 1.5550 0.4717 23.0000 0.5140
63 1.2344 0.3279 32.0000 0.9461
944 1.4501 0.5445 400.0000 0.3376
944 1.4095 0.5663 374.0000 0.3753
402 1.2812 0.8284 66.0000 0.4379
109 1.3676 0.4266 52.5000 0.7443
130 1.4227 0.4193 67.0000 0.7467
20 1.2506 0.1579 14.0000 0.5708
98 1.4756 0.4531 46.5000 0.8355
146 1.2026 0.7603 35.0000 0.5182
453 1.1340 0.8775 55.0000 0.4363
146 1.1486 0.8014 29.0000 0.6794
453 1.1442 0.8753 56.0000 0.4036
54 1.3007 0.3519 28.0000 0.9065
85 1.2001 0.6000 31.0000 0.5895
87 1.2610 0.5114 38.0000 0.5918
472 1.1065 0.9788 9.5000 0.0872
927 1.4383 0.6273 327.0000 0.4483
924 1.4228 0.6260 328.5000 0.3723
924 1.4151 0.6196 335.0000 0.4283
924 1.4190 0.6272 327.0000 0.4632
924 1.4205 0.6234 327.0000 0.4465
924 1.4401 0.6185 330.5000 0.4270
924 1.4150 0.6201 331.0000 0.4219
64 1.2178 0.4688 25.0000 0.8485
79 1.6697 0.4620 35.5000 0.5282
928 1.3909 0.6023 346.0000 0.3108
928 1.4082 0.6147 337.0000 0.3249
928 1.4131 0.6104 342.0000 0.3818
928 1.4811 0.5964 348.0000 0.3156
453 1.1090 0.9625 17.0000 0.4641
453 1.1038 0.9680 14.5000 0.3648
453 1.1128 0.9658 15.0000 0.4779
453 1.1059 0.9691 14.0000 0.3989
453 1.1414 0.9481 23.5000 0.3600
453 1.1167 0.9625 17.0000 0.4189
453 1.1614 0.9492 23.0000 0.4386
453 1.1209 0.9492 23.0000 0.4309
24 1.1798 0.4545 13.0000 0.7680
22 1.2197 0.3637 10.0000 0.9466
465 1.1774 0.8613 64.0000 0.3787
52 1.3586 0.2788 28.0000 0.9786
210 1.6093 0.4952 92.5000 0.4441
120 1.3291 0.1583 97.5000 0.9571
62 1.2820 0.0968 52.5000 0.4643
48 1.2126 0.5208 20.0000 0.7973
48 1.2041 0.5208 20.5000 0.7612
49 1.2375 0.5408 21.5000 0.7744
48 1.2196 0.5000 22.0000 0.7852
48 1.2755 0.4375 23.5000 0.8467
48 1.1780 0.5208 20.5000 0.8209
48 1.2669 0.4583 22.0000 0.8338
48 1.1867 0.5208 21.5000 0.7852
48 1.1936 0.4479 25.0000 0.8806
48 1.2317 0.5521 19.5000 0.7612
36 1.6965 0.3143 21.5000 0.4052
98 1.3462 0.4796 44.0000 0.4763
50 1.2531 0.5400 21.0000 0.8469
44 1.2088 0.3571 22.0000 0.9608
944 1.4253 0.6346 320.0000 0.3886
84 1.1814 0.6190 30.0000 0.5630
65 1.2626 0.5231 30.0000 0.9408
242 1.6599 0.3223 129.0000 0.4101
242 1.6803 0.3079 133.0000 0.3740
73 1.1474 0.7945 15.0000 0.5010
87 1.2454 0.5402 37.5000 0.5673
87 1.2045 0.5402 37.0000 0.4981
87 1.2098 0.5057 40.0000 0.6714
86 1.2839 0.4884 40.0000 0.5863
84 1.2611 0.5119 37.5000 0.6271
51 1.2294 0.4800 22.5000 0.5757
51 1.2305 0.4694 22.0000 0.5376
51 1.2855 0.5800 22.0000 0.6659
51 1.3365 0.5588 22.5000 0.6203
51 1.3685 0.5098 23.0000 0.7885
51 1.3956 0.4314 29.0000 0.5794
51 1.3058 0.5294 23.0000 0.5603
51 1.3038 0.5100 23.0000 0.6011
51 1.2711 0.5000 22.0000 0.7483
51 1.2642 0.5686 21.0000 0.7855
51 1.3541 0.4706 26.0000 0.5717
51 1.2128 0.5882 19.0000 0.8118
51 1.2206 0.5490 22.5000 0.8001
51 1.3026 0.4902 23.0000 0.7376
924 1.4234 0.6244 329.0000 0.4326
86 1.2652 0.4302 42.0000 0.6611
86 1.3947 0.4884 40.0000 0.4878
13 1.8740 0.2308 10.0000 0.6945
14 1.1840 0.2143 11.0000 0.9079
14 1.2494 0.2143 11.0000 0.9079
14 1.1930 0.2143 11.0000 0.9079
14 1.1870 0.2143 11.0000 0.9079
15 1.2173 0.1333 12.0000 0.9215
15 1.2511 0.1333 12.0000 0.9215
15 1.2289 0.1333 12.0000 0.9215
15 1.1498 0.2000 11.0000 0.8239
34 1.2818 0.5000 15.0000 0.5919
35 1.2609 0.5143 16.0000 0.7429
46 1.3851 0.3913 24.5000 0.6230
35 1.2410 0.5143 14.0000 0.7429
32 1.2498 0.6719 9.5000 0.8927
31 1.2098 0.6774 10.0000 0.7575
32 1.1978 0.7500 8.0000 0.7578
32 1.2506 0.6875 10.0000 0.7578
73 1.2080 0.5890 30.0000 0.3599
73 1.1492 0.6712 24.0000 0.4958
73 1.1994 0.6575 22.5000 0.2575
73 1.2187 0.7397 19.0000 0.3958
73 1.1993 0.6575 22.5000 0.2575
73 1.1528 0.7808 14.0000 0.4440
73 1.2419 0.6164 25.0000 0.1503
75 1.3413 0.4533 39.0000 0.6763
42 1.3346 0.4524 21.5000 0.9687
42 1.1818 0.3333 26.0000 0.9363
42 1.3260 0.5238 19.0000 0.9677
42 1.2025 0.3095 24.0000 0.9363
909 1.5312 0.6112 335.5000 0.3366
941 1.4466 0.6020 352.5000 0.3725
947 1.4752 0.6251 339.0000 0.3539
946 1.3657 0.6522 311.5000 0.3819
946 1.3083 0.6628 298.5000 0.3516
946 1.3079 0.6770 291.5000 0.3700
946 1.3205 0.6691 293.5000 0.3629
70 1.2224 0.6500 21.5000 0.3586
621 1.9249 0.4765 268.5000 0.2395
37 1.3684 0.4054 20.0000 0.4686
949 1.3401 0.6723 297.0000 0.3382
949 1.3537 0.6739 297.0000 0.3667
949 1.3584 0.6723 290.5000 0.3628
447 1.2224 0.8132 81.5000 0.2781
35 1.3288 0.2500 21.0000 0.5390
85 1.2151 0.7000 24.5000 0.5709
90 1.2927 0.4723 41.0000 0.8499
90 1.2213 0.4778 42.0000 0.8956
90 1.3150 0.3945 44.5000 0.5984
90 1.3942 0.3889 44.0000 0.5231
90 1.2287 0.5055 38.0000 0.8956
86 1.1778 0.7035 24.5000 0.7487
42 1.2295 0.2000 28.0000 0.9447
57 1.4161 0.3509 31.5000 0.5225
58 1.4645 0.4483 28.5000 0.5678
58 1.5085 0.4483 29.0000 0.5304
58 1.5400 0.3621 32.0000 0.5897
130 1.5207 0.5078 56.5000 0.7943
63 1.2285 0.2742 36.0000 0.9281
63 1.2283 0.2742 36.0000 0.9281
62 1.2902 0.4098 31.5000 0.9407
58 1.5021 0.3707 31.0000 0.5601
58 1.4434 0.3966 30.0000 0.5348
17 1.3094 0.5625 6.0000 0.9092
17 1.3240 0.3750 8.0000 0.9092
66 1.2884 0.5152 29.5000 0.8880
61 1.2245 0.4167 34.0000 0.9036
63 1.3444 0.4286 31.0000 0.7980
66 1.2788 0.4242 35.0000 0.8898
66 1.2589 0.4848 32.0000 0.8482
174 1.4647 0.3707 93.0000 0.4427
118 1.3608 0.3729 62.0000 0.5830
118 1.4528 0.3644 66.5000 0.6653
55 1.2898 0.2924 30.0000 0.8765
55 1.2990 0.3273 30.0000 0.7586
90 1.1760 0.5444 35.5000 0.7201
55 1.3014 0.3455 31.0000 0.8480
55 1.3217 0.2909 31.0000 0.8832
55 1.3222 0.3182 31.0000 0.9150
73 1.1474 0.7945 15.0000 0.5010
949 1.3520 0.6760 293.0000 0.3520
37 1.2258 0.5000 18.0000 0.6110
38 1.2615 0.3243 22.0000 0.6112
239 1.5890 0.4477 111.5000 0.3720
498 1.1297 0.9468 26.5000 0.4148
64 1.2270 0.5312 27.0000 0.5601
457 1.1065 0.9716 13.0000 0.4438
481 1.1016 0.9709 14.0000 0.5639
457 1.1071 0.9716 13.0000 0.4450
457 1.1008 0.9683 14.5000 0.4523
737 1.4030 0.5210 323.0000 0.4814
802 1.4440 0.5287 345.0000 0.4658
853 1.3115 0.5522 352.5000 0.4658
844 1.3039 0.5640 334.0000 0.4124
886 1.5005 0.5778 346.5000 0.3707
881 1.4749 0.5534 357.0000 0.4831
469 1.1696 0.8166 80.0000 0.2329
63 1.2300 0.3115 35.0000 0.9637
47 1.3496 0.2340 36.0000 0.8750
62 1.2058 0.2833 33.0000 0.9637
881 1.2431 0.7247 224.5000 0.5843
66 1.2555 0.3281 35.5000 0.8376
104 1.1775 0.0588 96.0000 0.9899
120 1.2357 0.0508 110.0000 0.9913
80 1.2098 0.0833 71.0000 0.9866
104 1.1763 0.1029 92.0000 0.9899
120 1.2222 0.0805 108.5000 0.9913
80 1.1938 0.0769 70.0000 0.9866
69 1.4594 0.2899 43.0000 0.5879
69 1.4965 0.2971 42.5000 0.6058
69 1.4697 0.3188 43.0000 0.5819
69 1.4789 0.3043 43.0000 0.6339
69 1.4933 0.2899 43.0000 0.6141
69 1.4428 0.2899 43.0000 0.6170
69 1.5404 0.2899 44.0000 0.5676
69 1.5208 0.2754 45.0000 0.5327
69 1.4635 0.2899 43.0000 0.6637
69 1.5109 0.3043 43.0000 0.6012
68 1.4563 0.3529 40.5000 0.5260
72 1.4865 0.3541 43.0000 0.7036
72 1.4737 0.3472 43.0000 0.7120
72 1.4990 0.3333 44.0000 0.6581
72 1.4605 0.3194 46.0000 0.6953
87 1.2284 0.6353 31.0000 0.8426
61 1.2580 0.3833 35.0000 0.9036
52 1.2314 0.3077 29.5000 1.0000
52 1.2155 0.2308 31.5000 1.0000
52 1.2155 0.2308 31.5000 1.0000
52 1.2155 0.2308 31.5000 1.0000
52 1.2155 0.2308 31.5000 1.0000
52 1.2685 0.2308 30.0000 0.8821
52 1.2435 0.2692 25.0000 0.9353
90 1.2477 0.5111 37.5000 0.8416
95 1.2979 0.5315 42.5000 0.6370
79 1.1505 0.5886 31.0000 0.6149
