63 1.2046 0.6032 24.0000 0.3672
63 1.2033 0.6667 21.0000 0.4338
33 1.2781 0.7031 10.0000 0.6284
62 1.1749 0.6774 18.0000 0.3736
62 1.2165 0.6855 16.0000 0.5614
62 1.1865 0.7097 16.5000 0.5279
62 1.1865 0.7097 16.5000 0.5279
62 1.1865 0.7097 16.5000 0.5279
62 1.1864 0.7097 16.5000 0.5279
62 1.1860 0.7097 16.5000 0.5279
34 2.2181 0.4412 17.0000 0.2842
34 2.0042 0.4412 17.5000 0.2842
34 2.2712 0.4559 16.5000 0.2842
42 1.1394 0.7143 11.0000 0.6413
62 1.2248 0.7016 16.0000 0.4006
62 1.2447 0.6371 18.5000 0.4566
62 1.2248 0.7016 16.0000 0.4006
62 1.2447 0.6371 18.5000 0.4566
62 1.2248 0.7016 16.0000 0.4006
62 1.2447 0.6371 18.5000 0.4566
42 1.1780 0.5595 17.0000 0.7497
41 1.5598 0.4359 22.0000 0.2636
42 1.1431 0.5476 16.5000 0.7014
46 1.1443 0.3409 26.0000 0.9205
33 1.2372 0.5938 13.0000 0.8178
46 1.1900 0.3636 24.0000 0.9205
42 1.3049 0.5000 20.5000 0.8249
20 1.1741 0.2222 12.0000 0.9324
62 1.2227 0.6803 18.0000 0.3274
62 1.2230 0.6639 18.0000 0.3274
19 1.4450 0.4706 7.0000 0.9225
62 1.1781 0.6855 16.5000 0.3626
62 1.1781 0.6855 16.5000 0.3626
62 1.1585 0.7097 16.5000 0.4953
62 1.1942 0.7258 16.0000 0.3535
62 1.2167 0.7016 16.5000 0.6811
62 1.1846 0.7258 15.0000 0.3642
46 1.2041 0.3636 24.0000 0.9205
88 1.3489 0.4773 41.0000 0.6419
88 1.3430 0.4829 40.5000 0.6772
46 1.1983 0.4239 24.0000 0.5406
14 1.1960 0.2500 10.0000 0.8106
46 1.2102 0.3636 25.0000 0.8930
46 1.2700 0.2955 24.5000 0.9477
46 1.2122 0.3636 23.0000 0.9205
46 1.1838 0.3636 25.0000 0.9205
46 1.1858 0.3296 23.0000 0.9205
46 1.2432 0.3182 25.0000 0.9205
64 1.2750 0.4844 23.0000 0.4832
45 1.1956 0.5232 21.0000 0.7810
46 1.2167 0.2727 24.0000 0.9249
42 1.1917 0.4762 20.0000 0.7662
42 1.2013 0.5714 18.0000 0.7252
32 1.2277 0.6406 11.5000 0.7847
44 1.1554 0.6905 14.0000 0.6091
42 1.0983 0.4762 19.0000 0.7615
42 1.1502 0.7381 11.0000 0.6401
42 1.1731 0.6429 13.0000 0.7164
42 1.1973 0.5238 16.0000 0.7380
42 1.1719 0.6190 16.0000 0.8460
42 1.2363 0.6310 15.5000 0.6905
42 1.2140 0.6250 16.0000 0.8169
44 1.1734 0.7159 12.5000 0.8219
42 1.1470 0.6905 13.0000 0.7224
33 1.2690 0.3871 19.0000 0.7326
33 1.1900 0.5484 14.0000 0.3676
33 1.2436 0.5161 17.0000 0.3504
42 1.3449 0.5476 17.0000 0.5680
42 1.2105 0.5952 16.0000 0.7014
19 1.3721 0.2353 12.0000 0.8597
84 1.2616 0.5714 35.0000 0.5184
41 1.6139 0.3718 21.5000 0.1466
16 1.2528 0.3333 10.0000 0.6916
60 1.2707 0.6053 21.0000 0.7339
41 1.5038 0.4359 22.0000 0.1625
60 1.2599 0.6034 23.5000 0.7472
41 1.4612 0.5526 20.0000 0.2634
86 1.2008 0.6337 31.0000 0.8216
92 1.2936 0.4565 46.0000 0.9125
92 1.2044 0.4403 46.0000 0.9394
88 1.2386 0.4318 46.0000 0.9257
92 1.2810 0.3913 47.5000 0.8986
88 1.2396 0.4205 49.5000 0.9161
88 1.2443 0.4318 45.0000 0.9485
81 1.2330 0.3086 48.0000 0.8390
16 1.1038 0.5000 8.0000 0.9079
16 1.2655 0.6250 6.0000 0.9220
91 1.1875 0.6000 35.0000 0.7671
92 1.2068 0.5652 39.0000 0.8606
91 1.2483 0.5165 42.0000 0.8339
91 1.2129 0.5385 39.5000 0.7922
65 1.1700 0.5469 28.0000 0.8213
16 1.2127 0.5000 8.0000 0.9220
16 1.1817 0.4375 9.0000 0.9220
82 1.2833 0.5366 35.0000 0.3487
923 1.3925 0.6522 303.0000 0.4067
73 1.1079 0.9041 7.0000 0.4737
11 1.4176 0.0909 10.0000 0.2756
73 1.2498 0.6438 25.0000 0.4438
73 1.2494 0.6301 25.0000 0.4619
184 1.4664 0.3859 93.0000 0.4111
22 1.1777 0.3182 13.0000 0.9466
22 1.3002 0.3182 14.0000 0.5197
22 1.2395 0.3181 12.0000 0.9466
28 1.2313 0.1538 17.0000 0.9560
70 1.2880 0.5228 28.0000 0.8054
74 1.3394 0.3857 36.0000 0.8690
72 1.2946 0.4779 34.5000 0.8662
70 1.2692 0.4412 34.5000 0.9061
70 1.2789 0.5228 32.0000 0.8881
72 1.2720 0.4265 35.5000 0.8871
70 1.2666 0.5303 27.5000 0.8131
74 1.3263 0.4000 36.5000 0.9144
70 1.2891 0.4848 29.5000 0.8295
74 1.3270 0.3785 36.0000 0.9397
86 1.2268 0.5233 38.0000 0.7664
87 1.3018 0.4943 40.0000 0.7723
86 1.2081 0.5523 36.0000 0.8052
86 1.3150 0.4767 40.0000 0.7253
86 1.3210 0.5291 38.0000 0.8018
82 1.2805 0.5183 35.0000 0.6760
86 1.2218 0.5233 38.0000 0.7600
87 1.2929 0.4943 39.5000 0.7587
86 1.2191 0.5581 36.0000 0.7251
86 1.2751 0.4767 39.0000 0.7121
86 1.2233 0.5116 37.0000 0.7522
86 1.2654 0.4535 40.5000 0.7680
86 1.2107 0.5581 37.5000 0.7600
87 1.2966 0.4713 40.5000 0.7439
86 1.2349 0.5349 39.0000 0.7852
85 1.2563 0.5059 40.0000 0.7687
86 1.2328 0.5291 39.0000 0.7530
87 1.3144 0.4828 40.5000 0.7756
86 1.2290 0.6463 32.5000 0.7765
86 1.2220 0.6341 33.0000 0.7765
86 1.2058 0.5639 35.5000 0.7587
86 1.1743 0.6628 28.5000 0.8558
42 1.1762 0.6667 14.0000 0.7873
42 1.1115 0.6829 13.0000 0.4767
43 1.2502 0.6429 14.0000 0.4744
20 1.3487 0.1500 15.0000 0.8921
20 1.3702 0.1750 13.0000 0.8921
20 1.3203 0.1000 15.0000 0.8921
20 1.2976 0.1500 15.0000 0.8921
20 1.3708 0.2000 12.0000 0.8921
20 1.3239 0.1500 13.0000 0.8921
98 1.2691 0.4592 49.5000 0.8788
42 1.1734 0.3690 21.0000 0.9417
84 1.1729 0.8035 16.5000 0.7068
46 1.1821 0.3409 26.0000 0.9205
65 1.4908 0.4426 28.0000 0.0973
82 1.1795 0.7317 22.0000 0.6450
82 1.2084 0.7073 23.0000 0.5550
42 1.1410 0.6071 16.5000 0.7873
11 1.3887 0.2000 8.0000 0.6857
44 1.1868 0.6591 13.0000 0.6802
16 1.3007 0.4667 8.0000 1.0000
16 1.1631 0.4000 8.0000 0.8128
16 1.2034 0.4000 8.0000 1.0000
16 1.2803 0.4667 8.0000 0.7039
16 1.1529 0.4667 7.0000 1.0000
16 1.2630 0.4667 7.5000 1.0000
16 1.2215 0.5000 6.5000 0.7861
16 1.1754 0.4000 8.0000 0.8621
42 1.1240 0.6429 15.0000 0.7601
67 1.2715 0.4462 33.0000 0.7687
39 1.2247 0.5695 17.0000 0.9053
63 1.1751 0.6825 20.0000 0.9286
63 1.1905 0.6825 19.0000 0.5751
20 1.2754 0.5556 9.0000 0.9324
20 1.1385 0.5000 9.0000 0.9324
20 1.2068 0.5556 9.0000 0.9324
20 1.3015 0.3333 11.0000 0.9324
21 1.1464 0.3500 11.0000 0.4792
20 1.1986 0.3000 14.0000 0.3524
42 1.1428 0.5952 13.0000 0.7380
41 1.1848 0.5610 16.5000 0.2744
47 1.3999 0.5106 22.0000 0.8562
47 1.3838 0.4788 22.0000 0.9254
46 1.3498 0.5217 21.0000 0.8562
48 1.3933 0.4583 24.0000 0.8563
40 1.2182 0.4872 13.0000 0.8951
46 1.4263 0.3587 24.5000 0.7991
46 1.3003 0.4783 22.0000 0.6651
46 1.2847 0.4348 22.0000 0.6010
46 1.4009 0.4130 24.0000 0.7147
47 1.4362 0.4894 23.0000 0.6652
47 1.3952 0.4361 24.0000 0.5631
47 1.3292 0.4255 25.0000 0.7991
15 1.2789 0.4615 7.0000 0.8063
55 1.2710 0.3519 32.0000 0.2853
84 1.2134 0.3690 42.0000 0.4524
83 1.3532 0.3494 43.5000 0.3443
62 1.1767 0.6290 18.5000 0.3626
62 1.1862 0.7097 16.5000 0.5279
60 1.2900 0.3644 32.0000 1.0000
59 1.3689 0.4211 31.0000 0.8160
61 1.2738 0.2583 37.0000 0.7899
61 1.2635 0.2667 38.0000 0.7899
62 1.2248 0.7016 16.0000 0.4006
62 1.2447 0.6371 18.5000 0.4566
87 1.3565 0.5000 39.0000 0.3744
87 1.2710 0.4713 40.0000 0.4738
87 1.3129 0.4886 38.5000 0.5692
87 1.2550 0.4713 39.0000 0.4689
87 1.3034 0.5402 36.5000 0.3843
87 1.2648 0.5459 37.0000 0.5517
84 1.3083 0.4940 38.5000 0.3382
84 1.3189 0.5595 35.5000 0.4750
84 1.2990 0.5060 35.5000 0.4722
84 1.3187 0.5238 37.5000 0.4452
84 1.3072 0.4940 37.0000 0.5389
84 1.2974 0.4881 39.5000 0.2511
84 1.3065 0.4465 39.0000 0.5446
84 1.2765 0.5119 38.5000 0.2669
84 1.3262 0.4881 37.0000 0.4399
84 1.3303 0.5952 33.5000 0.4846
84 1.2866 0.5000 35.0000 0.4365
84 1.3382 0.5179 37.5000 0.3228
30 1.3815 0.4074 15.5000 0.9341
28 1.3277 0.6346 9.5000 0.8792
26 1.3261 0.4791 13.0000 0.9242
85 1.4290 0.5529 35.5000 0.2152
85 1.3657 0.5000 40.5000 0.3660
84 1.4446 0.5238 34.0000 0.4161
84 1.3215 0.4643 42.5000 0.4547
83 1.3479 0.4819 38.5000 0.3986
83 1.2692 0.5422 35.0000 0.6734
83 1.2219 0.5603 32.0000 0.4864
20 1.1592 0.4500 11.0000 0.4836
18 1.1743 0.1765 10.0000 0.9320
28 1.3043 0.5961 10.5000 1.0000
29 1.3744 0.4423 16.5000 1.0000
28 1.3770 0.5200 12.0000 1.0000
27 1.3758 0.5200 13.0000 0.9339
28 1.4217 0.4423 13.0000 1.0000
28 1.3685 0.5385 12.0000 0.9340
28 1.3359 0.4615 14.0000 1.0000
75 1.2147 0.4932 33.0000 0.5384
73 1.1078 0.9041 7.0000 0.4737
40 1.3400 0.3590 21.0000 0.8409
31 1.3616 0.5500 19.0000 0.8638
60 1.2901 0.3390 33.0000 0.6864
60 1.2898 0.2712 35.0000 0.6730
12 1.0898 0.4167 6.0000 0.5563
45 1.2251 0.4419 23.0000 0.8938
45 1.1719 0.1395 26.0000 0.9741
45 1.2332 0.1860 26.0000 0.9741
60 1.3070 0.2966 35.0000 0.5962
60 1.3234 0.3135 35.5000 0.7553
45 1.1870 0.3140 25.0000 0.9476
45 1.2169 0.3604 25.0000 0.8938
158 1.4064 0.4872 68.5000 0.1245
17 2.2004 0.4412 9.5000 0.4896
87 1.2254 0.4943 40.0000 0.7821
40 1.4056 0.2895 23.0000 0.9122
73 1.1481 0.8767 9.0000 0.4104
18 1.1657 0.3125 8.0000 0.8099
16 1.3391 0.4286 9.0000 0.3315
16 1.2947 0.2857 10.0000 1.0000
73 1.1344 0.8699 9.0000 0.4959
73 1.1313 0.8767 9.0000 0.4959
91 1.2745 0.5110 39.5000 0.8346
73 1.0823 0.8904 8.0000 0.5181
91 1.2748 0.5110 40.0000 0.8412
73 1.1050 0.8699 9.5000 0.4959
91 1.1946 0.5165 42.5000 0.7897
73 1.2399 0.7191 20.0000 0.6640
62 1.2077 0.6048 20.5000 0.4597
73 1.2569 0.6164 27.0000 0.4458
73 1.2679 0.6027 26.0000 0.4403
40 1.3464 0.2564 24.0000 0.8409
99 1.2921 0.5909 38.0000 0.3536
254 1.3393 0.5689 94.0000 0.5548
229 1.4263 0.4367 102.0000 0.4237
42 1.3605 0.3077 24.0000 0.8649
25 1.3513 0.3261 13.0000 0.9111
25 1.2893 0.3043 13.0000 0.9111
25 1.3449 0.3478 14.0000 0.8134
25 1.3592 0.3478 13.0000 1.0000
22 1.2772 0.1818 12.0000 0.9334
83 1.1963 0.7711 19.0000 0.4142
85 1.1896 0.7588 20.5000 0.6176
82 1.2130 0.7805 18.0000 0.6151
83 1.1974 0.7622 20.5000 0.5893
169 1.2302 0.4526 81.0000 0.4436
910 1.6008 0.6330 304.5000 0.2126
146 1.3495 0.5274 64.0000 0.3471
20 1.2194 0.4167 12.5000 0.9324
15 1.2476 0.4615 7.0000 0.8063
59 1.2856 0.3448 35.0000 0.8158
59 1.2599 0.3448 35.0000 0.7899
73 1.1295 0.9109 6.5000 0.4737
73 1.1203 0.8630 10.0000 0.4635
73 1.1025 0.9384 4.5000 0.4737
73 1.1051 0.9178 6.0000 0.4737
73 1.1020 0.9109 6.5000 0.4737
73 1.0890 0.9178 6.0000 0.4635
103 1.2549 0.6796 29.5000 0.4283
40 1.4089 0.3846 22.5000 0.7141
40 1.4032 0.3684 22.0000 0.8720
40 1.3785 0.3684 21.0000 0.7986
40 1.3716 0.3077 20.0000 0.9123
40 1.3504 0.3077 20.0000 0.9252
40 1.3482 0.3077 20.0000 0.9123
40 1.3737 0.3333 21.0000 0.8320
40 1.4473 0.2821 20.0000 0.8320
44 1.2044 0.6667 14.0000 0.6632
44 1.1636 0.7738 11.0000 0.6796
101 1.2216 0.7327 25.0000 0.5125
103 1.1936 0.6796 31.5000 0.5676
41 1.1314 0.5122 18.0000 0.6828
42 1.2338 0.5714 15.0000 0.7224
295 1.4406 0.4881 125.5000 0.7066
176 1.2268 0.4261 84.5000 0.5981
296 1.3573 0.5676 112.0000 0.5043
59 1.2897 0.3017 36.0000 0.8158
29 1.3642 0.5385 14.0000 0.9340
12 1.2523 0.3333 7.0000 0.3234
12 1.4148 0.2500 8.0000 0.3234
12 1.2779 0.3333 7.0000 0.3234
12 1.2988 0.4167 7.0000 0.3234
12 1.0932 0.4167 7.0000 0.3234
12 1.2320 0.4167 6.0000 0.3234
12 1.2050 0.4167 7.0000 0.7353
12 1.2673 0.4167 7.0000 0.7353
12 1.1186 0.3333 6.0000 0.3280
45 1.2422 0.2262 25.0000 0.9741
87 1.2755 0.4598 39.0000 0.6093
87 1.2371 0.4302 42.0000 0.4928
95 1.1701 0.5638 41.0000 0.6837
238 1.3859 0.5399 93.0000 0.6888
95 1.3990 0.4789 42.5000 0.3991
95 1.4138 0.4789 41.5000 0.3871
13 1.3600 0.2500 8.5000 0.3234
13 1.4473 0.1667 7.0000 0.6969
64 1.2999 0.4531 27.0000 0.7876
64 1.2741 0.4688 27.0000 0.6465
64 1.2389 0.4219 32.5000 0.6306
28 1.5479 0.4286 13.5000 0.5297
29 1.3506 0.3448 15.0000 0.5617
29 1.3830 0.2414 15.0000 0.1948
41 1.3432 0.3537 24.0000 0.9253
87 1.2732 0.5057 39.5000 0.6106
621 2.1277 0.5064 244.5000 0.1638
621 2.1249 0.5129 242.5000 0.1607
19 1.4790 0.1111 11.0000 0.8507
40 1.2873 0.2632 21.0000 0.7433
40 1.4031 0.2821 23.0000 1.0000
40 1.3271 0.3158 21.0000 1.0000
157 1.3897 0.6369 51.5000 0.3708
157 1.3526 0.6306 52.0000 0.3954
163 1.2371 0.5062 75.5000 0.8087
97 1.2116 0.6238 35.5000 0.8999
23 1.4664 0.4348 10.5000 0.2788
386 1.3396 0.5415 147.5000 0.4189
18 1.0600 0.2222 10.0000 0.9324
19 1.0747 0.3158 9.0000 0.8768
14 1.3889 0.2308 11.0000 0.3279
25 1.4238 0.4400 13.5000 1.0000
25 1.4238 0.4400 13.5000 1.0000
25 1.3216 0.4800 13.0000 0.8145
25 1.3920 0.4200 14.0000 0.8769
25 1.4098 0.5000 12.5000 0.3996
25 1.2468 0.5000 12.5000 0.7867
34 1.3635 0.3235 21.0000 0.9121
923 1.5332 0.5461 383.0000 0.4443
923 1.7115 0.4740 426.0000 0.4430
29 1.3853 0.4483 14.0000 1.0000
26 1.2489 0.3333 16.0000 0.9113
26 1.2208 0.3750 16.5000 1.0000
26 1.2208 0.3750 16.5000 1.0000
217 1.3401 0.4862 99.5000 0.3987
458 1.2862 0.8384 71.0000 0.3981
54 1.3151 0.3519 29.0000 0.7388
43 1.2552 0.3953 23.0000 0.6907
25 1.3398 0.3200 13.0000 0.5717
62 1.1648 0.6855 18.0000 0.5598
20 1.3188 0.4500 10.0000 1.0000
20 1.2695 0.4250 11.0000 1.0000
20 1.2862 0.4500 11.0000 1.0000
20 1.2814 0.5500 9.0000 1.0000
19 1.2890 0.2632 13.0000 1.0000
43 1.2864 0.4186 22.0000 0.8433
98 1.2180 0.5714 40.0000 0.4808
55 1.6342 0.2800 32.0000 0.6013
55 1.4980 0.3019 33.0000 0.5460
63 1.1854 0.2787 35.5000 0.9467
944 1.4103 0.5763 367.0000 0.4259
944 1.4306 0.5943 350.0000 0.4002
402 1.1601 0.8619 54.5000 0.4612
109 1.2492 0.4266 52.5000 0.6758
130 1.3058 0.3962 66.5000 0.7012
20 1.1430 0.1579 13.0000 0.2741
98 1.3344 0.4583 44.0000 0.8072
146 1.1667 0.7877 31.0000 0.7440
453 1.1285 0.8885 49.5000 0.4729
146 1.1286 0.7945 30.0000 0.7704
453 1.1338 0.8808 53.0000 0.4798
54 1.1696 0.2963 26.0000 0.9065
85 1.2309 0.6235 29.0000 0.5636
87 1.2270 0.5344 36.5000 0.5183
472 1.1829 0.9428 27.0000 0.1340
927 1.4072 0.6483 310.0000 0.4112
924 1.3745 0.6494 302.0000 0.4385
924 1.4135 0.6444 308.5000 0.4513
924 1.3985 0.6434 304.5000 0.4444
924 1.3946 0.6461 306.5000 0.4486
924 1.4214 0.6342 318.0000 0.3820
924 1.3885 0.6494 304.5000 0.4460
64 1.3000 0.4531 27.0000 0.7876
79 1.2697 0.5949 29.0000 0.3860
928 1.3983 0.6439 315.0000 0.4134
928 1.3954 0.6390 316.0000 0.4309
928 1.3803 0.6546 303.5000 0.3731
928 1.4155 0.6325 322.5000 0.3067
453 1.1126 0.9272 31.0000 0.4798
453 1.0970 0.9415 25.5000 0.4085
453 1.1106 0.9272 31.0000 0.4250
453 1.0949 0.9481 22.0000 0.5270
453 1.1106 0.9327 29.5000 0.4311
453 1.1118 0.9371 28.5000 0.5523
453 1.1329 0.9205 36.0000 0.5278
453 1.1399 0.9062 41.0000 0.4871
24 1.1764 0.3636 13.0000 0.8906
22 1.1952 0.3182 11.0000 0.9466
465 1.1463 0.9140 39.0000 0.4620
52 1.1962 0.1634 37.0000 1.0000
210 1.3719 0.4690 88.5000 0.5147
120 1.1743 0.3417 66.5000 0.9745
62 1.2105 0.2581 38.0000 0.5223
48 1.2732 0.6458 16.5000 0.5005
48 1.3106 0.5833 17.5000 0.8115
49 1.3255 0.5306 20.5000 0.8099
48 1.2889 0.5625 20.0000 0.6621
48 1.3097 0.4583 22.0000 0.8338
48 1.2450 0.5729 19.0000 0.7163
48 1.3515 0.4375 22.0000 0.8750
48 1.2733 0.5000 22.0000 0.5391
48 1.2695 0.5208 22.5000 0.7604
48 1.3203 0.6458 15.5000 0.8406
36 1.4719 0.3429 22.0000 0.4052
98 1.2071 0.6020 36.5000 0.4315
50 1.2071 0.5000 21.0000 0.8670
44 1.1857 0.2381 24.0000 0.9741
944 1.4131 0.6426 315.0000 0.4058
84 1.2031 0.5238 36.0000 0.6316
65 1.1831 0.5846 25.0000 0.9038
242 1.4355 0.3099 136.0000 0.5167
242 1.4097 0.2996 136.5000 0.5132
73 1.1214 0.8630 10.0000 0.5064
87 1.2307 0.5287 36.0000 0.5436
87 1.2289 0.5402 35.5000 0.5916
87 1.2151 0.5747 34.0000 0.6045
86 1.3169 0.3953 40.0000 0.5460
84 1.2811 0.5060 38.0000 0.6268
51 1.3355 0.5000 24.0000 0.6312
51 1.3024 0.5204 22.0000 0.7639
51 1.3087 0.4800 25.0000 0.6214
51 1.3228 0.5098 24.5000 0.6840
51 1.2854 0.4706 25.0000 0.7170
51 1.3180 0.4902 25.0000 0.7071
51 1.3327 0.5098 23.0000 0.7638
51 1.3333 0.5100 24.0000 0.7628
51 1.2878 0.4500 26.5000 0.7800
51 1.2808 0.5098 25.0000 0.6840
51 1.2958 0.5098 23.5000 0.7071
51 1.2936 0.5098 24.0000 0.7071
51 1.3083 0.4902 24.0000 0.7470
51 1.3283 0.5098 24.0000 0.7071
924 1.3969 0.6461 308.0000 0.4244
86 1.2856 0.3605 43.0000 0.6233
86 1.3469 0.4186 41.0000 0.4043
13 1.3313 0.2308 9.0000 0.6945
14 1.3181 0.3571 9.0000 0.9079
14 1.3315 0.2857 10.0000 0.9079
14 1.3216 0.4286 8.0000 0.9079
14 1.1719 0.2143 11.0000 0.9079
15 1.3209 0.4000 9.0000 0.9215
15 1.2460 0.4000 9.0000 0.9215
15 1.2769 0.3667 9.5000 0.9215
15 1.3088 0.3333 10.0000 0.8239
34 1.3833 0.3235 20.0000 0.6638
35 1.3779 0.3714 19.0000 0.6639
46 1.3950 0.3696 25.0000 0.4707
35 1.2852 0.3143 20.0000 0.6639
32 1.2660 0.7031 9.0000 0.8927
31 1.2194 0.6774 10.0000 0.8501
32 1.1877 0.6875 10.0000 0.8002
32 1.2671 0.7031 9.0000 0.8253
73 1.2141 0.6027 28.0000 0.3599
73 1.1600 0.7055 21.5000 0.5875
73 1.1164 0.6643 24.0000 0.6799
73 1.1424 0.6986 21.0000 0.4240
73 1.1163 0.6643 24.0000 0.6799
73 1.1219 0.7123 20.0000 0.4440
73 1.1919 0.6438 25.0000 0.5089
75 1.4127 0.3733 41.0000 0.7756
42 1.1490 0.4762 22.0000 0.9020
42 1.2389 0.5476 17.5000 0.8664
42 1.1353 0.4762 22.0000 0.9020
42 1.1327 0.5952 17.0000 0.9020
909 1.4662 0.6265 312.5000 0.3862
941 1.4656 0.6169 324.0000 0.3519
947 1.4329 0.6616 299.0000 0.4101
946 1.4103 0.6898 277.5000 0.4068
946 1.4145 0.6803 286.5000 0.3642
946 1.4102 0.6929 279.5000 0.3955
946 1.4139 0.7008 275.5000 0.3856
70 1.2757 0.5857 26.5000 0.5349
621 2.0671 0.4850 250.0000 0.1942
37 1.3146 0.3784 20.0000 0.1997
949 1.4223 0.6955 269.0000 0.3399
949 1.4302 0.7012 271.0000 0.3436
949 1.4251 0.6960 274.0000 0.3212
447 1.2946 0.8132 81.0000 0.3007
35 1.3704 0.3088 17.0000 0.7251
85 1.1729 0.5882 31.0000 0.7370
90 1.2397 0.4333 42.0000 0.8090
90 1.2820 0.3222 48.0000 0.8794
90 1.2980 0.4278 45.0000 0.8442
90 1.2901 0.4389 45.5000 0.6210
90 1.2478 0.4556 40.0000 0.8941
86 1.1981 0.6395 29.0000 0.8548
42 1.1896 0.4750 21.0000 0.9727
57 1.2873 0.2456 32.5000 0.5252
58 1.3470 0.3362 32.5000 0.6508
58 1.3255 0.3793 32.0000 0.7056
58 1.3049 0.3793 31.0000 0.6282
130 1.3519 0.4883 54.5000 0.7134
63 1.2133 0.3145 36.5000 0.9467
63 1.2070 0.2903 37.5000 0.9467
62 1.2344 0.3279 36.0000 0.9263
58 1.3257 0.3793 31.0000 0.6414
58 1.2578 0.4138 30.0000 0.5824
17 1.3010 0.1875 10.0000 0.9092
17 1.2898 0.2500 10.0000 0.9092
66 1.3001 0.4697 33.5000 0.9091
61 1.2728 0.3167 36.0000 0.8730
63 1.2510 0.3571 33.5000 0.9263
66 1.2597 0.3863 33.0000 0.9091
66 1.2912 0.2500 36.5000 0.8567
174 1.3921 0.3678 96.0000 0.4657
118 1.3677 0.3390 63.0000 0.5747
118 1.3268 0.3220 67.0000 0.5109
55 1.2048 0.2830 29.0000 0.9315
55 1.2755 0.3182 30.0000 0.8900
90 1.1911 0.4834 42.0000 0.5813
55 1.2877 0.3455 30.0000 0.9116
55 1.2543 0.2909 29.0000 0.8832
55 1.2074 0.2909 31.0000 0.8592
73 1.1214 0.8630 10.0000 0.5064
949 1.4215 0.6955 275.5000 0.3743
37 1.2916 0.4167 19.0000 0.4922
38 1.3787 0.3514 20.0000 0.6712
239 1.3766 0.4603 111.5000 0.2941
498 1.1260 0.9177 40.0000 0.5421
64 1.3255 0.4688 28.5000 0.6465
457 1.1155 0.9289 32.0000 0.5752
481 1.1446 0.9210 37.0000 0.5086
457 1.1085 0.9376 28.0000 0.5054
457 1.1069 0.9365 28.0000 0.4805
737 1.5321 0.5576 292.5000 0.4382
802 1.5171 0.5561 321.0000 0.4615
853 1.4526 0.5891 318.5000 0.4690
844 1.4040 0.6155 299.5000 0.3682
886 1.4018 0.6371 300.5000 0.3750
881 1.5368 0.5857 337.0000 0.3953
469 1.1431 0.8497 68.5000 0.3175
63 1.1911 0.3525 33.0000 0.9637
47 1.1892 0.2021 36.0000 0.8870
62 1.1360 0.2000 35.0000 0.9637
881 1.2718 0.7321 213.5000 0.5756
66 1.2926 0.3828 32.0000 0.8919
104 1.1417 0.3039 57.0000 0.9899
120 1.1465 0.3389 64.5000 0.9913
80 1.1629 0.2821 44.0000 0.9866
104 1.1546 0.3627 56.0000 0.9899
120 1.1652 0.4153 64.0000 0.9913
80 1.1587 0.3077 47.0000 0.9866
69 1.2224 0.3768 38.0000 0.4835
69 1.2426 0.3768 38.0000 0.5421
69 1.2138 0.3768 39.0000 0.4886
69 1.2295 0.3768 38.5000 0.5338
69 1.1849 0.3623 39.0000 0.4715
69 1.2070 0.3550 39.0000 0.5150
69 1.1932 0.3696 39.0000 0.5077
69 1.1881 0.3913 38.0000 0.4851
69 1.1993 0.3623 38.5000 0.4659
69 1.1952 0.3623 38.0000 0.4607
68 1.2691 0.4118 37.0000 0.6481
72 1.2590 0.4167 40.0000 0.5421
72 1.2929 0.4167 40.0000 0.5546
72 1.2447 0.4028 40.0000 0.4968
72 1.2600 0.3889 41.0000 0.5679
87 1.1530 0.6177 33.0000 0.5106
61 1.2465 0.2916 35.0000 0.9257
52 1.1881 0.2500 34.0000 1.0000
52 1.1487 0.4039 29.0000 1.0000
52 1.1486 0.4039 29.0000 1.0000
52 1.1486 0.4039 29.0000 1.0000
52 1.1486 0.4039 29.0000 1.0000
52 1.1829 0.2500 36.0000 0.8559
52 1.2455 0.2500 32.0000 0.9353
90 1.2237 0.5889 34.0000 0.8354
95 1.2498 0.5368 41.0000 0.4633
79 1.2281 0.6519 25.0000 0.5272
