63 1.1740 0.7143 18.0000 0.7416
63 1.1946 0.6825 17.0000 0.2635
33 1.1845 0.7344 9.0000 0.7213
62 1.1651 0.7016 18.0000 0.6006
62 1.1585 0.7097 16.5000 0.5293
62 1.1966 0.6452 21.5000 0.4342
62 1.1966 0.6452 21.5000 0.4342
62 1.1968 0.6452 21.5000 0.4342
62 1.1903 0.6452 21.5000 0.4342
62 1.1904 0.6452 21.5000 0.4342
34 1.6526 0.5000 16.0000 0.2842
42 1.2596 0.6190 15.0000 0.8816
62 1.1718 0.7016 17.0000 0.4712
62 1.1704 0.7581 15.0000 0.4310
62 1.1718 0.7016 17.0000 0.4712
62 1.1704 0.7581 15.0000 0.4310
62 1.1718 0.7016 17.0000 0.4712
62 1.1704 0.7581 15.0000 0.4310
42 1.2607 0.6548 14.0000 0.9417
41 1.3010 0.3974 24.5000 0.1066
42 1.2416 0.7381 10.0000 0.8816
46 1.1259 0.4545 24.0000 0.9205
33 1.1634 0.5938 14.0000 0.6940
46 1.1635 0.3864 25.0000 0.9205
42 1.3009 0.5375 18.0000 0.7546
20 1.1510 0.3889 8.0000 0.9324
62 1.1804 0.6393 20.0000 0.5676
62 1.1623 0.6557 20.0000 0.5676
19 1.2329 0.2353 10.0000 0.9225
62 1.1930 0.6774 17.5000 0.5300
62 1.1930 0.6774 17.5000 0.5300
62 1.1629 0.6452 20.0000 0.5636
62 1.1461 0.7016 15.5000 0.3831
62 1.1854 0.6371 19.0000 0.4097
62 1.1530 0.6613 17.0000 0.3736
46 1.2008 0.3068 26.5000 0.9205
88 1.1957 0.6818 26.0000 0.6453
88 1.2020 0.6705 27.5000 0.6164
46 1.2299 0.3913 23.0000 0.6883
14 1.2116 0.3333 7.0000 0.8106
46 1.2373 0.3182 24.5000 0.9249
46 1.1841 0.3636 26.0000 0.9218
46 1.1924 0.2500 29.0000 0.8939
46 1.2157 0.2045 28.0000 0.9205
46 1.1998 0.3182 28.0000 0.9205
46 1.2068 0.4204 25.0000 0.9205
64 1.1621 0.5312 22.0000 0.5670
45 1.1811 0.6279 17.0000 0.4954
46 1.2557 0.3409 22.0000 0.9249
42 1.1387 0.6667 14.0000 0.7516
42 1.1352 0.6667 14.0000 0.7516
32 1.1979 0.8281 5.5000 0.8324
44 1.1520 0.6786 15.5000 0.9696
42 1.2286 0.4762 19.0000 0.9417
42 1.1404 0.8095 8.0000 0.7080
42 1.2111 0.6905 13.0000 0.9417
42 1.2328 0.5714 16.0000 0.9417
42 1.2014 0.6429 15.0000 0.7469
42 1.2663 0.5714 18.0000 0.7252
42 1.2165 0.5500 19.0000 0.7546
44 1.2412 0.6591 15.0000 0.6720
42 1.2513 0.5714 18.0000 0.7224
33 1.2231 0.4839 17.0000 0.4894
33 1.2557 0.4516 15.0000 0.5175
33 1.4461 0.4516 15.0000 0.5175
42 1.4535 0.5357 17.0000 0.5680
42 1.1790 0.7857 9.0000 0.9113
19 1.1472 0.5882 8.0000 0.8597
84 1.2330 0.5774 32.0000 0.5146
41 1.3184 0.4231 23.0000 0.1097
16 1.1320 0.5000 9.0000 0.6916
60 1.2488 0.5088 28.0000 0.7046
60 1.2498 0.5517 25.5000 0.5758
41 1.6521 0.3684 24.0000 0.1246
86 1.1925 0.6453 29.0000 0.7123
92 1.2086 0.4184 42.0000 0.6600
92 1.2514 0.4674 43.5000 0.9546
88 1.2315 0.4318 41.5000 0.6442
92 1.2479 0.5109 41.0000 0.6353
88 1.2195 0.4943 42.0000 0.6538
88 1.2439 0.5512 34.0000 0.6493
81 1.2529 0.4506 42.0000 0.8426
16 1.3293 0.1429 10.0000 0.9079
16 1.1901 0.6250 6.0000 0.9220
91 1.2188 0.6333 33.0000 0.5595
92 1.2756 0.6304 32.0000 0.8022
91 1.2424 0.5659 39.5000 0.6334
91 1.2930 0.5495 40.0000 0.8019
65 1.2369 0.5859 25.5000 0.8557
16 1.2252 0.6250 6.0000 0.9220
16 1.2420 0.5625 7.0000 0.9220
82 1.1890 0.5244 35.0000 0.5878
923 1.4650 0.6756 285.5000 0.3913
73 1.1123 0.9041 7.0000 0.4847
11 1.2180 0.2727 8.0000 0.2756
73 1.2268 0.7397 18.0000 0.5094
73 1.2155 0.6643 19.5000 0.4901
184 1.6200 0.4076 92.5000 0.4206
22 1.2412 0.1364 13.0000 0.8906
22 1.3132 0.2273 14.0000 0.5392
22 1.1865 0.3636 11.5000 0.9466
28 1.2734 0.1923 14.0000 0.9560
70 1.2391 0.3182 38.5000 0.8131
74 1.2134 0.3714 38.5000 0.8236
72 1.1961 0.3235 36.5000 0.8576
70 1.2218 0.3014 39.5000 0.8798
70 1.2008 0.4015 35.0000 0.8712
72 1.2420 0.3456 37.0000 0.8882
70 1.2469 0.3863 36.0000 0.8213
74 1.2025 0.3286 41.0000 0.8770
70 1.2317 0.3712 35.0000 0.8295
74 1.2256 0.4072 38.0000 0.7703
86 1.2317 0.5465 37.5000 0.5980
87 1.2445 0.4770 41.0000 0.7101
86 1.2195 0.5523 37.0000 0.6561
86 1.2563 0.4419 41.0000 0.6259
86 1.2277 0.4651 40.5000 0.6801
82 1.2416 0.4939 38.0000 0.5261
86 1.1965 0.4942 41.5000 0.7783
87 1.2300 0.5230 38.0000 0.6913
86 1.2161 0.4884 40.5000 0.6482
86 1.2227 0.4651 39.0000 0.5372
86 1.2384 0.5116 40.0000 0.6376
86 1.2020 0.5000 37.5000 0.8019
86 1.2556 0.5174 40.5000 0.6561
87 1.1957 0.4943 39.5000 0.6252
86 1.2670 0.5174 36.0000 0.6312
85 1.2284 0.4765 39.0000 0.7554
86 1.2550 0.4767 41.5000 0.6693
87 1.2643 0.5230 37.0000 0.7308
86 1.1913 0.5854 35.5000 0.7392
86 1.1971 0.5854 36.5000 0.7392
86 1.1957 0.6105 29.0000 0.8538
86 1.1744 0.5639 34.5000 0.5684
42 1.1610 0.5714 18.0000 0.7516
42 1.1136 0.7317 11.0000 0.4477
43 1.1582 0.8810 6.0000 0.2116
20 1.3938 0.3500 13.0000 0.8921
20 1.4371 0.3500 13.0000 0.8435
20 1.3706 0.3500 13.0000 0.8921
20 1.3400 0.3250 13.0000 0.8921
20 1.3720 0.3500 13.0000 0.8921
20 1.3820 0.3500 13.0000 0.8435
98 1.1694 0.6224 31.0000 0.5901
42 1.2287 0.6429 15.0000 0.9417
84 1.1172 0.7857 18.0000 0.4785
46 1.1869 0.3750 25.0000 0.9205
82 1.1825 0.7195 22.5000 0.6160
82 1.1858 0.6890 25.0000 0.5476
42 1.2332 0.6667 14.0000 0.8816
11 1.1839 0.5000 6.0000 0.6857
44 1.1671 0.7273 12.0000 0.7257
16 1.6917 0.4000 8.5000 0.9064
16 1.8262 0.5333 8.0000 0.8128
16 1.7512 0.4000 9.0000 0.8128
16 1.3336 0.4000 10.0000 0.4866
16 1.6974 0.5000 7.5000 1.0000
16 1.8064 0.5333 8.0000 1.0000
16 1.6871 0.4000 9.0000 1.0000
16 1.6986 0.5333 7.5000 0.8375
42 1.1892 0.7976 8.5000 0.8243
67 1.2897 0.4154 34.5000 0.9632
39 1.1791 0.5278 20.0000 0.9379
63 1.1299 0.7460 16.0000 0.5404
63 1.1277 0.7143 18.0000 0.2302
20 1.3032 0.2778 13.0000 0.9324
20 1.2427 0.5000 10.5000 0.9324
20 1.1347 0.1945 14.0000 0.9324
20 1.2463 0.1667 12.5000 0.9324
21 1.2570 0.3250 11.0000 0.7942
20 1.2312 0.4000 9.0000 0.7461
42 1.2073 0.6905 13.0000 0.9417
41 1.1769 0.7805 9.0000 0.0527
47 1.4458 0.3830 26.0000 0.7542
47 1.3695 0.3830 25.0000 0.7542
46 1.4162 0.3913 24.0000 0.7541
48 1.4304 0.3854 26.0000 0.7774
40 1.1818 0.5385 16.0000 0.7544
46 1.5709 0.6087 17.0000 0.7289
46 1.6759 0.5652 19.0000 0.8157
46 1.5533 0.5870 18.0000 0.7289
47 1.4029 0.4255 22.0000 0.7058
47 1.4314 0.5532 19.0000 0.7290
47 1.5365 0.5319 20.0000 0.7991
15 1.2276 0.1538 9.0000 0.8063
55 2.1056 0.2222 33.0000 0.2869
84 1.2391 0.6370 30.0000 0.5552
83 1.3460 0.5904 33.0000 0.2530
62 1.1756 0.6613 19.0000 0.5909
62 1.1903 0.6452 21.5000 0.4342
60 2.3114 0.2712 37.0000 0.7593
59 2.0434 0.2456 37.0000 0.3091
61 1.9407 0.3250 33.0000 0.6692
61 1.9609 0.3417 32.0000 0.8655
62 1.1718 0.7016 17.0000 0.4712
62 1.1704 0.7581 15.0000 0.4310
87 1.2139 0.5402 37.0000 0.3383
87 1.2084 0.5057 41.0000 0.5157
87 1.1731 0.5747 36.0000 0.4548
87 1.2124 0.4770 41.0000 0.4405
87 1.1683 0.5690 37.0000 0.4329
87 1.1642 0.5287 38.0000 0.4791
84 1.1862 0.5060 34.0000 0.5411
84 1.1543 0.5655 34.5000 0.4779
84 1.1469 0.5655 30.0000 0.4778
84 1.1168 0.6310 29.0000 0.5854
84 1.1546 0.5238 36.0000 0.5879
84 1.1655 0.5535 34.0000 0.6324
84 1.1517 0.5416 35.0000 0.5640
84 1.1686 0.5714 33.5000 0.6324
84 1.1744 0.5238 36.0000 0.5172
84 1.1554 0.5595 35.0000 0.5503
84 1.2005 0.5238 34.0000 0.5175
84 1.2316 0.5952 33.0000 0.4688
30 1.2911 0.4815 14.0000 0.8794
28 1.3115 0.3846 15.0000 0.8792
26 1.2843 0.2917 16.0000 0.8936
85 1.2279 0.5529 33.0000 0.1634
85 1.1908 0.6471 28.0000 0.5764
84 1.1551 0.5952 31.5000 0.5432
84 1.1612 0.5595 35.0000 0.6576
83 1.2006 0.6145 29.5000 0.5136
83 1.2027 0.5301 35.0000 0.5146
83 1.1517 0.5362 33.0000 0.6073
20 1.2650 0.4500 8.0000 0.6581
18 1.2225 0.2059 10.0000 0.9320
28 1.3106 0.4038 14.0000 0.9340
29 1.1892 0.4231 16.0000 1.0000
28 1.2395 0.4400 14.0000 1.0000
27 1.1737 0.4000 15.5000 0.9339
28 1.2621 0.4038 14.0000 0.9340
28 1.2157 0.3462 14.0000 0.9340
28 1.1634 0.3462 15.0000 0.9340
75 1.1229 0.5337 28.0000 0.6391
73 1.1123 0.9041 7.0000 0.4847
40 1.5702 0.4231 20.0000 0.8320
31 1.8684 0.3000 19.0000 0.8638
60 2.1747 0.2712 36.0000 0.5351
60 2.0902 0.3220 33.0000 0.4624
12 1.1514 0.5833 4.0000 0.3234
45 1.2511 0.2093 28.0000 0.8938
45 1.2161 0.3721 21.0000 0.9217
45 1.2186 0.3837 22.0000 0.9741
60 1.7764 0.2881 32.0000 0.7707
60 1.9167 0.3051 34.0000 0.5957
45 1.2341 0.1860 29.0000 0.9217
45 1.2805 0.1976 28.0000 0.9078
158 1.5916 0.5159 70.0000 0.1035
17 1.8873 0.4118 10.0000 0.4896
87 1.2378 0.5058 38.5000 0.6155
40 1.6054 0.3947 21.0000 0.9122
73 1.1172 0.8630 10.0000 0.3975
18 1.1189 0.1875 10.0000 0.2680
16 1.0612 0.2857 10.0000 0.8897
16 1.0558 0.2857 10.0000 0.8897
73 1.0833 0.8904 6.0000 0.4959
73 1.0775 0.9178 6.0000 0.4959
91 1.2551 0.5769 35.5000 0.5486
73 1.0762 0.9452 4.0000 0.5064
91 1.3031 0.5714 36.0000 0.5940
73 1.0676 0.9589 3.0000 0.4959
91 1.2156 0.5495 37.5000 0.8165
73 1.1698 0.7329 17.5000 0.6925
62 1.1734 0.6452 19.0000 0.3736
73 1.1856 0.6849 19.0000 0.4458
73 1.1925 0.7397 17.0000 0.4783
40 1.5935 0.4615 20.0000 0.7192
99 1.4279 0.6263 32.0000 0.3534
254 1.3658 0.5059 107.5000 0.6513
229 1.4150 0.4104 109.5000 0.4386
42 1.4889 0.4487 20.0000 0.8721
25 1.2983 0.3913 11.0000 0.6689
25 1.3367 0.3913 11.0000 0.6689
25 1.3343 0.3913 10.0000 0.5586
25 1.3484 0.3913 11.0000 0.7658
22 1.2899 0.0682 11.5000 0.8707
83 1.1942 0.7409 20.5000 0.6223
85 1.1987 0.7294 21.0000 0.4344
82 1.2101 0.6951 24.0000 0.4587
83 1.1658 0.7805 19.0000 0.5893
169 1.2851 0.4911 73.0000 0.3317
910 1.5801 0.6231 310.0000 0.2179
146 1.2938 0.4213 72.0000 0.4232
20 1.2148 0.3889 11.0000 0.9324
15 1.1739 0.1538 10.0000 0.8063
59 1.9124 0.2931 36.0000 0.8158
59 1.9727 0.2845 36.5000 0.8655
73 1.0908 0.8904 6.0000 0.4737
73 1.0915 0.9315 5.0000 0.4635
73 1.0849 0.9726 2.0000 0.4847
73 1.0824 0.9315 5.0000 0.4737
73 1.0919 0.9041 5.0000 0.4737
73 1.1030 0.9109 6.0000 0.4635
103 1.5377 0.5825 41.0000 0.4585
40 1.7699 0.5256 17.0000 0.7987
40 1.3704 0.4211 21.0000 0.7695
40 1.3810 0.4211 21.0000 0.6735
40 1.2437 0.4103 24.0000 0.9123
40 1.2250 0.4487 22.0000 0.1470
40 1.2081 0.4359 22.0000 0.1470
40 1.2679 0.4359 22.0000 0.3027
40 1.2335 0.3846 25.0000 0.3027
44 1.2136 0.7262 13.0000 0.8799
44 1.1559 0.7143 13.0000 0.7008
101 1.4297 0.6634 30.5000 0.5933
103 1.4582 0.6019 40.0000 0.5761
41 1.1794 0.7805 9.0000 0.7354
42 1.2090 0.5714 16.0000 0.8800
295 1.3927 0.4424 139.0000 0.7360
176 1.2977 0.4404 80.0000 0.5265
296 1.3798 0.4865 135.5000 0.5784
59 2.2813 0.2759 34.0000 0.8158
29 1.2919 0.3462 16.0000 0.9340
12 1.2004 0.2500 8.0000 0.3234
12 1.1497 0.2500 8.0000 0.3234
12 1.2130 0.2500 8.0000 0.3234
12 1.2055 0.2500 8.0000 0.3234
12 1.1562 0.3750 6.5000 0.3234
12 1.1065 0.2500 8.0000 0.3234
12 1.1228 0.2500 8.0000 0.3234
12 1.1329 0.4167 7.0000 0.3234
12 1.0815 0.2500 8.0000 0.3234
45 1.1663 0.3333 24.5000 0.9741
87 1.1726 0.5517 38.0000 0.5351
87 1.1899 0.4942 39.0000 0.5684
95 1.2479 0.5319 44.0000 0.8629
238 1.4463 0.5168 100.0000 0.6623
95 1.9755 0.4632 43.0000 0.2865
95 1.8960 0.4737 43.0000 0.3678
13 1.5107 0.2916 8.5000 0.8597
13 1.6936 0.5000 6.5000 0.8597
64 1.2150 0.5625 24.5000 0.5814
64 1.1869 0.5469 24.0000 0.5814
64 1.2219 0.5547 24.5000 0.4446
28 1.3484 0.3929 11.0000 0.3481
29 1.5329 0.3793 14.5000 0.3485
29 1.6993 0.3793 15.0000 0.2153
41 1.4262 0.3780 20.5000 0.7698
87 1.1435 0.5517 37.5000 0.6219
621 2.1229 0.5032 250.0000 0.1580
621 2.1070 0.5153 246.0000 0.1727
19 1.1123 0.4444 9.0000 0.8507
40 1.5091 0.3684 19.0000 0.6735
40 1.4696 0.5000 18.0000 0.8320
40 1.5630 0.5000 17.0000 0.9122
157 1.6339 0.6879 43.5000 0.2768
157 1.6191 0.6911 45.0000 0.2799
163 1.2424 0.4783 78.0000 0.7442
97 1.1787 0.6598 30.0000 0.9167
23 1.2993 0.3478 13.0000 0.5729
386 1.4676 0.5233 154.0000 0.4722
18 1.3058 0.1667 12.0000 0.9324
19 1.2618 0.4211 9.0000 0.8768
14 1.1947 0.4231 8.5000 0.5943
25 1.1812 0.3200 12.0000 0.9114
25 1.1812 0.3200 12.0000 0.9114
25 1.3045 0.4000 11.0000 0.8424
25 1.3625 0.4000 10.0000 0.8769
25 1.2862 0.7200 7.0000 0.5105
25 1.3950 0.3400 12.5000 0.6701
34 1.2879 0.2941 22.0000 1.0000
923 1.6799 0.5439 375.0000 0.4756
923 1.7915 0.4892 424.0000 0.3977
29 1.3165 0.3793 12.0000 0.9118
26 1.2353 0.3750 13.0000 0.7965
26 1.2653 0.2917 13.0000 0.7980
26 1.2651 0.2917 13.0000 0.7980
217 1.4213 0.5092 92.0000 0.4068
458 1.2864 0.8341 73.5000 0.4397
54 1.2697 0.3704 28.0000 0.7388
43 1.3546 0.3023 25.0000 0.7237
62 1.2484 0.6129 22.5000 0.4882
20 1.3561 0.3750 11.5000 1.0000
20 1.2333 0.4500 11.0000 1.0000
20 1.3108 0.5000 9.0000 1.0000
20 1.2447 0.3500 12.5000 1.0000
19 1.2637 0.2632 13.5000 1.0000
43 1.3136 0.4070 23.0000 0.9248
98 1.2180 0.6020 37.5000 0.7245
55 1.5034 0.4900 25.5000 0.7060
55 1.5863 0.4811 26.0000 0.6801
63 1.2372 0.4016 32.5000 0.9644
944 1.5637 0.5959 349.5000 0.4105
944 1.5502 0.6018 344.0000 0.4073
402 1.1709 0.8706 51.5000 0.4607
109 1.2992 0.4541 50.5000 0.7499
130 1.5459 0.3538 67.0000 0.7396
20 1.4237 0.2632 12.0000 0.2741
98 1.4000 0.4271 47.0000 0.6831
146 1.1723 0.7260 38.0000 0.6082
453 1.0961 0.8841 50.5000 0.3653
146 1.1932 0.7945 30.0000 0.7673
453 1.1082 0.8830 51.0000 0.4493
54 1.3044 0.2963 28.0000 0.9658
85 1.1985 0.5412 38.0000 0.4565
87 1.1189 0.5919 35.0000 0.5904
472 1.1963 0.8983 48.0000 0.1704
927 1.4847 0.6526 300.0000 0.4547
924 1.4474 0.6623 291.0000 0.4492
924 1.4819 0.6510 299.5000 0.4408
924 1.5055 0.6542 296.5000 0.4065
924 1.4684 0.6575 297.5000 0.4295
924 1.5115 0.6429 309.5000 0.4187
924 1.4297 0.6748 279.5000 0.4798
64 1.2148 0.5625 24.5000 0.5814
79 1.5204 0.5759 29.5000 0.3889
928 1.5579 0.6353 315.0000 0.4477
928 1.5263 0.6589 297.0000 0.4713
928 1.5000 0.6601 300.5000 0.4212
928 1.5472 0.6498 300.5000 0.4224
453 1.0707 0.9779 10.0000 0.5309
453 1.0669 0.9890 5.0000 0.4850
453 1.0640 0.9823 8.0000 0.5442
453 1.0658 0.9868 6.0000 0.5053
453 1.0707 0.9823 8.0000 0.4731
453 1.0756 0.9823 8.0000 0.5531
453 1.0798 0.9691 14.0000 0.5779
453 1.0681 0.9823 8.0000 0.4925
24 1.1497 0.2727 14.0000 0.9466
22 1.1625 0.3182 14.0000 0.9466
465 1.1408 0.8807 53.5000 0.4755
52 1.2394 0.2885 25.0000 0.9786
210 1.5893 0.5214 90.0000 0.5205
120 1.2541 0.2833 73.0000 0.9831
62 1.2563 0.2258 37.5000 0.5223
48 1.2074 0.4583 24.0000 0.7201
48 1.2530 0.5208 20.0000 0.9403
49 1.2860 0.3775 25.0000 0.8688
48 1.2124 0.4896 22.5000 0.9082
48 1.3247 0.5000 22.0000 0.8467
48 1.2820 0.6354 16.5000 0.8209
48 1.2610 0.3854 26.0000 0.8467
48 1.2407 0.4479 22.5000 0.5676
48 1.2343 0.3958 25.0000 0.8750
48 1.2538 0.5000 20.5000 0.8609
36 1.7183 0.2857 20.0000 0.4052
98 1.1658 0.5102 41.0000 0.4470
50 1.2009 0.5200 21.0000 0.9003
44 1.2201 0.2976 23.5000 0.9741
944 1.5136 0.6569 311.5000 0.3825
84 1.1621 0.6845 26.0000 0.8416
65 1.2532 0.5385 26.0000 0.9519
242 1.5309 0.3822 124.0000 0.4171
242 1.5235 0.3905 121.5000 0.3788
73 1.0872 0.9315 5.0000 0.5064
87 1.1339 0.5459 36.0000 0.7486
87 1.1600 0.5919 33.0000 0.5395
87 1.1540 0.5977 34.5000 0.5708
86 1.1902 0.5233 37.0000 0.4911
84 1.1717 0.5714 33.0000 0.6659
51 1.3583 0.5200 25.0000 0.7375
51 1.3233 0.4490 25.0000 0.4169
51 1.2305 0.4400 28.0000 0.6214
51 1.1891 0.4118 28.5000 0.7855
51 1.2788 0.5196 24.5000 0.7885
51 1.2039 0.4216 28.5000 0.7801
51 1.2382 0.4314 29.0000 0.7033
51 1.2266 0.5000 25.0000 0.6318
51 1.2789 0.4200 27.0000 0.5568
51 1.1993 0.4510 27.5000 0.7033
51 1.2656 0.4706 26.0000 0.8118
51 1.2148 0.4118 28.0000 0.6661
51 1.2348 0.4412 27.0000 0.7671
51 1.2308 0.4706 27.0000 0.7269
924 1.4892 0.6559 295.5000 0.4005
86 1.2288 0.5116 36.5000 0.6439
86 1.2012 0.5639 33.0000 0.4425
13 1.7624 0.3077 9.0000 0.6945
14 1.0932 0.0000 13.0000 0.9079
14 1.0915 0.0000 13.0000 0.9079
14 1.1063 0.1429 11.0000 0.9079
14 1.1246 0.0000 13.0000 0.9079
15 1.2106 0.1333 12.0000 0.9215
15 1.1674 0.1333 12.0000 0.9215
15 1.1056 0.1333 13.0000 0.9215
15 1.2358 0.2000 11.5000 0.8239
34 1.3154 0.5294 14.0000 0.4635
35 1.2432 0.5429 13.5000 0.3445
46 1.3971 0.4565 21.0000 0.6106
35 1.3096 0.4857 14.0000 0.4943
32 1.2256 0.7812 7.0000 0.8403
31 1.1844 0.8065 6.0000 0.8501
32 1.2206 0.7188 9.0000 0.7578
32 1.1914 0.7500 8.0000 0.7578
73 1.1804 0.7671 15.0000 0.3817
73 1.1351 0.8014 13.0000 0.4847
73 1.1220 0.7945 14.0000 0.4792
73 1.1330 0.7260 16.0000 0.4240
73 1.1221 0.7945 14.0000 0.4792
73 1.1226 0.7876 15.5000 0.4538
73 1.1369 0.7329 14.5000 0.5295
75 1.3912 0.4533 36.0000 0.6382
42 1.2708 0.3452 26.0000 0.9677
42 1.2442 0.3571 25.5000 0.9677
42 1.3127 0.4167 24.5000 1.0000
42 1.2144 0.4048 24.0000 0.9677
909 1.4868 0.6112 334.5000 0.3972
941 1.4907 0.6148 333.0000 0.4456
947 1.4619 0.6494 309.0000 0.3912
946 1.4363 0.7230 249.0000 0.3887
946 1.4398 0.7130 254.0000 0.3520
946 1.4483 0.7230 251.0000 0.3350
946 1.4299 0.7288 245.5000 0.3593
70 1.1960 0.6000 25.0000 0.6066
621 2.0353 0.4775 264.0000 0.1653
37 1.4946 0.3243 20.0000 0.4476
949 1.4453 0.7187 251.0000 0.3262
949 1.4426 0.7234 250.0000 0.3679
949 1.4384 0.7218 249.5000 0.3364
447 1.3180 0.7908 90.5000 0.3024
35 1.3212 0.4559 17.0000 0.8930
85 1.1392 0.6294 27.5000 0.8420
90 1.3392 0.4834 40.5000 0.7609
90 1.2001 0.4222 44.0000 0.7876
90 1.1640 0.4333 43.0000 0.7304
90 1.1966 0.4222 44.0000 0.6478
90 1.2955 0.5111 40.0000 0.8941
86 1.1479 0.7209 23.0000 0.9465
42 1.2281 0.4250 18.0000 0.9447
57 1.4618 0.1754 36.0000 0.5364
58 1.4648 0.1724 36.0000 0.6143
58 1.4851 0.2069 34.0000 0.7223
58 1.5224 0.2069 36.0000 0.7232
130 1.3506 0.5156 58.0000 0.7187
63 1.2350 0.3145 32.5000 0.9467
63 1.2314 0.3065 32.0000 0.9467
62 1.3232 0.3689 34.0000 0.9507
58 1.4997 0.2328 33.5000 0.6251
58 1.5042 0.2069 34.5000 0.5053
17 1.1847 0.3750 10.0000 0.9092
17 1.3288 0.5625 6.0000 0.9092
66 1.3569 0.5152 27.0000 0.9551
61 1.3614 0.3500 33.5000 0.8994
63 1.3700 0.3254 34.0000 0.8950
66 1.3771 0.4167 32.5000 0.9002
66 1.3425 0.3863 34.5000 0.8638
174 1.4333 0.3822 86.5000 0.5282
118 1.2994 0.4025 56.5000 0.6651
118 1.4406 0.4195 61.0000 0.6212
55 1.2185 0.3114 27.5000 0.8662
55 1.3133 0.4364 27.5000 0.8351
90 1.1928 0.6111 32.5000 0.4960
55 1.3215 0.4364 26.5000 0.8766
55 1.2785 0.4000 28.0000 0.8990
55 1.2746 0.4364 27.5000 0.9038
73 1.0872 0.9315 5.0000 0.5064
949 1.4382 0.7198 254.0000 0.3288
37 1.3383 0.3889 20.0000 0.5529
38 1.3143 0.3243 22.0000 0.6112
239 1.4558 0.4644 113.5000 0.3475
498 1.0836 0.9639 18.0000 0.4870
64 1.2140 0.5000 27.0000 0.5536
457 1.0664 0.9847 7.0000 0.4842
481 1.0650 0.9813 9.0000 0.5098
457 1.0681 0.9825 8.0000 0.4860
457 1.0675 0.9825 8.0000 0.4895
737 1.4196 0.5780 278.0000 0.4171
802 1.5025 0.5736 311.0000 0.4418
853 1.5163 0.6025 310.5000 0.4562
844 1.4024 0.6416 284.0000 0.4087
886 1.4731 0.6501 290.5000 0.4316
881 1.5072 0.5988 325.5000 0.3888
469 1.1256 0.8027 89.0000 0.2887
63 1.1723 0.3770 32.5000 0.9637
47 1.3228 0.2340 36.0000 0.8079
62 1.2098 0.3167 32.0000 0.9637
881 1.2618 0.7248 220.0000 0.5639
66 1.3351 0.3672 35.0000 0.9495
104 1.2249 0.3971 57.5000 0.9899
120 1.2422 0.3687 70.0000 0.9913
80 1.2477 0.2628 47.0000 0.9866
104 1.2467 0.4167 57.0000 0.9899
120 1.2342 0.3983 68.0000 0.9913
80 1.2606 0.2500 47.5000 0.9866
69 1.2650 0.4131 37.5000 0.6771
69 1.2830 0.4058 38.0000 0.6738
69 1.2285 0.4058 37.5000 0.7070
69 1.2421 0.4203 37.0000 0.5950
69 1.2732 0.3985 38.0000 0.5469
69 1.2891 0.4058 38.0000 0.5706
69 1.2992 0.4348 35.0000 0.5622
69 1.2911 0.4203 37.5000 0.6485
69 1.2944 0.4493 34.5000 0.6804
69 1.3205 0.4203 35.0000 0.6322
68 1.2439 0.4118 36.0000 0.6950
72 1.2671 0.3889 35.0000 0.7423
72 1.2932 0.3889 36.0000 0.5402
72 1.2962 0.3959 37.5000 0.6580
72 1.2984 0.3889 36.5000 0.6651
87 1.1646 0.6530 31.0000 0.8661
61 1.3567 0.3417 33.0000 0.9149
52 1.2008 0.3558 28.0000 0.9786
52 1.2363 0.3558 28.0000 1.0000
52 1.2365 0.3558 28.0000 1.0000
52 1.2365 0.3558 28.0000 1.0000
52 1.2365 0.3558 28.0000 1.0000
52 1.3049 0.2692 27.5000 0.9552
52 1.2371 0.3269 26.5000 0.9115
90 1.1799 0.5111 37.5000 0.6152
95 1.1972 0.5895 36.0000 0.6063
79 1.1332 0.6519 23.0000 0.5751
