63 1.1900 0.6508 20.0000 0.3405
63 1.2485 0.6984 19.0000 0.7035
33 1.2637 0.4844 15.0000 0.8674
62 1.1629 0.7661 14.5000 0.3736
62 1.2011 0.7419 16.0000 0.5288
62 1.1807 0.7661 14.0000 0.2152
62 1.1807 0.7661 14.0000 0.2152
62 1.1804 0.7661 14.0000 0.2152
62 1.1804 0.7661 14.0000 0.2152
62 1.1804 0.7661 14.0000 0.2152
34 1.6989 0.5000 16.5000 0.2842
34 1.8341 0.5147 14.0000 0.2842
42 1.2744 0.5714 18.0000 0.8866
62 1.1737 0.7258 17.0000 0.3786
62 1.1854 0.7661 14.5000 0.3670
62 1.1737 0.7258 17.0000 0.3786
62 1.1854 0.7661 14.5000 0.3670
62 1.1737 0.7258 17.0000 0.3786
62 1.1854 0.7661 14.5000 0.3670
42 1.3167 0.6429 15.0000 0.9129
41 1.2923 0.3590 24.0000 0.1250
41 1.2745 0.5897 17.0000 0.1097
42 1.2277 0.7500 10.5000 0.8799
46 1.1382 0.2273 27.0000 0.8939
33 1.1761 0.6719 10.0000 0.7578
46 1.1252 0.2727 26.0000 0.8939
42 1.2184 0.5875 17.5000 0.5653
20 1.2357 0.2222 13.0000 0.9324
62 1.1825 0.7541 16.0000 0.2462
62 1.1862 0.7459 16.5000 0.2462
19 1.4751 0.1765 11.5000 0.9225
62 1.2075 0.6694 19.5000 0.3626
62 1.2075 0.6694 19.5000 0.3626
62 1.1841 0.6935 18.0000 0.2795
62 1.1934 0.7097 18.0000 0.3626
62 1.2108 0.7097 18.0000 0.3836
62 1.1945 0.7339 16.5000 0.3837
46 1.1480 0.2955 26.0000 0.9205
88 1.3304 0.5455 37.5000 0.5022
88 1.2323 0.5227 38.5000 0.6772
46 1.1844 0.4022 24.0000 0.6426
14 1.1896 0.2500 10.0000 0.4789
46 1.2676 0.4091 22.0000 0.9090
46 1.2511 0.2613 25.0000 0.9205
46 1.1096 0.2955 26.0000 0.9205
46 1.1081 0.2955 26.0000 0.9205
46 1.1717 0.3409 25.0000 0.9205
46 1.1656 0.4091 25.0000 0.9205
64 1.2227 0.5703 26.5000 0.6229
45 1.2781 0.5465 21.0000 0.7617
46 1.1637 0.5341 21.0000 0.9249
42 1.2058 0.5357 18.0000 0.8799
42 1.2098 0.5952 17.0000 0.6875
32 1.1903 0.8750 4.0000 0.8324
44 1.1928 0.5952 18.0000 0.9400
42 1.3178 0.5595 17.5000 0.9129
42 1.2873 0.7143 12.0000 0.7974
42 1.2749 0.6190 16.0000 0.9417
42 1.2100 0.6429 15.0000 0.9417
42 1.3110 0.5952 17.0000 0.5556
42 1.2841 0.6667 13.0000 0.8216
42 1.2571 0.5875 17.5000 0.5653
44 1.2247 0.5909 17.0000 0.6910
42 1.2770 0.6905 12.0000 0.8745
33 1.1044 0.5161 16.0000 0.4651
33 1.1947 0.4194 18.0000 0.4368
33 1.1659 0.4194 18.0000 0.4368
42 1.2175 0.4286 22.5000 0.5150
42 1.2250 0.6190 16.0000 0.9113
19 1.2549 0.2353 12.0000 0.8597
84 1.3157 0.6011 31.5000 0.3460
16 1.0909 0.3333 11.0000 0.3936
60 1.2205 0.6491 22.0000 0.5064
41 1.4185 0.3846 24.0000 0.1036
60 1.2193 0.6207 14.5000 0.7699
86 1.1694 0.6337 29.5000 0.6603
92 1.2304 0.6413 30.0000 0.9561
92 1.2519 0.4619 41.0000 0.9319
88 1.1776 0.5568 36.5000 0.9558
92 1.2178 0.5109 40.0000 0.9278
88 1.2193 0.5171 38.5000 0.9393
88 1.2337 0.5398 36.0000 0.7827
81 1.1843 0.4383 42.0000 0.9042
16 1.1891 0.4286 8.0000 0.9079
16 1.2832 0.5625 7.0000 0.9220
91 1.1938 0.5444 40.0000 0.7920
92 1.2271 0.4783 46.0000 0.8606
91 1.2119 0.5714 38.5000 0.8167
91 1.1902 0.5714 37.5000 0.7602
65 1.2367 0.5625 28.0000 0.8827
16 1.2675 0.4375 8.0000 0.9220
16 1.1962 0.5625 7.0000 0.9220
82 1.2453 0.6098 31.0000 0.6042
923 1.3592 0.6739 278.5000 0.4823
73 1.1736 0.8767 9.0000 0.4737
11 1.5416 0.3636 7.0000 0.2756
73 1.3114 0.6164 28.0000 0.4845
73 1.3431 0.6027 28.0000 0.6167
184 1.6420 0.4130 94.0000 0.4316
22 1.2091 0.0909 17.5000 0.9466
22 1.1563 0.3636 14.0000 0.5197
22 1.2024 0.3182 13.0000 0.9466
28 1.2218 0.5961 11.0000 0.9560
70 1.3482 0.5455 32.5000 0.8561
74 1.2636 0.5714 33.5000 0.7853
72 1.2391 0.4118 38.0000 0.8958
70 1.2615 0.3971 37.0000 0.8882
70 1.2632 0.5000 34.5000 0.8553
72 1.2776 0.4338 38.0000 0.8507
70 1.3602 0.5606 31.5000 0.8382
74 1.2232 0.5286 35.0000 0.8770
70 1.3527 0.5909 29.5000 0.8295
74 1.2392 0.5143 36.5000 0.8947
86 1.2774 0.5639 35.0000 0.6868
87 1.3679 0.6092 31.0000 0.8325
86 1.2330 0.5349 34.0000 0.6751
86 1.3044 0.5349 36.0000 0.8183
86 1.2977 0.4826 41.0000 0.7319
82 1.3007 0.5122 36.0000 0.6665
86 1.2802 0.5233 35.0000 0.7530
87 1.2940 0.5977 32.0000 0.8399
86 1.3083 0.5291 37.0000 0.6303
86 1.3295 0.5581 36.0000 0.8056
86 1.2262 0.5349 34.0000 0.7277
86 1.2986 0.5291 36.0000 0.8053
86 1.2573 0.5407 36.0000 0.6868
87 1.3150 0.5977 32.5000 0.8268
86 1.2376 0.5407 38.0000 0.6764
85 1.3034 0.4941 39.0000 0.7104
86 1.2626 0.5698 35.0000 0.6868
87 1.3428 0.5919 32.0000 0.8325
86 1.1431 0.6463 32.0000 0.8512
86 1.1630 0.6463 33.0000 0.8512
86 1.1875 0.6512 29.5000 0.8620
86 1.1940 0.6744 28.0000 0.9173
42 1.1946 0.7381 11.0000 0.8799
42 1.1555 0.5610 18.0000 0.6750
43 1.2907 0.6190 16.0000 0.5383
20 1.3368 0.2500 13.5000 0.6276
20 1.3046 0.2500 14.0000 0.7707
20 1.3201 0.2500 13.0000 0.6752
20 1.3366 0.3000 13.0000 0.7707
20 1.3157 0.2500 14.0000 0.6276
20 1.3481 0.2500 13.0000 0.7468
98 1.2230 0.6020 38.0000 0.8603
42 1.2618 0.6667 14.0000 0.9417
84 1.2087 0.6905 25.0000 0.5086
46 1.1526 0.2273 25.5000 0.8939
65 1.5053 0.4918 32.5000 0.0876
82 1.2103 0.7073 22.0000 0.3622
82 1.1791 0.7195 23.0000 0.4304
42 1.2248 0.6429 15.0000 0.8816
11 1.2024 0.4000 7.0000 0.6857
44 1.2031 0.5455 20.0000 0.7384
16 1.3587 0.4000 9.0000 0.3917
16 1.2373 0.4000 9.0000 0.7039
16 1.4194 0.3333 9.0000 0.3917
16 1.3804 0.3333 7.0000 1.0000
16 1.4537 0.4000 9.0000 0.3917
16 1.1605 0.3333 9.0000 0.3917
16 1.4689 0.4000 8.5000 0.3917
16 1.2361 0.4667 9.0000 0.3917
42 1.2317 0.6190 16.0000 0.8107
67 1.3595 0.4462 31.5000 0.8591
39 1.2767 0.3611 23.0000 0.9379
63 1.1864 0.6825 19.0000 0.5675
63 1.1966 0.6587 21.0000 0.7602
20 1.1808 0.5556 10.0000 0.9324
20 1.1011 0.3333 11.0000 0.9324
20 1.1390 0.3333 12.0000 0.9324
20 1.2501 0.5000 10.0000 0.9324
21 1.2327 0.6000 9.0000 0.5165
20 1.2559 0.6000 8.0000 0.7461
42 1.2624 0.6310 15.0000 0.9417
41 1.1317 0.6829 12.0000 0.3219
47 1.5244 0.3617 27.0000 0.6520
47 1.4386 0.3617 27.0000 0.6814
46 1.5028 0.3913 25.0000 0.6518
48 1.3736 0.3958 26.0000 0.6521
40 1.1530 0.6154 15.0000 0.7544
46 1.3816 0.3478 27.0000 0.6304
46 1.5139 0.4565 20.0000 0.6651
46 1.7065 0.4022 26.0000 0.4091
46 1.4379 0.3913 27.0000 0.7289
47 1.5985 0.4255 24.0000 0.8940
47 1.5597 0.4149 24.5000 0.6744
47 1.8039 0.4043 23.0000 0.7017
15 1.3364 0.3077 8.0000 0.8063
84 1.2655 0.5119 37.0000 0.5499
83 1.3750 0.4397 41.5000 0.5005
62 1.2111 0.6613 20.0000 0.3535
62 1.1802 0.7661 14.0000 0.2152
60 1.5287 0.3559 32.0000 0.8722
59 1.8285 0.3070 32.0000 0.5246
61 1.4420 0.4333 29.0000 0.8655
61 1.4754 0.4333 27.0000 0.8655
62 1.1737 0.7258 17.0000 0.3786
62 1.1854 0.7661 14.5000 0.3670
87 1.3511 0.4943 42.0000 0.2090
87 1.1908 0.4195 46.0000 0.4366
87 1.3304 0.5057 39.5000 0.4242
87 1.2538 0.4425 45.0000 0.3654
87 1.2633 0.4713 42.0000 0.2661
87 1.2727 0.4886 40.5000 0.5389
84 1.2204 0.4940 37.5000 0.4708
84 1.3213 0.5774 35.0000 0.4779
84 1.1970 0.6250 30.0000 0.5259
84 1.2496 0.5952 33.5000 0.4522
84 1.2203 0.5714 34.0000 0.6194
84 1.2897 0.5535 37.5000 0.4488
84 1.2217 0.5535 34.5000 0.5899
84 1.2983 0.5595 37.0000 0.4834
84 1.2380 0.5655 35.0000 0.3942
84 1.3986 0.6250 31.5000 0.6000
84 1.2804 0.5595 33.0000 0.5919
84 1.2941 0.5297 37.0000 0.3538
30 1.3672 0.4444 16.5000 0.8794
28 1.4682 0.4231 14.0000 0.8792
26 1.2587 0.5000 13.0000 0.8629
85 1.3112 0.5882 33.5000 0.1523
85 1.3304 0.6118 31.0000 0.2306
84 1.2801 0.6011 30.5000 0.2894
84 1.3403 0.5714 35.0000 0.3692
83 1.3261 0.6085 30.0000 0.3507
83 1.3096 0.5301 36.0000 0.5482
83 1.2837 0.5542 32.0000 0.4868
20 1.3236 0.4000 10.0000 0.4836
18 1.2230 0.4706 9.0000 0.9320
28 1.2954 0.4231 15.0000 0.9340
29 1.2721 0.4615 15.0000 0.8792
28 1.3010 0.4400 15.0000 0.8790
27 1.2249 0.4800 15.0000 0.8790
28 1.3238 0.4808 14.0000 0.8792
28 1.3152 0.4231 16.0000 0.9340
28 1.4170 0.4615 14.0000 0.9340
75 1.2147 0.5946 25.0000 0.7083
73 1.1709 0.8767 9.0000 0.4737
40 1.4249 0.5897 16.5000 0.7192
60 1.5792 0.3559 31.0000 0.7445
60 1.5140 0.3559 32.0000 0.6730
12 1.1775 0.5000 6.0000 0.6969
45 1.3071 0.2675 29.0000 0.8938
45 1.2428 0.4186 21.0000 0.8693
45 1.2657 0.3488 21.5000 0.9217
60 1.5417 0.3220 33.0000 0.5424
60 1.5370 0.3390 33.0000 0.5677
45 1.2815 0.1628 28.5000 0.8669
45 1.2437 0.1860 30.0000 0.8938
158 1.5745 0.5160 66.0000 0.0998
17 2.2271 0.4118 8.0000 0.4896
87 1.3244 0.4311 43.0000 0.5384
40 1.4496 0.5526 17.0000 0.8720
73 1.2471 0.7740 16.5000 0.4059
18 1.1262 0.1875 10.0000 0.2680
16 1.2311 0.5714 8.0000 1.0000
16 1.2527 0.5000 7.0000 0.8897
73 1.1639 0.8767 9.0000 0.4959
73 1.1085 0.8493 11.0000 0.4906
91 1.2668 0.5275 42.0000 0.8045
73 1.1710 0.8836 8.5000 0.5064
91 1.2131 0.5275 40.0000 0.8948
73 1.1140 0.9041 7.0000 0.4959
91 1.1581 0.5495 40.0000 0.9249
73 1.2847 0.6301 27.0000 0.4904
62 1.1921 0.6774 20.0000 0.5522
73 1.3004 0.6301 26.0000 0.5466
73 1.3322 0.6301 26.5000 0.4901
40 1.3569 0.5641 15.5000 0.9123
99 1.3286 0.4646 44.0000 0.4343
254 1.7466 0.4233 121.0000 0.6055
229 1.6421 0.4934 103.5000 0.4125
42 1.2765 0.5641 20.0000 0.9123
25 1.1529 0.6304 8.5000 0.7961
25 1.1536 0.6957 7.0000 0.7961
25 1.1396 0.6957 7.0000 0.6652
25 1.1211 0.6957 7.0000 0.9111
22 1.2210 0.3182 12.0000 0.9334
83 1.1851 0.7349 22.0000 0.6608
85 1.1972 0.7294 22.5000 0.4127
82 1.1724 0.7500 20.0000 0.4698
83 1.1773 0.7683 19.0000 0.4776
169 1.2218 0.4497 81.0000 0.4850
910 1.3626 0.6873 266.0000 0.2478
146 1.2862 0.5068 68.0000 0.4647
20 1.1300 0.5278 9.5000 0.9324
15 1.2406 0.3077 9.0000 0.8063
59 1.5168 0.3103 36.0000 0.6649
59 1.6454 0.3103 36.5000 0.8072
73 1.1805 0.8493 11.0000 0.4737
73 1.1969 0.8356 10.5000 0.4534
73 1.1564 0.8904 8.0000 0.4737
73 1.1776 0.8493 11.0000 0.4737
73 1.1654 0.8493 11.0000 0.4737
73 1.1598 0.8287 12.5000 0.4635
103 1.3254 0.4757 48.0000 0.7267
40 1.3610 0.5128 19.0000 0.5619
40 1.3825 0.5000 19.0000 0.8319
40 1.3860 0.5526 16.0000 0.7986
40 1.2746 0.6410 15.0000 0.9123
40 1.3266 0.6154 15.0000 0.9123
40 1.3026 0.6154 15.0000 0.9123
40 1.2794 0.6410 15.0000 0.9123
40 1.2896 0.6154 15.0000 0.9123
44 1.2098 0.5238 22.0000 0.8816
44 1.1819 0.5833 18.5000 0.8493
101 1.3638 0.4703 48.5000 0.5042
103 1.3158 0.5049 46.5000 0.6619
41 1.2366 0.5366 19.0000 0.8105
42 1.3252 0.4762 20.0000 0.7224
295 1.5368 0.4407 141.5000 0.6613
176 1.3119 0.4461 84.0000 0.4707
296 1.6831 0.4291 147.0000 0.5629
59 1.8061 0.3103 35.0000 0.7056
29 1.4527 0.4615 15.5000 0.9340
12 1.3869 0.0833 7.0000 0.3234
12 1.3167 0.0833 7.5000 0.3234
12 1.2462 0.0833 7.0000 0.3234
12 1.4294 0.0833 7.0000 0.3234
12 1.2323 0.5000 6.0000 0.6969
12 1.2195 0.4167 7.0000 0.3234
12 1.1181 0.4167 7.0000 0.3234
12 1.0902 0.4167 7.0000 0.3234
45 1.2307 0.4524 22.0000 0.9741
87 1.2692 0.4311 44.0000 0.5882
87 1.3290 0.4709 43.0000 0.4723
95 1.3110 0.5532 41.0000 0.8400
238 1.6494 0.4391 113.5000 0.6521
95 1.4497 0.4211 42.5000 0.5350
95 1.4627 0.4105 46.0000 0.5546
13 1.3342 0.1667 9.0000 0.8597
13 1.2450 0.3333 8.0000 0.8597
64 1.3156 0.4375 32.5000 0.5814
64 1.3098 0.4453 31.0000 0.5814
64 1.3453 0.5625 28.0000 0.4339
28 1.2424 0.7678 6.5000 0.6671
29 1.3221 0.3793 16.0000 0.6080
29 1.2811 0.4138 15.0000 0.2153
41 1.3259 0.6098 15.0000 0.9123
87 1.2417 0.4713 44.0000 0.3546
621 1.8582 0.5636 231.0000 0.1652
621 1.8267 0.5716 228.5000 0.1904
19 1.2551 0.3611 9.0000 0.8507
40 1.3454 0.4869 20.0000 0.7283
40 1.1916 0.4615 20.0000 0.9123
40 1.2109 0.5000 20.5000 0.9122
157 1.4025 0.7420 36.0000 0.3579
157 1.3945 0.7452 36.0000 0.3736
163 1.2250 0.5311 73.5000 0.7363
97 1.3022 0.6855 29.0000 0.8922
23 1.4977 0.3478 13.5000 0.2788
386 1.4993 0.5298 160.0000 0.4960
18 1.1147 0.3333 10.0000 0.9324
19 1.1614 0.5263 8.0000 0.8768
14 1.1338 0.5385 7.0000 0.3279
25 1.2051 0.7600 6.0000 0.9114
25 1.2053 0.7600 6.0000 0.9114
25 1.1382 0.7600 6.0000 1.0000
25 1.1886 0.7800 5.5000 1.0000
25 1.1595 0.7600 6.0000 0.5105
25 1.2704 0.7200 7.0000 0.7967
34 1.3327 0.4412 16.5000 1.0000
923 1.6222 0.5201 388.0000 0.4222
923 1.5682 0.4675 440.0000 0.4558
29 1.2897 0.7241 8.0000 0.9118
26 1.1822 0.7500 8.0000 0.7251
26 1.1488 0.7500 8.0000 0.8298
26 1.1488 0.7500 8.0000 0.8298
217 1.4674 0.5553 91.5000 0.2892
458 1.2262 0.8570 65.0000 0.4331
54 1.3271 0.3148 29.0000 0.6870
43 1.3554 0.3256 25.0000 0.6720
25 1.2911 0.6000 8.0000 0.4910
62 1.1584 0.8065 12.0000 0.2224
20 1.1433 0.4500 11.0000 1.0000
20 1.0874 0.2500 13.0000 1.0000
20 1.1889 0.5000 10.0000 1.0000
20 1.1706 0.3500 13.0000 1.0000
19 1.1391 0.5263 9.0000 1.0000
43 1.2022 0.3023 26.0000 0.8033
98 1.1772 0.6224 36.0000 0.4690
55 1.3052 0.2600 32.0000 0.6013
55 1.4251 0.2075 35.0000 0.5371
63 1.2987 0.3525 35.5000 0.9374
944 1.5664 0.5615 379.0000 0.4516
944 1.4657 0.5954 343.5000 0.3949
402 1.1887 0.8495 59.0000 0.3999
109 1.3280 0.5321 43.5000 0.7774
130 1.3803 0.4039 65.0000 0.5633
20 1.3400 0.2105 13.0000 0.2741
98 1.3434 0.5417 42.0000 0.7618
146 1.1517 0.7569 34.5000 0.7615
453 1.1121 0.8819 52.0000 0.5480
146 1.1478 0.7500 36.0000 0.7590
453 1.1351 0.8698 59.0000 0.4887
54 1.3151 0.4630 28.0000 0.9348
85 1.2681 0.4471 39.0000 0.5787
87 1.2205 0.5172 40.0000 0.5138
472 1.0981 0.9671 15.5000 0.1158
927 1.3962 0.6472 299.5000 0.5165
924 1.3914 0.6444 300.0000 0.4774
924 1.4041 0.6418 306.5000 0.5083
924 1.3796 0.6423 308.5000 0.4718
924 1.3689 0.6413 306.5000 0.4540
924 1.3937 0.6466 304.0000 0.4926
924 1.3962 0.6472 299.5000 0.4988
64 1.3172 0.4375 32.5000 0.5814
79 1.3069 0.4684 39.0000 0.6035
928 1.3462 0.6557 299.5000 0.4289
928 1.3459 0.6713 287.5000 0.4678
928 1.3598 0.6692 287.0000 0.4351
928 1.3975 0.6465 301.0000 0.4037
453 1.0656 0.9746 10.5000 0.5323
453 1.0890 0.9569 18.5000 0.4694
453 1.0644 0.9625 15.0000 0.4662
453 1.0696 0.9581 17.0000 0.5415
453 1.0808 0.9393 25.5000 0.5017
453 1.0762 0.9316 29.0000 0.5910
453 1.1071 0.9459 24.0000 0.4471
453 1.0806 0.9283 30.5000 0.5641
24 1.2156 0.4545 13.0000 0.9466
22 1.2954 0.2727 12.0000 0.9466
465 1.1690 0.8892 51.0000 0.4732
52 1.3968 0.2308 24.0000 0.9786
210 1.7139 0.5143 92.0000 0.4536
120 1.4952 0.2125 88.5000 0.9831
62 1.5799 0.2823 39.5000 0.5223
48 1.2190 0.6458 17.0000 0.8750
48 1.2555 0.6667 16.0000 0.8291
49 1.2567 0.5612 20.5000 0.8713
48 1.2813 0.6250 18.0000 0.8115
48 1.3005 0.5625 20.5000 0.3035
48 1.2230 0.5625 21.0000 0.6231
48 1.3340 0.4583 22.0000 0.8806
48 1.2667 0.5208 22.0000 0.8750
48 1.3248 0.5833 18.0000 0.9385
48 1.2603 0.6667 16.0000 0.9385
36 1.6213 0.4000 19.0000 0.4052
98 1.4427 0.5051 42.0000 0.6402
50 1.2932 0.5300 22.0000 0.8670
44 1.2151 0.3571 23.0000 0.9741
944 1.3045 0.6649 301.0000 0.4143
84 1.1818 0.5952 28.5000 0.7331
65 1.2128 0.6154 24.5000 0.9757
242 1.4053 0.3099 139.0000 0.4245
242 1.4239 0.3058 138.0000 0.4715
73 1.1534 0.8836 8.5000 0.4852
87 1.2410 0.5230 39.0000 0.5483
87 1.2362 0.5517 37.0000 0.4096
87 1.2117 0.6092 33.0000 0.5138
86 1.2708 0.4884 41.0000 0.6131
84 1.3443 0.4643 44.0000 0.6515
51 1.2473 0.5200 19.0000 0.5826
51 1.2321 0.5204 22.0000 0.6701
51 1.2142 0.5200 24.0000 0.7267
51 1.2450 0.5098 23.0000 0.6840
51 1.2633 0.5098 23.0000 0.7071
51 1.2336 0.5392 21.5000 0.7484
51 1.1755 0.4902 24.0000 0.6840
51 1.1677 0.5400 22.0000 0.7031
51 1.2157 0.5400 20.5000 0.5417
51 1.2207 0.5490 22.0000 0.5538
51 1.1919 0.4902 23.5000 0.6888
51 1.2501 0.5980 20.0000 0.7269
51 1.3517 0.5294 23.0000 0.7269
51 1.2589 0.5490 21.0000 0.6979
924 1.3769 0.6483 303.0000 0.4665
86 1.2733 0.4477 40.5000 0.5253
86 1.2841 0.5116 38.5000 0.5516
13 2.0808 0.3846 7.0000 0.6945
14 1.2959 0.4286 8.0000 0.9079
14 1.3225 0.3571 9.0000 0.9079
14 1.2980 0.0714 13.0000 0.9079
14 1.2596 0.1071 12.5000 0.9079
15 1.2032 0.0000 14.0000 0.9215
15 1.1722 0.1333 13.0000 0.9215
15 1.1557 0.0667 14.0000 0.9215
15 1.2857 0.2667 11.0000 0.8239
34 1.3047 0.4118 17.0000 0.4971
35 1.3075 0.3429 20.0000 0.5662
46 1.3214 0.3913 24.0000 0.5523
35 1.3352 0.3143 19.0000 0.5835
32 1.2494 0.6250 11.0000 0.7578
31 1.1999 0.7097 9.0000 0.7855
32 1.2818 0.6875 9.5000 0.8503
32 1.3159 0.6406 10.0000 0.7213
73 1.2780 0.6438 24.5000 0.3561
73 1.1747 0.7945 15.0000 0.5127
73 1.2408 0.6781 23.0000 0.5011
73 1.1897 0.7534 18.0000 0.5422
73 1.2406 0.6781 23.0000 0.5011
73 1.1431 0.7945 15.0000 0.3943
73 1.2205 0.7191 18.5000 0.4906
75 1.4793 0.4533 39.0000 0.7756
42 1.3079 0.3333 26.0000 0.9020
42 1.2701 0.4048 24.0000 0.9363
42 1.2098 0.3214 27.0000 1.0000
42 1.2757 0.4524 23.0000 0.9677
909 1.3619 0.6524 290.0000 0.3835
941 1.3822 0.6567 296.0000 0.4184
947 1.3570 0.6995 263.5000 0.3450
946 1.3034 0.7040 260.0000 0.4874
946 1.3047 0.7051 261.0000 0.4522
946 1.2921 0.7093 260.5000 0.4547
946 1.2984 0.7109 254.5000 0.4909
70 1.2654 0.5571 28.5000 0.4433
621 1.6788 0.5009 264.5000 0.1996
37 1.4311 0.3784 20.0000 0.4581
949 1.2935 0.7229 248.5000 0.4231
949 1.3038 0.7181 252.5000 0.4295
949 1.3462 0.7087 261.5000 0.4209
447 1.2748 0.7942 88.5000 0.2727
35 1.3291 0.2941 23.5000 0.8422
85 1.2054 0.5941 32.0000 0.6259
90 1.2893 0.5333 37.5000 0.8605
90 1.1920 0.4444 44.0000 0.8008
90 1.3804 0.4723 40.0000 0.8561
90 1.4399 0.4667 43.0000 0.6766
90 1.3049 0.5556 35.0000 0.8956
86 1.1791 0.6744 25.5000 0.7564
42 1.1695 0.5500 16.5000 0.9447
57 1.3508 0.2281 34.0000 0.5677
58 1.4365 0.2586 32.0000 0.5897
58 1.3655 0.2241 33.0000 0.5580
58 1.3901 0.2931 30.0000 0.5580
130 1.4842 0.5039 57.0000 0.6694
63 1.5453 0.2581 37.0000 0.9281
63 1.5454 0.2581 37.0000 0.9281
62 1.3853 0.3443 33.0000 0.9507
58 1.3953 0.2931 32.0000 0.5897
58 1.3377 0.2241 33.5000 0.5509
17 1.3529 0.5000 9.0000 0.9092
17 1.2362 0.3125 9.0000 0.9092
66 1.3341 0.4621 29.5000 0.8836
61 1.4409 0.4000 33.0000 0.8716
63 1.4345 0.3810 32.0000 0.9354
66 1.4095 0.4091 29.0000 0.9298
66 1.4850 0.3712 29.5000 0.9264
174 1.3985 0.4339 76.5000 0.5864
118 1.3447 0.3305 70.0000 0.4638
118 1.4853 0.4153 61.5000 0.6058
55 1.3240 0.3585 29.0000 0.9044
55 1.3218 0.4091 28.0000 0.8159
90 1.3512 0.5612 35.5000 0.4688
55 1.3188 0.4818 26.0000 0.7897
55 1.2844 0.3818 31.0000 0.8832
55 1.3329 0.3636 30.0000 0.8788
73 1.1578 0.8767 9.0000 0.4852
949 1.2936 0.7271 247.0000 0.4117
37 1.2352 0.3333 21.0000 0.5925
38 1.1769 0.3243 19.0000 0.4686
239 1.8653 0.5063 106.5000 0.3479
498 1.0885 0.9458 24.5000 0.5641
64 1.2789 0.5156 28.0000 0.5974
457 1.0658 0.9628 15.0000 0.4970
481 1.0636 0.9533 20.5000 0.5841
457 1.0653 0.9650 14.0000 0.4126
457 1.0663 0.9551 18.5000 0.5309
737 1.3718 0.5509 302.0000 0.4360
802 1.4120 0.5480 328.5000 0.5523
853 1.4072 0.5786 322.0000 0.5148
844 1.3730 0.6060 298.5000 0.5348
886 1.3896 0.6056 318.5000 0.4863
881 1.4716 0.5749 333.5000 0.4440
469 1.1669 0.8539 67.0000 0.4171
63 1.2889 0.3934 33.0000 0.9637
47 1.4011 0.2553 34.0000 0.7971
62 1.3107 0.3333 33.0000 0.9637
881 1.2327 0.7497 207.0000 0.6453
66 1.3444 0.3906 35.0000 0.9482
104 1.4402 0.2353 74.5000 0.9899
120 1.4129 0.2373 83.0000 0.9913
80 1.4569 0.2628 53.5000 0.9866
104 1.4423 0.2990 66.0000 0.9899
120 1.4288 0.2288 79.0000 0.9913
80 1.4659 0.2949 53.0000 0.9866
69 1.3187 0.3188 39.5000 0.4899
69 1.3298 0.3623 37.0000 0.4964
69 1.3655 0.3478 38.0000 0.5104
69 1.3276 0.3623 38.0000 0.5104
69 1.3967 0.3406 38.5000 0.6732
69 1.3372 0.3333 40.0000 0.5814
69 1.3767 0.3333 39.5000 0.6162
69 1.3483 0.3188 39.0000 0.6312
69 1.3591 0.3188 40.0000 0.5421
69 1.3513 0.3406 39.0000 0.3959
68 1.3445 0.3162 39.0000 0.5445
72 1.3464 0.3195 41.5000 0.5977
72 1.3159 0.2986 39.5000 0.5431
72 1.3522 0.3264 41.0000 0.5884
72 1.3195 0.2917 43.0000 0.5199
87 1.1651 0.5353 36.0000 0.5217
61 1.3723 0.4416 32.0000 0.8987
52 1.3041 0.2788 30.0000 1.0000
52 1.2898 0.2500 28.0000 1.0000
52 1.2899 0.2500 28.0000 1.0000
52 1.2899 0.2500 28.0000 1.0000
52 1.2899 0.2500 28.0000 1.0000
52 1.3954 0.2692 28.5000 0.9076
52 1.2943 0.3173 28.0000 0.9353
90 1.3114 0.5612 36.5000 0.4565
95 1.2613 0.6579 30.5000 0.4708
79 1.1395 0.6203 27.5000 0.3247
