63 1.2196 0.6349 23.0000 0.3797
63 1.1409 0.7619 15.0000 0.4862
33 1.3035 0.6250 12.5000 0.8142
62 1.2370 0.6774 19.0000 0.6659
62 1.2346 0.6935 18.0000 0.5331
62 1.2571 0.6935 18.0000 0.4123
62 1.2571 0.6935 18.0000 0.4123
62 1.2572 0.6935 18.0000 0.4123
62 1.2571 0.6935 18.0000 0.4123
62 1.2570 0.6935 18.0000 0.4123
34 1.4230 0.3529 21.0000 0.2842
34 1.3800 0.3677 21.0000 0.2842
34 2.1898 0.4118 19.0000 0.2842
42 1.1920 0.6310 14.0000 0.9273
62 1.2503 0.6613 21.0000 0.4337
62 1.2409 0.6774 18.0000 0.3530
62 1.2503 0.6613 21.0000 0.4337
62 1.2409 0.6774 18.0000 0.3530
62 1.2503 0.6613 21.0000 0.4337
62 1.2409 0.6774 18.0000 0.3530
42 1.2338 0.6667 13.0000 0.9129
41 1.3403 0.5128 18.0000 0.1277
41 1.6751 0.4103 21.0000 0.1137
42 1.1351 0.6429 15.0000 0.8157
46 1.3078 0.3522 26.0000 0.9477
33 1.2204 0.7812 8.0000 0.8365
46 1.2560 0.3750 26.0000 0.9477
42 1.2058 0.4750 17.0000 0.8004
20 1.2129 0.2222 10.0000 0.9324
62 1.2898 0.6721 18.0000 0.2932
62 1.2988 0.6721 18.0000 0.3020
19 1.4083 0.3529 9.0000 0.9225
62 1.2595 0.7177 17.0000 0.4959
62 1.2595 0.7177 17.0000 0.4959
62 1.2595 0.7258 16.0000 0.5181
62 1.3182 0.7661 13.0000 0.3780
62 1.3783 0.6452 19.0000 0.3725
62 1.3506 0.7016 17.5000 0.3892
46 1.2659 0.4204 25.5000 0.9205
88 1.2073 0.5795 36.0000 0.6462
88 1.1925 0.5909 31.0000 0.6710
46 1.2616 0.5000 22.0000 0.6807
14 1.1437 0.2500 9.0000 0.8106
46 1.1565 0.5227 17.0000 0.9249
46 1.2473 0.3409 26.0000 0.8939
46 1.2663 0.3864 26.0000 0.9205
46 1.2661 0.3182 27.0000 0.9477
46 1.2107 0.3750 27.0000 0.9205
46 1.2189 0.3750 26.0000 0.9477
64 1.1603 0.3516 34.0000 0.5455
45 1.1898 0.5349 20.0000 0.7518
41 1.2960 0.4487 20.0000 0.1097
42 1.1662 0.5714 18.0000 0.7516
42 1.1839 0.5238 19.0000 0.7662
32 1.1696 0.7188 8.5000 0.7847
44 1.2287 0.5000 21.0000 0.8201
42 1.2591 0.5833 16.5000 0.9121
42 1.1441 0.7857 9.0000 0.6606
42 1.2154 0.6786 13.5000 0.9417
42 1.2820 0.6071 15.5000 0.9417
42 1.1995 0.5833 17.5000 0.5977
42 1.1921 0.6190 15.0000 0.8646
42 1.2666 0.5500 15.5000 0.7546
44 1.2225 0.5569 19.0000 0.6019
42 1.1754 0.6786 13.5000 0.7873
33 1.1464 0.3548 20.0000 0.3872
33 1.1250 0.3548 19.0000 0.5175
33 1.1622 0.2903 21.0000 0.3676
42 1.2578 0.3333 22.0000 0.4732
42 1.2103 0.7143 12.0000 0.8816
19 1.4028 0.2353 13.0000 0.8597
84 1.2471 0.6310 30.0000 0.3190
41 1.3559 0.4744 20.0000 0.1168
41 1.4266 0.4231 21.5000 0.1133
16 1.1672 0.2500 11.0000 0.8044
60 1.2393 0.5088 27.5000 0.7072
41 1.2379 0.4359 20.0000 0.1097
60 1.2042 0.5948 24.0000 0.7035
41 1.3161 0.1842 21.0000 0.2437
86 1.1505 0.5698 32.0000 0.5598
92 1.2424 0.4565 46.0000 0.9558
92 1.2338 0.4403 44.0000 0.8881
88 1.2094 0.5114 38.5000 0.9558
92 1.2294 0.4837 44.0000 0.9278
88 1.2431 0.4091 44.5000 0.9622
88 1.2692 0.5000 39.5000 0.6992
81 1.2142 0.4691 40.0000 0.9369
16 1.1396 0.7143 6.0000 0.9079
16 1.3408 0.3750 9.0000 0.9220
91 1.1254 0.5222 42.0000 0.8542
92 1.1526 0.6087 36.0000 0.9044
91 1.1340 0.5275 43.0000 0.8916
91 1.1940 0.5495 40.0000 0.8562
65 1.2286 0.5156 27.0000 0.6006
16 1.1946 0.5000 8.0000 0.9220
16 1.3485 0.6250 6.0000 0.9220
82 1.2342 0.5000 36.0000 0.4785
923 1.4198 0.7080 251.0000 0.4165
73 1.1418 0.8493 11.0000 0.4737
11 1.2581 0.7273 3.0000 0.7610
73 1.2811 0.5890 28.5000 0.2381
73 1.2744 0.5753 29.0000 0.2443
184 1.4815 0.3696 93.0000 0.5886
22 1.4229 0.0682 17.0000 0.9466
22 1.1637 0.3182 13.0000 0.6176
22 1.3222 0.3182 11.0000 0.9466
28 1.1559 0.3462 15.0000 0.9560
70 1.2393 0.3030 34.0000 0.8295
74 1.1600 0.4286 36.0000 0.9487
72 1.2309 0.3456 38.0000 0.8576
70 1.2498 0.2794 36.0000 0.8882
70 1.2355 0.3333 37.0000 0.8553
72 1.3084 0.2941 37.0000 0.8758
70 1.2072 0.3333 35.5000 0.8131
74 1.1825 0.3785 36.5000 0.9487
70 1.2245 0.3863 34.0000 0.8295
74 1.2336 0.3500 36.5000 0.8609
86 1.2888 0.5814 32.0000 0.8155
87 1.3350 0.5747 33.5000 0.8611
86 1.2915 0.5814 32.0000 0.8122
86 1.2688 0.5814 33.5000 0.8542
86 1.2284 0.4942 39.0000 0.8383
82 1.2569 0.5122 39.0000 0.7311
86 1.2735 0.5232 35.0000 0.7922
87 1.3353 0.5747 33.5000 0.8283
86 1.2880 0.5756 33.0000 0.7676
86 1.2631 0.5581 34.5000 0.8098
86 1.2731 0.6163 31.0000 0.7852
86 1.2620 0.6163 33.0000 0.7332
86 1.2853 0.5988 32.0000 0.8085
87 1.3434 0.5402 35.5000 0.7153
86 1.2533 0.5930 33.0000 0.7788
85 1.2883 0.4706 40.0000 0.8542
86 1.2999 0.5814 34.0000 0.8192
87 1.3554 0.5919 31.5000 0.8157
86 1.2227 0.6098 34.0000 0.9064
86 1.2378 0.6159 32.0000 0.8598
86 1.1690 0.5872 33.5000 0.7271
86 1.1342 0.5698 35.0000 0.5638
42 1.1927 0.5833 17.0000 0.7808
42 1.2413 0.5610 18.0000 0.3383
43 1.2940 0.8571 7.0000 0.2022
20 1.3603 0.2500 13.5000 0.3042
20 1.2906 0.2500 14.0000 0.3042
20 1.3385 0.2500 14.0000 0.3042
20 1.3282 0.2500 13.5000 0.3042
20 1.2839 0.2500 14.0000 0.3042
20 1.3525 0.2500 13.0000 0.5981
98 1.1770 0.5765 39.5000 0.9008
42 1.2003 0.6548 14.5000 0.9129
84 1.1432 0.6786 24.0000 0.5828
46 1.2797 0.4091 26.0000 0.9477
82 1.1220 0.7256 21.0000 0.5425
82 1.2136 0.6951 24.5000 0.5956
42 1.1665 0.6667 14.0000 0.9113
11 1.8368 0.3000 6.0000 0.6857
44 1.1643 0.6364 15.0000 0.7019
16 1.6854 0.4000 9.0000 0.3917
16 1.3162 0.4000 10.0000 1.0000
16 1.5788 0.4667 9.0000 0.6925
16 1.5721 0.2667 11.0000 0.4866
16 1.6620 0.4667 9.0000 0.6022
16 1.6653 0.4000 10.0000 0.3917
16 1.8228 0.2667 9.0000 0.3917
16 1.5881 0.4000 9.0000 0.3917
42 1.1904 0.5476 18.0000 0.7224
67 1.2427 0.3308 35.0000 0.9632
39 1.2870 0.4722 21.0000 0.9379
63 1.1172 0.6508 22.0000 0.8021
63 1.0994 0.6508 22.0000 0.8021
20 1.4132 0.4444 11.0000 0.9324
20 1.2209 0.4444 10.5000 0.9324
20 1.2963 0.3333 12.0000 0.9324
20 1.3521 0.2222 11.5000 0.9324
21 1.1871 0.4250 11.5000 0.7942
20 1.0823 0.4500 11.0000 0.7461
42 1.1876 0.6667 13.5000 0.9129
41 1.1734 0.7561 10.0000 0.2868
47 1.5353 0.4468 24.0000 0.6983
47 1.5132 0.4361 23.0000 0.7542
46 1.5524 0.4565 22.0000 0.7772
48 1.5345 0.4167 25.0000 0.7543
40 1.2293 0.5641 17.5000 0.8567
46 1.3853 0.3913 26.0000 0.5132
46 1.3019 0.3804 26.5000 0.7304
46 1.3307 0.3696 27.0000 0.5630
47 1.3141 0.3191 24.0000 0.7058
47 1.2339 0.3830 20.0000 0.5940
47 1.4152 0.3617 23.0000 0.7290
15 1.1823 0.4615 8.0000 0.8063
55 1.6633 0.2778 33.0000 0.2861
84 1.2239 0.5774 32.0000 0.6946
83 1.2516 0.4457 41.0000 0.2195
62 1.2452 0.7258 15.0000 0.3889
62 1.2570 0.6935 18.0000 0.4123
60 1.5709 0.2542 32.0000 0.7445
59 1.4074 0.2982 31.5000 0.6974
61 1.6092 0.3417 32.0000 0.6875
61 1.6387 0.3250 31.0000 0.6875
62 1.2503 0.6613 21.0000 0.4337
62 1.2409 0.6774 18.0000 0.3530
87 1.2146 0.5057 40.5000 0.5978
87 1.1724 0.5287 37.0000 0.6784
87 1.2571 0.5344 37.0000 0.5689
87 1.1980 0.5517 35.0000 0.4471
87 1.1881 0.6322 31.5000 0.6163
87 1.1761 0.5690 35.0000 0.5252
84 1.1948 0.5714 34.0000 0.5467
84 1.1497 0.6071 31.5000 0.5437
84 1.2368 0.5238 35.5000 0.4356
84 1.1295 0.6667 28.0000 0.6249
84 1.2108 0.6071 32.0000 0.4778
84 1.1538 0.6310 31.0000 0.6518
84 1.2059 0.5774 34.0000 0.4267
84 1.1668 0.6130 32.0000 0.5883
84 1.2536 0.6310 31.0000 0.4320
84 1.1412 0.6310 31.0000 0.4731
84 1.2081 0.6190 30.0000 0.5248
84 1.1659 0.5357 37.5000 0.5236
30 1.2325 0.4074 16.5000 0.9341
28 1.2529 0.3846 16.0000 0.9340
26 1.4335 0.4167 13.5000 0.8629
85 1.2295 0.6118 33.0000 0.1196
85 1.2290 0.5529 35.0000 0.4219
84 1.2119 0.6548 29.0000 0.4826
84 1.1580 0.6130 32.5000 0.6006
83 1.1946 0.5844 33.5000 0.4314
83 1.2128 0.5482 33.0000 0.6734
83 1.1896 0.5783 33.5000 0.5971
20 1.3170 0.4500 9.0000 0.4836
18 1.4059 0.2941 10.0000 0.9320
28 1.1800 0.3846 16.0000 0.9670
29 1.2485 0.4423 16.0000 0.9340
28 1.2537 0.4000 16.0000 0.9339
27 1.2421 0.4000 15.0000 1.0000
28 1.1948 0.4423 13.0000 0.9340
28 1.1760 0.3462 15.0000 0.8792
28 1.1986 0.4231 15.0000 0.9340
75 1.2267 0.5878 29.0000 0.6136
73 1.1417 0.8493 11.0000 0.4737
40 1.2858 0.4615 18.0000 0.8320
31 1.7343 0.2000 22.0000 0.8638
60 1.4328 0.3220 32.0000 0.6078
60 1.5294 0.3051 32.0000 0.4314
12 1.1974 0.0833 8.0000 0.3234
45 1.1592 0.2791 26.0000 0.8938
45 1.2644 0.3488 23.0000 0.9217
45 1.1788 0.3953 21.0000 0.9217
60 1.7086 0.2712 32.0000 0.5874
60 1.7679 0.2797 33.0000 0.4856
45 1.2436 0.2210 26.0000 0.9217
45 1.1595 0.2326 28.0000 0.8938
158 1.8450 0.5287 67.0000 0.0936
17 2.5122 0.4706 8.0000 0.4896
87 1.1515 0.5575 36.5000 0.3368
40 1.4313 0.4737 19.0000 0.6773
73 1.1467 0.7671 17.0000 0.7790
18 1.2586 0.3125 10.0000 0.9092
16 1.3726 0.5000 8.0000 0.5621
16 1.3530 0.5357 7.0000 1.0000
73 1.1057 0.8356 12.0000 0.4959
73 1.0874 0.8904 8.0000 0.4959
91 1.3264 0.5000 39.0000 0.6489
73 1.0755 0.8904 8.0000 0.5064
91 1.2443 0.5165 40.0000 0.6380
73 1.0684 0.8904 8.0000 0.4959
91 1.2041 0.5550 38.0000 0.6034
73 1.1812 0.6712 20.5000 0.6879
62 1.2603 0.6452 17.5000 0.5927
73 1.2648 0.5616 29.5000 0.2595
73 1.2633 0.5753 28.0000 0.2443
40 1.4406 0.5128 17.0000 0.7235
99 1.3863 0.5758 39.5000 0.4343
254 1.5315 0.5216 102.0000 0.5282
229 1.5004 0.4890 99.0000 0.4336
42 1.3852 0.4103 23.5000 0.8320
25 1.2336 0.5652 10.0000 0.7961
25 1.2050 0.6087 10.0000 0.7961
25 1.2530 0.5870 10.0000 0.6652
25 1.1716 0.6087 10.0000 0.9111
22 1.2168 0.2727 12.5000 0.9334
83 1.1649 0.6627 26.5000 0.5482
85 1.2063 0.6883 25.0000 0.6232
82 1.2090 0.7195 23.0000 0.6401
83 1.2087 0.7744 17.5000 0.5569
169 1.3754 0.4586 75.0000 0.4458
910 1.4902 0.6945 255.0000 0.1924
146 1.2801 0.5137 65.0000 0.5116
20 1.3215 0.3333 11.5000 0.9324
15 1.1679 0.3846 9.0000 0.8063
59 1.4558 0.3793 32.0000 0.5519
59 1.6637 0.3966 30.0000 0.5859
73 1.1511 0.7808 15.5000 0.4538
73 1.1403 0.8425 11.0000 0.4635
73 1.1435 0.8630 10.0000 0.4737
73 1.1597 0.8287 12.5000 0.4737
73 1.1640 0.8219 13.0000 0.4737
73 1.1273 0.8904 8.0000 0.4635
103 1.4717 0.6165 38.0000 0.5661
40 1.6275 0.4103 22.0000 0.8938
40 1.3497 0.5263 17.0000 0.6419
40 1.3437 0.5263 17.0000 0.6294
40 1.2883 0.4103 21.0000 0.7696
40 1.2843 0.4103 20.5000 0.8320
40 1.2776 0.4103 20.5000 0.8008
40 1.3259 0.4359 19.5000 0.7192
40 1.3243 0.4615 19.0000 0.8320
44 1.2115 0.5238 21.0000 0.7516
44 1.1767 0.7381 12.5000 0.8799
101 1.2971 0.6288 36.5000 0.6966
103 1.4190 0.6214 37.0000 0.6749
41 1.2799 0.5732 16.0000 0.7077
42 1.3865 0.5952 15.5000 0.7469
295 1.4661 0.5763 107.5000 0.6728
176 1.2387 0.4346 77.0000 0.4786
296 1.5754 0.5422 116.5000 0.4442
59 1.5812 0.3880 33.0000 0.4745
29 1.3030 0.3462 15.5000 1.0000
12 1.2429 0.2500 7.0000 0.7353
12 1.5928 0.2083 7.5000 0.5293
12 1.2972 0.2500 7.0000 0.7353
12 1.2682 0.2500 7.0000 0.7353
12 1.3726 0.4167 7.0000 0.3234
12 1.1248 0.2500 7.0000 0.7353
12 1.1381 0.2500 7.0000 0.7353
12 1.2174 0.2500 7.0000 0.7353
12 1.1528 0.2500 7.0000 0.3234
45 1.1810 0.2857 19.0000 0.9741
87 1.2216 0.4368 44.0000 0.5800
87 1.1762 0.5174 39.0000 0.4801
95 1.1742 0.4840 45.5000 0.8439
238 1.6585 0.5210 98.0000 0.6692
95 1.4186 0.5211 40.0000 0.4289
95 1.4297 0.5158 40.0000 0.3978
13 1.3996 0.3333 6.0000 0.3234
13 1.3523 0.4167 8.0000 0.3234
64 1.2313 0.2891 35.0000 0.5814
64 1.2395 0.3672 33.0000 0.5677
64 1.2538 0.3438 34.0000 0.5154
28 1.4591 0.5357 11.5000 0.6671
29 1.4644 0.4828 14.0000 0.6080
29 1.6935 0.4138 16.0000 0.2153
41 1.8609 0.4756 18.0000 0.8321
87 1.1629 0.5344 39.0000 0.7755
621 1.9570 0.5282 252.0000 0.1515
621 1.9377 0.5250 248.5000 0.1608
19 1.2111 0.2222 9.5000 0.8507
40 1.3742 0.5000 19.0000 0.7283
40 1.3512 0.4872 19.0000 0.8320
40 1.5403 0.5000 20.0000 0.8319
157 1.4434 0.7006 40.0000 0.2713
157 1.4546 0.7006 42.0000 0.3347
163 1.4135 0.5000 77.0000 0.7631
97 1.2292 0.6753 30.0000 0.8846
23 1.8301 0.4348 11.5000 0.3153
386 1.4295 0.5570 150.0000 0.5214
18 1.5387 0.1667 10.5000 0.9324
19 1.3671 0.4211 9.0000 0.8768
14 1.1629 0.3846 9.0000 0.6985
25 1.2562 0.6400 9.0000 0.8301
25 1.2560 0.6400 9.0000 0.8301
25 1.2177 0.6400 9.0000 0.9114
25 1.3676 0.6400 9.0000 1.0000
25 1.4352 0.7200 7.0000 0.5105
25 1.2742 0.5000 12.5000 0.8424
34 1.2278 0.4118 19.0000 0.7690
923 1.6530 0.5569 373.0000 0.3861
923 1.8365 0.5016 408.5000 0.4688
29 1.2544 0.5862 12.0000 0.8309
26 1.1880 0.7500 8.0000 0.7965
26 1.2390 0.6667 10.0000 0.9113
26 1.2389 0.6667 10.0000 0.9113
217 1.4526 0.5691 84.0000 0.3773
458 1.3141 0.8406 71.5000 0.4923
54 1.4071 0.3889 28.5000 0.7869
43 1.2481 0.5349 18.0000 0.6720
25 1.1555 0.6400 9.0000 0.4355
62 1.2668 0.6613 19.0000 0.5253
20 1.0815 0.2500 11.0000 1.0000
20 1.2462 0.3000 10.0000 1.0000
20 1.2272 0.3000 11.0000 1.0000
20 1.2787 0.5000 8.0000 1.0000
19 1.2170 0.6842 6.0000 1.0000
43 1.2287 0.4884 21.0000 0.8433
98 1.2587 0.4796 47.0000 0.6160
55 1.4965 0.4400 30.0000 0.8158
55 1.5088 0.4057 30.0000 0.7293
63 1.1847 0.3361 33.0000 0.9467
944 1.6065 0.5827 359.0000 0.4427
944 1.5000 0.6236 326.0000 0.4647
402 1.1675 0.8781 45.5000 0.4514
109 1.2533 0.4037 51.0000 0.7530
130 1.4588 0.4462 65.0000 0.5897
20 1.2025 0.5263 10.0000 0.2741
98 1.4001 0.5573 37.0000 0.6950
146 1.2117 0.7569 35.5000 0.8082
453 1.1219 0.8863 50.5000 0.5429
146 1.2226 0.7945 30.0000 0.7995
453 1.1098 0.8874 50.0000 0.5376
54 1.2124 0.2963 31.0000 0.9065
85 1.1699 0.5294 35.0000 0.5895
87 1.1450 0.5402 37.5000 0.8005
472 1.0688 0.9905 4.5000 0.0751
927 1.4047 0.6694 281.5000 0.4425
924 1.4384 0.6866 273.0000 0.4065
924 1.3998 0.6845 275.5000 0.4416
924 1.3970 0.6883 270.0000 0.4404
924 1.3886 0.6856 274.0000 0.4467
924 1.4337 0.6672 286.0000 0.4286
924 1.4131 0.6970 264.5000 0.4225
64 1.2315 0.2891 35.0000 0.5814
79 1.6550 0.5380 31.5000 0.3097
928 1.4467 0.6800 282.0000 0.3511
928 1.4032 0.7117 249.5000 0.3984
928 1.4070 0.6972 267.0000 0.3826
928 1.4823 0.6843 278.5000 0.3092
453 1.1023 0.9647 16.0000 0.4162
453 1.0680 0.9834 7.5000 0.4736
453 1.0822 0.9735 12.0000 0.3553
453 1.0688 0.9823 8.0000 0.5097
453 1.0757 0.9823 8.0000 0.4714
453 1.0734 0.9845 7.0000 0.4261
453 1.0949 0.9636 16.5000 0.3746
453 1.0782 0.9846 7.0000 0.4344
24 1.3900 0.2273 11.5000 0.9466
22 1.0996 0.4091 12.0000 0.9466
465 1.1387 0.9011 45.5000 0.4077
52 1.1839 0.3366 26.0000 0.9786
210 1.4617 0.5381 86.5000 0.5521
120 1.2545 0.1500 95.0000 0.9831
62 1.1957 0.1613 48.5000 0.5223
48 1.2334 0.4167 20.0000 0.7015
48 1.2536 0.4167 21.0000 0.7015
49 1.3163 0.4184 24.0000 0.6433
48 1.1876 0.3750 24.0000 0.5778
48 1.1775 0.3958 24.0000 0.7792
48 1.3170 0.4479 22.0000 0.7480
48 1.2072 0.4375 23.0000 0.7425
48 1.3380 0.3854 23.0000 0.7015
48 1.2651 0.3125 24.0000 0.5575
48 1.2445 0.4167 21.0000 0.7041
36 2.2452 0.3429 19.0000 0.4052
98 1.2635 0.5306 41.0000 0.4385
50 1.2637 0.5600 21.0000 0.8670
44 1.1887 0.4048 20.0000 0.9741
944 1.4206 0.6993 264.5000 0.4055
84 1.1936 0.5595 34.0000 0.5863
65 1.2064 0.4923 30.5000 0.9091
242 1.4318 0.2975 134.0000 0.4477
242 1.4744 0.2954 133.0000 0.4005
73 1.0968 0.8630 10.0000 0.5064
87 1.1528 0.5805 36.5000 0.6709
87 1.1490 0.5632 37.0000 0.4791
87 1.1795 0.5862 36.0000 0.8264
86 1.3141 0.5291 37.0000 0.6648
84 1.1485 0.5179 38.0000 0.6389
51 1.3140 0.4200 28.0000 0.6469
51 1.2409 0.3878 27.0000 0.6157
51 1.2857 0.4100 28.0000 0.7267
51 1.2083 0.4216 28.0000 0.6663
51 1.2054 0.3725 29.0000 0.6888
51 1.2660 0.3922 29.0000 0.7071
51 1.2138 0.3627 28.0000 0.7807
51 1.1970 0.4400 27.0000 0.6625
51 1.2107 0.4400 26.5000 0.7267
51 1.2756 0.3922 29.0000 0.6663
51 1.2059 0.3137 29.0000 0.7071
51 1.2656 0.3922 28.0000 0.7071
51 1.2817 0.4314 29.0000 0.4480
51 1.2451 0.3922 29.0000 0.6888
924 1.4036 0.6856 273.5000 0.4179
86 1.2423 0.4884 40.0000 0.6098
86 1.2790 0.4535 40.5000 0.4929
13 2.2935 0.4615 7.0000 0.6945
14 1.3016 0.3928 8.5000 0.9079
14 1.2047 0.3571 9.0000 0.9079
14 1.4241 0.2500 10.0000 0.9079
14 1.2211 0.4286 8.0000 0.9079
15 1.2734 0.2667 11.0000 0.9215
15 1.2495 0.3333 10.0000 0.9215
15 1.3496 0.2667 10.5000 0.9215
15 1.4535 0.2000 11.0000 0.8239
34 1.2740 0.3971 17.0000 0.4635
35 1.2619 0.4000 18.0000 0.4353
46 1.7561 0.3696 24.0000 0.3749
35 1.2794 0.3714 19.0000 0.4527
32 1.3669 0.7188 9.0000 0.7960
31 1.2109 0.7258 8.0000 0.7575
32 1.2164 0.7344 8.5000 0.7762
32 1.2641 0.6875 10.0000 0.7578
73 1.1523 0.7671 17.0000 0.4783
73 1.1351 0.7055 20.5000 0.6180
73 1.1637 0.6986 22.0000 0.6184
73 1.1822 0.6643 24.0000 0.6315
73 1.1637 0.6986 22.0000 0.6184
73 1.1457 0.7191 20.0000 0.4756
73 1.1539 0.6301 26.5000 0.5176
75 1.2624 0.3467 43.0000 0.8716
42 1.2549 0.3571 26.0000 0.9677
42 1.3021 0.4048 24.0000 0.9677
42 1.1724 0.4048 24.0000 0.9363
42 1.2018 0.4286 23.0000 0.9677
909 1.5324 0.6381 301.5000 0.3519
941 1.4958 0.6499 304.5000 0.3582
947 1.5017 0.6701 289.5000 0.3606
946 1.3285 0.7352 236.5000 0.3647
946 1.3437 0.7415 236.5000 0.3488
946 1.3264 0.7527 226.5000 0.3800
946 1.3197 0.7590 222.0000 0.3832
70 1.1829 0.5000 27.0000 0.4042
621 1.8819 0.4840 263.0000 0.2203
37 1.3655 0.3243 20.0000 0.3911
949 1.3096 0.7840 198.0000 0.3494
949 1.3254 0.7782 202.0000 0.3242
949 1.3518 0.7718 206.0000 0.3436
447 1.3364 0.7964 88.0000 0.2812
35 1.2708 0.4706 17.0000 0.9113
85 1.2233 0.5294 32.5000 0.7407
90 1.3285 0.5444 36.5000 0.8139
90 1.2349 0.5222 40.0000 0.5177
90 1.2096 0.4723 41.0000 0.8757
90 1.2120 0.4834 40.5000 0.7854
90 1.2493 0.5556 34.5000 0.8132
86 1.1181 0.6221 31.0000 0.9286
42 1.1449 0.6250 16.0000 0.9447
57 1.6164 0.2632 31.0000 0.7568
58 1.6812 0.2759 33.0000 0.6450
58 1.5090 0.2759 34.0000 0.6503
58 1.5238 0.2414 33.0000 0.7883
130 1.4707 0.5430 52.0000 0.6752
63 1.2208 0.3710 32.0000 0.9467
63 1.2222 0.3710 32.0000 0.9467
62 1.5145 0.4098 30.5000 0.9297
58 1.4044 0.2586 33.0000 0.7042
58 1.5052 0.3103 31.0000 0.6647
17 1.1086 0.3125 11.0000 0.9092
17 1.2130 0.3750 8.5000 0.8099
66 1.3723 0.4924 29.0000 0.9329
61 1.4286 0.4584 29.0000 0.9036
63 1.4546 0.3968 33.0000 0.8990
66 1.3176 0.3712 34.5000 0.9091
66 1.3235 0.3636 36.0000 0.8848
174 1.4856 0.3793 87.0000 0.6720
118 1.2705 0.3390 63.0000 0.5435
118 1.3529 0.3687 67.0000 0.5080
55 1.2489 0.3396 30.0000 0.8841
55 1.3617 0.3727 29.0000 0.8625
90 1.2736 0.4333 41.5000 0.5821
55 1.3797 0.4000 28.0000 0.8653
55 1.3100 0.4727 26.0000 0.8832
55 1.2613 0.5000 26.0000 0.8788
73 1.0968 0.8630 10.0000 0.5064
949 1.3165 0.7772 203.0000 0.3630
37 1.3304 0.4167 18.0000 0.5613
38 1.2088 0.3784 18.0000 0.4686
239 1.5546 0.4310 114.0000 0.3440
498 1.0925 0.9709 14.5000 0.4340
64 1.2244 0.2500 34.0000 0.5828
457 1.0791 0.9781 10.0000 0.4585
481 1.0737 0.9792 10.0000 0.4957
457 1.0897 0.9628 17.0000 0.3912
457 1.0836 0.9737 12.0000 0.3590
737 1.4780 0.5760 279.5000 0.4103
802 1.4112 0.5779 302.5000 0.3911
853 1.3514 0.6313 287.5000 0.3972
844 1.4205 0.6327 281.0000 0.4498
886 1.4223 0.6462 289.0000 0.4566
881 1.4411 0.6294 300.5000 0.4449
469 1.1362 0.8422 71.0000 0.4311
63 1.2042 0.4344 26.0000 0.9637
47 1.2923 0.1915 37.5000 0.7741
62 1.2152 0.3084 33.0000 0.9637
881 1.1795 0.7417 211.5000 0.5164
66 1.3500 0.4375 34.0000 0.9048
104 1.2672 0.0882 88.5000 0.9899
120 1.3375 0.0721 101.0000 0.9913
80 1.2505 0.1154 68.5000 0.9866
104 1.2362 0.0784 86.0000 0.9899
120 1.3009 0.0763 103.0000 0.9913
80 1.2613 0.1154 67.5000 0.9866
69 1.2994 0.3260 40.5000 0.6063
69 1.2811 0.3188 40.0000 0.5970
69 1.2861 0.3043 42.0000 0.6804
69 1.3032 0.3260 40.0000 0.6226
69 1.3125 0.3044 41.5000 0.5706
69 1.2874 0.3260 41.0000 0.5327
69 1.2991 0.3333 41.0000 0.6659
69 1.2995 0.3043 42.0000 0.6513
69 1.2955 0.3188 41.0000 0.7050
69 1.2792 0.2898 41.5000 0.5706
68 1.2717 0.2941 42.0000 0.6390
72 1.3314 0.3056 42.0000 0.5472
72 1.2996 0.3194 42.0000 0.5928
72 1.3183 0.3056 42.0000 0.6041
72 1.2762 0.3333 42.0000 0.6880
87 1.2020 0.4941 38.0000 0.5815
61 1.4457 0.4416 30.0000 0.9036
52 1.1833 0.3366 26.0000 1.0000
52 1.1599 0.3942 26.5000 1.0000
52 1.1598 0.3942 26.5000 1.0000
52 1.1598 0.3942 26.5000 1.0000
52 1.1598 0.3942 26.5000 1.0000
52 1.1941 0.3173 29.0000 0.8821
52 1.1517 0.3077 26.0000 0.9353
90 1.2094 0.6723 25.5000 0.6160
95 1.2784 0.4947 43.0000 0.6810
79 1.1353 0.6203 28.5000 0.4584
