63 1.1894 0.7540 15.5000 0.6639
63 1.2175 0.6587 21.5000 0.2799
33 1.1560 0.6562 11.5000 0.7213
62 1.1101 0.5726 26.0000 0.7769
62 1.1831 0.5403 26.0000 0.7547
62 1.1772 0.5806 24.5000 0.5216
62 1.1690 0.5806 25.5000 0.5216
62 1.1688 0.5806 25.5000 0.5216
62 1.1688 0.5806 25.5000 0.5216
62 1.1700 0.5806 25.5000 0.5216
34 1.6209 0.4412 17.0000 0.2842
34 1.5810 0.4706 15.0000 0.2842
42 1.2329 0.4048 21.0000 0.8998
62 1.2306 0.5645 27.0000 0.5522
62 1.2098 0.6048 23.0000 0.7640
62 1.2306 0.5645 27.0000 0.5522
62 1.2098 0.6048 23.0000 0.7640
62 1.2306 0.5645 27.0000 0.5522
62 1.2098 0.6048 23.0000 0.7640
42 1.2096 0.6667 13.0000 0.7164
42 1.1762 0.8452 6.5000 0.6796
46 1.1906 0.5227 21.0000 0.9742
33 1.1789 0.5000 15.0000 0.8178
46 1.2012 0.4887 22.5000 0.9218
42 1.2039 0.3750 23.0000 0.8249
20 1.2642 0.2222 12.0000 0.9324
62 1.1886 0.5738 26.0000 0.4959
62 1.1737 0.5820 25.5000 0.4959
19 1.3236 0.2941 10.0000 0.9225
62 1.1729 0.5484 25.0000 0.7296
62 1.1729 0.5484 25.0000 0.7296
62 1.1601 0.4839 28.5000 0.5094
62 1.2340 0.6452 22.0000 0.3626
62 1.1844 0.6129 24.0000 0.5481
62 1.1884 0.6452 21.0000 0.5100
46 1.1551 0.5227 21.0000 0.9742
88 1.2921 0.5568 34.0000 0.6202
88 1.2882 0.6421 28.5000 0.6313
46 1.2471 0.3913 24.0000 0.6425
46 1.2843 0.4432 22.0000 0.8930
46 1.1755 0.3296 27.0000 0.9742
46 1.1848 0.4545 25.0000 0.9218
46 1.1640 0.4318 24.0000 0.9218
46 1.1886 0.3864 24.0000 0.9609
46 1.2374 0.3636 24.0000 0.9477
64 1.2803 0.5234 26.0000 0.7888
45 1.1112 0.5349 21.0000 0.8217
46 1.2545 0.4545 22.0000 0.8930
42 1.1322 0.7143 12.0000 0.7516
42 1.1181 0.6429 15.0000 0.7252
32 1.1455 0.7188 9.0000 0.7847
44 1.1311 0.5476 20.0000 0.7224
42 1.2332 0.5119 19.0000 0.9129
42 1.1684 0.8095 8.0000 0.5988
42 1.1486 0.5714 17.0000 0.9129
42 1.1922 0.5476 18.0000 0.6313
42 1.1915 0.4762 20.5000 0.7605
42 1.1680 0.6905 12.0000 0.6413
42 1.1462 0.3750 23.0000 0.8249
44 1.2163 0.7500 11.0000 0.6638
42 1.1146 0.8571 6.0000 0.6503
33 1.2527 0.4194 16.0000 0.7786
33 1.2210 0.5161 15.0000 0.4100
33 1.1869 0.5161 16.0000 0.7326
42 1.2536 0.4405 23.5000 0.5680
42 1.2251 0.6190 15.5000 0.8816
19 1.0773 0.5294 8.0000 0.8597
84 1.1746 0.5714 31.5000 0.2778
41 1.6711 0.3846 20.0000 0.1470
16 1.0956 0.3333 10.0000 0.6916
60 1.1434 0.6140 23.0000 0.5348
60 1.1480 0.6207 18.0000 0.8269
86 1.1894 0.6453 29.0000 0.8915
92 1.2309 0.5435 36.0000 0.6348
92 1.2712 0.5380 38.5000 0.8101
88 1.2841 0.5682 33.5000 0.6293
92 1.2683 0.5543 37.0000 0.9140
88 1.3083 0.5852 34.0000 0.9545
88 1.2891 0.5512 34.5000 0.6540
81 1.2024 0.6049 30.5000 0.8716
16 1.3443 0.3571 9.0000 0.9079
16 1.3059 0.4062 8.0000 0.9220
91 1.1660 0.5834 37.0000 0.8193
92 1.1484 0.5761 38.0000 0.7675
91 1.1556 0.5385 38.0000 0.7985
91 1.2527 0.5440 40.0000 0.8338
65 1.2291 0.4375 32.0000 0.8401
16 1.1630 0.2500 11.0000 0.9220
16 1.3618 0.1250 10.0000 0.9220
82 1.1551 0.5366 34.0000 0.5425
923 1.3348 0.6695 291.0000 0.3943
73 1.1176 0.8767 9.0000 0.2434
11 1.7320 0.4545 6.0000 0.7610
73 1.1772 0.6575 25.0000 0.3209
73 1.1931 0.6438 26.0000 0.3209
184 1.4074 0.3723 95.0000 0.4567
22 1.1950 0.0455 20.0000 0.6584
22 1.3067 0.3636 12.0000 0.6576
22 1.1429 0.1818 13.0000 0.9466
28 1.1341 0.4231 10.0000 0.9560
70 1.2190 0.5531 30.0000 0.7829
74 1.2632 0.5643 33.0000 0.7703
72 1.2306 0.5294 33.5000 0.8749
70 1.1940 0.5882 28.5000 0.8713
70 1.2926 0.6212 26.0000 0.9060
72 1.2166 0.5441 31.0000 0.8713
70 1.2274 0.5303 31.5000 0.8054
74 1.2042 0.4857 37.0000 0.8312
70 1.2237 0.5909 28.0000 0.8469
74 1.2210 0.5786 31.0000 0.9657
86 1.2111 0.5756 32.0000 0.8308
87 1.2805 0.5402 38.5000 0.7169
86 1.1961 0.6163 31.0000 0.8002
86 1.2421 0.4884 40.0000 0.6763
86 1.2174 0.5407 38.0000 0.7821
82 1.1321 0.5305 35.0000 0.6760
86 1.2007 0.5698 33.0000 0.8230
87 1.2174 0.5517 37.0000 0.8474
86 1.1728 0.6337 31.0000 0.7919
86 1.1875 0.5581 37.0000 0.6642
86 1.2051 0.5814 32.0000 0.8303
86 1.2226 0.4767 40.0000 0.6755
86 1.1916 0.6395 31.0000 0.8151
87 1.2498 0.5114 39.5000 0.6987
86 1.1866 0.6396 31.0000 0.6956
85 1.2599 0.5529 34.0000 0.6853
86 1.1551 0.6512 30.0000 0.7958
87 1.2777 0.5690 36.5000 0.8233
86 1.1863 0.5732 35.0000 0.8802
86 1.2288 0.5854 33.5000 0.9085
86 1.2170 0.5988 33.0000 0.8793
86 1.2082 0.6047 33.0000 0.9176
42 1.1038 0.7381 11.0000 0.8493
42 1.1455 0.7317 12.0000 0.2870
43 1.1468 0.7381 10.0000 0.2223
20 1.2211 0.4750 10.0000 0.8921
20 1.2418 0.4500 10.0000 0.8921
20 1.2251 0.5250 9.0000 0.8921
20 1.2700 0.4500 10.0000 0.8921
20 1.2865 0.4500 10.0000 0.8921
20 1.2311 0.4500 10.0000 0.8921
98 1.2994 0.5153 42.0000 0.8710
42 1.1407 0.6429 15.0000 0.9417
84 1.1391 0.7262 22.0000 0.6161
46 1.1831 0.4318 25.0000 0.9218
65 1.2704 0.3443 36.0000 0.0893
82 1.1557 0.6951 23.5000 0.6378
82 1.1840 0.7134 22.0000 0.6151
42 1.1942 0.5119 17.5000 0.8816
11 1.3048 0.4000 6.0000 0.6857
44 1.1725 0.6136 15.0000 0.8648
16 1.3236 0.2667 10.0000 0.9310
16 1.1682 0.2667 10.0000 0.7007
16 1.2824 0.2667 11.0000 1.0000
16 1.3616 0.2000 10.5000 0.8128
16 1.1959 0.2667 11.0000 1.0000
16 1.3263 0.1667 10.0000 0.8621
16 1.1988 0.2000 11.0000 1.0000
16 1.3708 0.4000 10.0000 0.8621
42 1.1802 0.7143 11.0000 0.7224
67 1.2634 0.4615 31.0000 0.7528
39 1.1905 0.4444 19.0000 0.9379
63 1.1638 0.7302 17.0000 0.9286
63 1.1376 0.6825 19.0000 0.5332
20 1.3256 0.5000 10.0000 0.7830
20 1.2712 0.3611 9.5000 0.9324
20 1.3646 0.6111 9.0000 0.9324
20 1.3939 0.3889 9.5000 0.9324
21 1.2540 0.5250 9.0000 0.7396
20 1.2771 0.3750 7.0000 0.6942
42 1.1633 0.6667 14.0000 0.9129
41 1.1677 0.7073 12.0000 0.4201
47 1.4388 0.5532 20.5000 0.7178
47 1.4608 0.5851 19.0000 0.6814
46 1.4555 0.5544 20.0000 0.7541
48 1.4689 0.5417 20.0000 0.8005
40 1.2077 0.6410 12.0000 0.9297
46 1.4825 0.2609 28.0000 0.5939
46 1.5811 0.2609 29.0000 0.6651
46 1.5737 0.3261 27.0000 0.6159
46 1.4575 0.3261 26.0000 0.5630
47 1.3640 0.2873 24.5000 0.6683
47 1.3724 0.4043 25.0000 0.5365
47 1.4160 0.3617 26.0000 0.5940
15 1.2946 0.0769 7.0000 0.8063
55 1.4417 0.2592 29.0000 0.2319
84 1.2530 0.5119 33.0000 0.4092
83 1.2474 0.4940 39.0000 0.3105
62 1.1787 0.5645 24.0000 0.7757
62 1.1700 0.5806 25.5000 0.5216
60 1.3031 0.1695 35.0000 0.6074
59 1.3458 0.2720 31.0000 0.5202
61 1.3090 0.2500 35.0000 0.5276
61 1.3704 0.2916 34.0000 0.5363
62 1.2306 0.5645 27.0000 0.5522
62 1.2098 0.6048 23.0000 0.7640
87 1.4311 0.4425 41.0000 0.3957
87 1.2678 0.4368 43.0000 0.3533
87 1.3559 0.4943 38.0000 0.3807
87 1.2696 0.4081 43.0000 0.4173
87 1.3239 0.4828 40.0000 0.5991
87 1.3097 0.4368 42.0000 0.5996
84 1.2693 0.6429 29.0000 0.5328
84 1.2883 0.6071 33.0000 0.6393
84 1.3227 0.6250 30.5000 0.4105
84 1.2693 0.6190 29.5000 0.6448
84 1.2824 0.6370 28.5000 0.6009
84 1.3635 0.5774 33.5000 0.6519
84 1.2860 0.6310 29.0000 0.5899
84 1.3733 0.5893 33.0000 0.5915
84 1.2646 0.6548 28.0000 0.6153
84 1.3237 0.5416 36.0000 0.6769
84 1.3243 0.7024 24.5000 0.4916
84 1.3280 0.5655 35.5000 0.6268
30 1.1878 0.2593 18.0000 1.0000
28 1.2925 0.3077 17.0000 0.9340
26 1.3459 0.2500 15.5000 0.8871
85 1.2862 0.5765 32.0000 0.2459
85 1.2766 0.6353 29.0000 0.4219
84 1.3186 0.6548 28.5000 0.3880
84 1.3019 0.6071 31.0000 0.6380
83 1.2193 0.6386 27.0000 0.2758
83 1.3650 0.4458 39.0000 0.4752
83 1.2527 0.5000 35.0000 0.5913
20 1.2858 0.4000 8.0000 0.6149
18 1.2938 0.1765 9.0000 0.9320
28 1.2146 0.3077 16.5000 0.9340
29 1.1668 0.3077 20.0000 0.8792
28 1.1847 0.3600 16.0000 1.0000
27 1.1706 0.4000 17.0000 0.9395
28 1.1329 0.2308 16.0000 0.9340
28 1.1596 0.3077 17.0000 1.0000
28 1.1804 0.2308 16.0000 1.0000
75 1.1810 0.5946 27.0000 0.7345
73 1.1176 0.8767 9.0000 0.2434
40 1.3939 0.4359 21.0000 0.7192
31 1.2493 0.3500 22.0000 0.8638
60 1.3779 0.2203 35.5000 0.4127
60 1.3536 0.2034 34.5000 0.3555
12 1.2109 0.5000 6.0000 0.7353
45 1.1339 0.2326 30.0000 0.8651
45 1.1982 0.5349 17.5000 0.9217
45 1.1712 0.4186 21.0000 0.9217
60 1.3634 0.2034 32.0000 0.5079
60 1.3803 0.2203 32.0000 0.4695
45 1.1721 0.1395 30.5000 0.8938
45 1.1639 0.2326 30.5000 0.8938
158 1.6191 0.5096 69.0000 0.0902
17 1.3776 0.4706 9.0000 0.4896
87 1.2798 0.4943 39.0000 0.5139
40 1.4601 0.3947 21.0000 0.8319
73 1.1164 0.8356 12.0000 0.4245
18 1.3907 0.6250 7.5000 0.2680
16 1.0892 0.7143 6.0000 1.0000
16 1.1045 0.6429 7.0000 0.8897
73 1.1415 0.7945 15.0000 0.4959
73 1.1236 0.8630 10.0000 0.4304
91 1.2384 0.4945 41.0000 0.4537
73 1.1151 0.8493 11.0000 0.5064
91 1.2692 0.4890 40.5000 0.5190
73 1.1028 0.9178 6.0000 0.4347
91 1.1850 0.5440 38.0000 0.6055
73 1.2054 0.7123 20.0000 0.7464
62 1.2437 0.5403 25.5000 0.5379
73 1.1719 0.6370 25.0000 0.3209
73 1.1364 0.6575 25.0000 0.3246
40 1.3510 0.4615 19.5000 0.9123
99 1.2822 0.6515 33.5000 0.3615
254 1.4642 0.5334 106.0000 0.5269
229 1.3820 0.4519 111.0000 0.4583
42 1.5377 0.3846 24.0000 0.7192
25 1.2987 0.5434 11.0000 0.7961
25 1.2962 0.5217 11.0000 0.7961
25 1.2947 0.6087 10.0000 0.6652
25 1.2552 0.5870 10.5000 0.9111
22 1.2294 0.1818 13.0000 0.9334
83 1.1635 0.6988 24.0000 0.6161
85 1.2104 0.6706 27.0000 0.5475
82 1.2086 0.7317 22.0000 0.4173
83 1.2110 0.7805 19.0000 0.4105
169 1.3571 0.4911 73.5000 0.4690
910 1.4558 0.6423 299.5000 0.1671
146 1.2818 0.4760 66.5000 0.5465
20 1.3464 0.6111 8.0000 0.9324
15 1.3089 0.0000 8.5000 0.8063
59 1.3338 0.2069 33.0000 0.6304
59 1.3851 0.2414 31.5000 0.5751
73 1.1044 0.9109 6.5000 0.4737
73 1.1187 0.9041 7.0000 0.4635
73 1.1092 0.9315 5.0000 0.4737
73 1.0853 0.9178 6.0000 0.4737
73 1.0852 0.9178 6.0000 0.4737
73 1.0955 0.9178 6.0000 0.4635
103 1.2580 0.6019 37.0000 0.5628
40 1.4549 0.3333 23.0000 0.6737
40 1.4808 0.5000 20.0000 0.9122
40 1.4374 0.5131 19.5000 0.7986
40 1.4344 0.4615 21.0000 0.7696
40 1.3991 0.4615 20.0000 0.6774
40 1.4023 0.4615 19.5000 0.6598
40 1.4215 0.4615 20.5000 0.6598
40 1.4123 0.4615 20.0000 0.7444
44 1.0933 0.8571 8.0000 0.8493
44 1.1554 0.6667 15.0000 0.8216
101 1.2589 0.6238 37.0000 0.4024
103 1.2750 0.6019 38.0000 0.5745
41 1.1993 0.6098 16.0000 0.8105
42 1.1205 0.4762 22.0000 0.6194
295 1.4171 0.4542 135.5000 0.7215
176 1.4386 0.4659 81.5000 0.5081
296 1.4062 0.5068 133.0000 0.4672
59 1.3093 0.2586 33.0000 0.4890
29 1.1710 0.3077 17.0000 1.0000
12 1.3313 0.2500 8.0000 0.6969
12 1.4303 0.2083 8.0000 0.6969
12 1.3587 0.0833 8.0000 0.3234
12 1.3722 0.2500 8.0000 0.6969
12 1.2198 0.7500 3.0000 0.3234
12 1.2544 0.4167 7.0000 0.3234
12 1.2553 0.3750 7.5000 0.5101
12 1.2197 0.5000 6.0000 0.3234
12 1.1891 0.4167 7.0000 0.3234
45 1.1311 0.4643 20.0000 0.9741
87 1.2591 0.4425 40.5000 0.5856
87 1.3431 0.4535 39.5000 0.4968
95 1.1816 0.5532 40.5000 0.9007
238 1.4990 0.5063 106.0000 0.6456
95 1.4547 0.4421 40.0000 0.2801
95 1.3776 0.4632 43.0000 0.0503
13 1.3723 0.3333 5.0000 0.4893
13 1.4283 0.3333 6.5000 0.4063
64 1.2128 0.5312 25.0000 0.5677
64 1.1634 0.4844 27.0000 0.6040
64 1.2197 0.4688 33.0000 0.6204
28 1.4044 0.5000 14.0000 0.6671
29 1.3188 0.2759 14.0000 0.3485
29 1.3747 0.3793 17.0000 0.2153
41 1.4732 0.3171 26.0000 0.6777
87 1.2159 0.5344 37.0000 0.3288
621 1.3889 0.6409 200.0000 0.1920
621 1.3760 0.6498 198.5000 0.1762
19 1.3196 0.2222 10.0000 0.8507
40 1.3411 0.3947 21.0000 0.6514
40 1.3718 0.4103 20.0000 0.8320
40 1.4496 0.4211 21.0000 0.7191
157 1.4585 0.7006 40.5000 0.2620
157 1.4621 0.7070 41.0000 0.3038
163 1.2741 0.5062 74.0000 0.7766
97 1.1637 0.7526 24.0000 0.8999
23 1.2971 0.5217 11.0000 0.5729
386 1.4381 0.5155 166.5000 0.5054
18 1.2271 0.5556 8.0000 0.9324
19 1.1155 0.5263 8.0000 0.8768
14 1.0961 0.2308 11.0000 0.8607
25 1.3586 0.4600 13.0000 0.8301
25 1.3586 0.4600 13.0000 0.8301
25 1.3858 0.5000 12.0000 0.8769
25 1.4473 0.4400 13.0000 0.7867
25 1.6158 0.4000 13.0000 0.4645
25 1.2537 0.3600 16.0000 0.7255
34 1.2495 0.2647 21.0000 1.0000
923 1.3749 0.5298 393.0000 0.3468
923 1.4232 0.4945 415.5000 0.4588
29 1.3643 0.4483 16.0000 0.9118
26 1.3359 0.5417 12.0000 0.7251
26 1.3074 0.5417 12.0000 0.9113
26 1.3073 0.5417 12.0000 0.9113
217 1.3659 0.4677 104.5000 0.4574
458 1.1597 0.8275 73.0000 0.3440
54 1.2679 0.3426 29.0000 0.7695
43 1.2138 0.3488 26.0000 0.7374
25 1.2610 0.5600 8.0000 0.4910
62 1.1511 0.6048 23.5000 0.5216
20 1.2526 0.5000 10.0000 1.0000
20 1.2078 0.4500 9.0000 1.0000
20 1.1544 0.4500 11.0000 1.0000
20 1.1762 0.5000 10.0000 1.0000
19 1.0759 0.1579 16.0000 0.9327
43 1.2812 0.3721 25.0000 0.7904
98 1.2296 0.6173 34.5000 0.6494
55 1.6629 0.2700 31.0000 0.6481
55 1.8197 0.3208 32.5000 0.5371
63 1.2336 0.3934 33.5000 0.9733
944 1.5632 0.5737 365.5000 0.4828
944 1.4550 0.6310 322.0000 0.3732
402 1.1282 0.8396 61.5000 0.4338
109 1.3155 0.4174 56.5000 0.7582
130 1.4300 0.3962 68.0000 0.7175
20 1.1819 0.2632 14.0000 0.2741
98 1.3216 0.4948 42.0000 0.7578
146 1.1727 0.7774 32.5000 0.6812
453 1.0938 0.8951 45.5000 0.5038
146 1.1583 0.8082 28.0000 0.7689
453 1.1042 0.8985 46.0000 0.4968
54 1.2891 0.3055 28.0000 0.8807
85 1.2114 0.4824 36.5000 0.5685
87 1.2788 0.5287 36.5000 0.5845
472 1.0604 0.9788 10.0000 0.0602
927 1.4413 0.6364 314.5000 0.3908
924 1.4405 0.6434 308.0000 0.3838
924 1.4365 0.6423 314.0000 0.4156
924 1.3906 0.6645 294.0000 0.4061
924 1.4097 0.6628 297.5000 0.3869
924 1.3984 0.6363 315.0000 0.4585
924 1.4271 0.6575 302.5000 0.4034
64 1.2130 0.5312 25.0000 0.5677
79 1.2687 0.5000 36.0000 0.4284
928 1.3812 0.6514 306.0000 0.3895
928 1.3079 0.6589 304.0000 0.4116
928 1.3663 0.6632 296.0000 0.3750
928 1.3407 0.6417 312.0000 0.3482
453 1.0702 0.9801 9.0000 0.4981
453 1.0544 0.9868 6.0000 0.4524
453 1.0661 0.9845 7.0000 0.4554
453 1.0609 0.9845 7.0000 0.6111
453 1.0718 0.9735 12.0000 0.3769
453 1.0684 0.9857 6.5000 0.4919
453 1.0769 0.9691 14.0000 0.3824
453 1.0583 0.9845 7.0000 0.4818
24 1.1198 0.2727 13.0000 0.8906
22 1.2489 0.2727 13.0000 0.9466
465 1.1081 0.8742 56.5000 0.2847
52 1.2252 0.2885 29.0000 0.9152
210 1.5732 0.4738 95.0000 0.5557
120 1.1991 0.1625 96.0000 0.9831
62 1.2035 0.1613 41.0000 0.5223
48 1.1873 0.5833 15.0000 0.8209
48 1.1986 0.5625 15.0000 0.8806
49 1.1951 0.6122 15.0000 0.8872
48 1.1755 0.5417 19.0000 0.8467
48 1.1714 0.5417 18.0000 0.8209
48 1.2225 0.5625 19.0000 0.5224
48 1.2239 0.4583 21.0000 0.8778
48 1.2417 0.4896 20.0000 0.8209
48 1.2329 0.4792 21.0000 0.8467
48 1.2046 0.5521 17.0000 0.8467
98 1.2488 0.4643 45.0000 0.2717
50 1.2166 0.5400 22.0000 0.9003
44 1.2316 0.3333 22.0000 0.9741
944 1.3769 0.6607 305.5000 0.3843
84 1.1640 0.5238 36.0000 0.5997
65 1.1859 0.7154 18.5000 0.8557
242 1.6442 0.3926 123.5000 0.3917
242 1.6322 0.3843 124.5000 0.4078
73 1.1196 0.9041 7.0000 0.3550
87 1.2102 0.5747 34.0000 0.4966
87 1.2244 0.5517 35.5000 0.7254
87 1.1870 0.6322 30.5000 0.5626
86 1.2683 0.4826 41.0000 0.4195
84 1.2451 0.5297 36.5000 0.4728
51 1.1974 0.5400 23.0000 0.5951
51 1.2204 0.5510 23.5000 0.6334
51 1.2316 0.5200 24.0000 0.7576
51 1.2343 0.5294 23.0000 0.8646
51 1.1972 0.5196 24.0000 0.4803
51 1.1933 0.5686 22.0000 0.4187
51 1.2870 0.5686 22.0000 0.7241
51 1.2851 0.5100 22.5000 0.7129
51 1.2779 0.5200 23.0000 0.7267
51 1.3336 0.5294 22.0000 0.8348
51 1.2656 0.5588 22.0000 0.8118
51 1.3034 0.6275 18.0000 0.8001
51 1.2976 0.5490 22.0000 0.6862
51 1.2970 0.5196 22.0000 0.8437
924 1.4155 0.6509 307.0000 0.3953
86 1.2243 0.4651 38.0000 0.6287
86 1.2268 0.5116 36.0000 0.4365
13 1.2869 0.4615 7.0000 0.6945
14 1.2241 0.1429 12.0000 0.9079
14 1.3063 0.1429 12.0000 0.9079
14 1.1886 0.0714 12.5000 0.9079
14 1.2606 0.0714 13.0000 0.9079
15 1.2409 0.1333 13.0000 0.9215
15 1.1819 0.2667 10.0000 0.9215
15 1.1654 0.2000 11.0000 0.9215
15 1.3133 0.1333 12.0000 0.8239
34 1.2671 0.3235 19.0000 0.5010
35 1.2877 0.3714 20.0000 0.7429
46 1.4106 0.3369 27.0000 0.3790
35 1.2796 0.3714 20.0000 0.6251
32 1.1993 0.7188 9.0000 0.7960
31 1.2356 0.7419 8.0000 0.7209
32 1.0984 0.7812 7.0000 0.8503
32 1.1374 0.6562 11.0000 0.7578
73 1.2058 0.6781 22.5000 0.3682
73 1.1858 0.8014 14.5000 0.4903
73 1.1717 0.7534 15.5000 0.4541
73 1.1364 0.8219 13.0000 0.2800
73 1.1741 0.7534 15.5000 0.4541
73 1.1458 0.8219 13.0000 0.4538
73 1.1785 0.7123 20.0000 0.5176
75 1.2737 0.4000 42.0000 0.8260
42 1.2079 0.3810 24.5000 0.9677
42 1.2597 0.4524 21.5000 0.9363
42 1.2248 0.3810 24.0000 0.9363
42 1.1850 0.4048 22.0000 0.9520
909 1.4587 0.6854 265.0000 0.3628
941 1.4401 0.6934 270.0000 0.3649
947 1.4459 0.7048 260.5000 0.3425
946 1.4519 0.6929 273.0000 0.4510
946 1.4425 0.6781 284.5000 0.3994
946 1.4140 0.6966 272.0000 0.4250
946 1.4281 0.6903 272.5000 0.4117
70 1.2271 0.6857 21.0000 0.3666
621 1.5783 0.5656 242.5000 0.1996
37 1.2654 0.4054 20.5000 0.5529
949 1.2730 0.7291 244.0000 0.3315
949 1.2910 0.7260 247.0000 0.3861
949 1.2594 0.7366 239.0000 0.3407
447 1.1120 0.8121 82.0000 0.1976
35 1.3050 0.3971 19.5000 0.8930
85 1.1583 0.6765 24.5000 0.4604
90 1.2455 0.4667 45.5000 0.5958
90 1.2506 0.4889 43.0000 0.9100
90 1.2585 0.4222 45.0000 0.7993
90 1.2892 0.4056 46.5000 0.3920
90 1.1944 0.4945 44.0000 0.8704
86 1.1951 0.6279 30.5000 0.7149
42 1.1997 0.4000 22.5000 0.9447
57 1.3167 0.4035 28.0000 0.4966
58 1.3942 0.3793 31.5000 0.4976
58 1.3538 0.3276 33.0000 0.4993
58 1.4149 0.3707 30.5000 0.4993
130 1.3599 0.5195 55.0000 0.6534
63 1.1948 0.3710 33.0000 0.9281
63 1.1956 0.3710 33.0000 0.9281
62 1.2092 0.4426 30.0000 0.9507
58 1.3475 0.3880 31.5000 0.5341
58 1.3242 0.3621 29.5000 0.4914
17 1.1953 0.4375 10.0000 0.9092
17 1.2557 0.3125 9.0000 0.9092
66 1.2489 0.5152 28.5000 0.8597
61 1.2542 0.3834 34.0000 0.8987
63 1.2657 0.4206 31.0000 0.9019
66 1.2658 0.4621 30.0000 0.9038
66 1.2484 0.4773 31.5000 0.8911
174 1.4693 0.3765 90.0000 0.5906
118 1.3115 0.3687 62.0000 0.5372
118 1.3512 0.3390 63.5000 0.7369
55 1.3080 0.4245 26.5000 0.9260
55 1.2297 0.3727 28.0000 0.8823
90 1.2426 0.4000 41.0000 0.5484
55 1.2704 0.4182 27.5000 0.9261
55 1.2272 0.4000 27.0000 0.9033
55 1.2420 0.3636 27.0000 0.9284
73 1.1197 0.9041 7.0000 0.3550
949 1.2862 0.7329 241.0000 0.3668
37 1.2760 0.2778 22.0000 0.4922
38 1.3138 0.2703 22.5000 0.4952
239 1.4337 0.4749 113.0000 0.3357
498 1.0841 0.9518 24.0000 0.5300
64 1.2195 0.4531 28.5000 0.5968
457 1.0660 0.9781 10.0000 0.5144
481 1.0692 0.9667 16.0000 0.5937
457 1.0628 0.9803 9.0000 0.4836
457 1.0646 0.9792 9.5000 0.4827
737 1.5084 0.5380 314.5000 0.4943
802 1.4774 0.5480 330.0000 0.5291
853 1.4974 0.5833 326.0000 0.5172
844 1.4575 0.5877 324.0000 0.4909
886 1.4622 0.5994 330.5000 0.4852
881 1.4791 0.5738 340.5000 0.4429
469 1.0992 0.8263 77.5000 0.3938
63 1.2302 0.4262 34.5000 0.9637
47 1.2258 0.1276 40.5000 0.9179
62 1.2150 0.4000 28.0000 0.9637
881 1.2690 0.7429 212.5000 0.5791
66 1.2976 0.4531 34.0000 0.8613
104 1.2238 0.0392 89.0000 0.9899
120 1.2376 0.0424 104.5000 0.9913
80 1.2364 0.1538 62.0000 0.9866
104 1.2262 0.1176 90.0000 0.9899
120 1.2296 0.0763 105.0000 0.9913
80 1.2673 0.2308 59.0000 0.9866
69 1.3114 0.4493 34.0000 0.7296
69 1.2828 0.4928 32.5000 0.7237
69 1.2982 0.4566 34.5000 0.6878
69 1.2987 0.4420 35.5000 0.6804
69 1.2834 0.4783 34.0000 0.7296
69 1.2544 0.4638 34.0000 0.6341
69 1.2663 0.4638 33.0000 0.5819
69 1.2523 0.4783 33.0000 0.7296
69 1.2879 0.4638 34.0000 0.6041
69 1.2668 0.4783 34.0000 0.7237
68 1.3451 0.3971 35.5000 0.7357
72 1.3180 0.4306 34.0000 0.7600
72 1.3358 0.4583 34.0000 0.7298
72 1.3121 0.4306 34.0000 0.7298
72 1.2831 0.4167 34.5000 0.7298
87 1.1933 0.5294 37.0000 0.6325
61 1.2250 0.4083 32.5000 0.8987
52 1.1940 0.2981 24.0000 0.9567
52 1.1980 0.3846 27.0000 1.0000
52 1.1968 0.3846 27.0000 1.0000
52 1.1968 0.3846 27.0000 1.0000
52 1.1968 0.3846 27.0000 1.0000
52 1.2418 0.3077 25.5000 0.8690
52 1.1997 0.3462 25.0000 0.8872
90 1.1729 0.5277 39.0000 0.4368
95 1.2448 0.5158 45.5000 0.4142
79 1.1843 0.6519 26.0000 0.3947
