63 1.2100 0.5556 24.0000 0.4726
63 1.2123 0.7143 18.0000 0.6806
33 1.2462 0.4844 16.0000 0.7578
62 1.1790 0.7419 16.0000 0.5761
62 1.1520 0.7419 15.0000 0.6074
62 1.1937 0.7258 16.0000 0.3525
62 1.1936 0.7258 16.0000 0.3525
62 1.1936 0.7258 16.0000 0.3525
62 1.1937 0.7258 16.0000 0.3525
62 1.1942 0.7097 17.0000 0.3525
34 1.5518 0.3971 18.0000 0.2842
34 1.4530 0.3824 18.0000 0.2842
34 1.5330 0.4265 17.5000 0.2842
42 1.3025 0.6190 14.0000 0.9129
62 1.2021 0.6694 19.0000 0.5927
62 1.1631 0.8065 11.0000 0.5856
62 1.2021 0.6694 19.0000 0.5927
62 1.1631 0.8065 11.0000 0.5856
62 1.2021 0.6694 19.0000 0.5927
62 1.1631 0.8065 11.0000 0.5856
42 1.3022 0.5357 17.0000 0.7380
42 1.2275 0.6429 14.0000 0.8646
46 1.2552 0.5569 20.0000 0.8652
33 1.1624 0.6250 12.0000 0.5631
46 1.2897 0.5000 22.0000 0.8652
42 1.1657 0.6000 17.0000 0.8105
20 1.2177 0.0000 14.0000 0.9324
62 1.1793 0.7377 16.0000 0.5251
62 1.1600 0.7213 17.0000 0.5251
19 1.3459 0.1765 10.5000 0.9225
62 1.1877 0.7419 15.0000 0.6074
62 1.1877 0.7419 15.0000 0.6074
62 1.2338 0.7258 16.0000 0.3889
62 1.1696 0.7742 12.5000 0.3725
62 1.2449 0.7581 14.0000 0.3675
62 1.2082 0.7177 15.0000 0.3642
46 1.2149 0.4318 25.0000 0.8050
88 1.3727 0.5227 40.0000 0.6648
88 1.3808 0.5738 35.5000 0.6419
46 1.2430 0.3913 25.0000 0.6807
46 1.2222 0.2955 24.0000 0.9249
46 1.1875 0.3068 26.0000 0.8099
46 1.2700 0.5000 23.0000 0.8652
46 1.2001 0.4318 24.0000 0.8638
46 1.2343 0.4773 24.0000 0.8099
46 1.2365 0.4318 24.0000 0.8925
64 1.2429 0.5156 25.0000 0.8827
45 1.1606 0.6977 15.0000 0.7255
46 1.1631 0.7045 12.0000 0.8380
42 1.2087 0.5952 15.0000 0.8799
42 1.2307 0.6429 13.0000 0.8799
32 1.1520 0.5938 11.0000 0.8324
44 1.2761 0.5714 19.0000 0.8107
42 1.2471 0.6429 15.0000 0.9417
42 1.1674 0.7381 11.0000 0.6831
42 1.1965 0.4762 17.0000 0.9121
42 1.2589 0.4286 19.0000 0.8255
42 1.2498 0.5714 18.0000 0.7655
42 1.1513 0.7857 9.0000 0.7516
42 1.1662 0.6750 15.0000 0.8249
44 1.2507 0.6478 15.0000 0.7876
42 1.2144 0.8810 5.0000 0.5555
33 1.2011 0.1935 21.0000 0.6647
42 1.3949 0.4048 23.0000 0.7546
42 1.1850 0.5952 13.0000 0.8216
19 1.4347 0.4706 10.0000 0.8209
84 1.4232 0.5714 32.0000 0.5460
41 1.2727 0.4103 23.0000 0.1097
16 1.2885 0.3333 8.0000 0.2513
60 1.2301 0.5351 26.0000 0.6439
60 1.2461 0.4655 29.0000 0.5758
41 1.3383 0.3947 22.0000 0.2437
86 1.2459 0.5930 33.0000 0.5934
92 1.2187 0.4403 45.0000 0.9046
92 1.2645 0.3859 43.5000 0.7323
88 1.2541 0.4432 42.5000 0.7332
92 1.3712 0.4728 41.5000 0.8135
88 1.3353 0.4432 42.0000 0.8372
88 1.3293 0.4262 38.5000 0.9633
81 1.3216 0.4506 40.0000 0.8716
16 1.2614 0.5714 8.0000 0.9079
16 1.2839 0.5625 7.0000 0.9220
91 1.1511 0.6000 35.0000 0.8494
92 1.1989 0.5217 37.0000 0.8473
91 1.2319 0.5824 34.0000 0.8605
91 1.2215 0.5055 38.5000 0.8207
65 1.2644 0.5000 28.0000 0.6663
16 1.1738 0.5000 8.0000 0.9220
16 1.1084 0.5000 8.0000 0.9220
82 1.3292 0.5854 31.0000 0.5792
923 1.4427 0.6685 285.5000 0.3734
73 1.1427 0.8630 10.0000 0.4737
11 1.9479 0.4545 6.0000 0.2756
73 1.3178 0.5616 30.0000 0.4706
73 1.3159 0.5548 30.5000 0.4243
184 1.3211 0.3913 92.0000 0.4525
22 1.2215 0.0455 17.0000 0.9466
22 1.2800 0.1137 14.0000 0.5197
22 1.1182 0.3182 11.0000 0.9466
28 1.1940 0.3269 16.0000 0.9560
70 1.3089 0.4545 35.0000 0.8654
74 1.2860 0.5143 33.0000 0.9144
72 1.3176 0.3382 36.0000 0.8576
70 1.3677 0.3824 35.0000 0.8882
70 1.2957 0.4848 32.0000 0.8712
72 1.3425 0.4706 31.5000 0.8713
70 1.2691 0.5000 33.0000 0.9057
74 1.2610 0.5286 32.0000 0.9125
70 1.2495 0.5455 31.0000 0.8295
74 1.2315 0.5714 32.0000 0.8770
86 1.2248 0.5000 33.5000 0.8151
87 1.2196 0.5172 35.5000 0.8208
86 1.2287 0.5058 33.5000 0.8151
86 1.1929 0.5814 31.0000 0.8458
86 1.2380 0.5639 33.0000 0.8324
82 1.1780 0.5732 31.0000 0.5350
86 1.2066 0.4651 34.5000 0.8378
87 1.1721 0.5459 36.0000 0.8542
86 1.2157 0.5233 33.5000 0.7993
86 1.1635 0.5116 37.0000 0.7804
86 1.2591 0.5349 35.0000 0.7862
86 1.1490 0.5581 33.5000 0.7712
86 1.2338 0.5058 34.0000 0.8213
87 1.2117 0.5517 34.0000 0.6759
86 1.2087 0.5058 34.0000 0.7911
85 1.2303 0.5882 33.5000 0.8131
86 1.2224 0.5465 33.5000 0.7924
87 1.2388 0.5517 35.0000 0.8266
86 1.2297 0.6951 28.0000 0.9260
86 1.2329 0.6829 28.5000 0.9260
86 1.2037 0.5814 34.0000 0.8867
86 1.2121 0.6337 31.0000 0.8704
42 1.2258 0.7381 9.5000 0.8799
42 1.1681 0.6829 13.0000 0.2242
43 1.2078 0.6190 17.0000 0.1294
20 1.3727 0.3000 13.0000 0.7949
20 1.3671 0.3000 13.0000 0.8435
20 1.3468 0.3000 13.0000 0.8921
20 1.3148 0.3000 13.0000 0.7949
20 1.3553 0.3000 13.0000 0.8435
20 1.3695 0.3000 13.0000 0.7949
98 1.3277 0.5561 40.5000 0.5721
42 1.2353 0.5952 12.0000 0.9129
84 1.1999 0.6965 25.5000 0.5512
46 1.2683 0.4091 24.0000 0.8652
82 1.1736 0.6890 25.0000 0.4324
82 1.2723 0.6037 31.5000 0.5635
42 1.1867 0.5000 18.5000 0.8866
11 1.6430 0.2000 7.0000 0.6857
44 1.1667 0.5682 19.0000 0.8549
16 1.5173 0.5333 7.0000 0.3917
16 1.3867 0.6000 7.0000 0.4866
16 1.4053 0.6000 7.0000 0.3917
16 1.4553 0.3333 8.5000 0.8128
16 1.4501 0.8667 3.0000 0.3917
16 1.4625 0.6000 7.0000 1.0000
16 1.5672 0.7333 5.0000 0.3917
16 1.3855 0.7667 4.0000 0.3917
42 1.2468 0.6429 13.0000 0.8460
67 1.2492 0.5000 32.0000 0.7104
39 1.1621 0.5000 20.0000 0.9379
63 1.1610 0.6667 20.5000 0.9286
63 1.1650 0.6190 22.0000 0.9286
20 1.2425 0.1667 15.0000 0.2311
20 1.2075 0.3333 9.5000 0.9324
20 1.1978 0.2222 11.0000 0.9324
20 1.1924 0.3333 14.0000 0.9324
21 1.2102 0.3500 10.5000 0.7893
20 1.3481 0.3000 9.0000 0.4836
42 1.2208 0.5595 13.5000 0.9129
41 1.2277 0.5976 16.0000 0.1609
47 1.6018 0.4468 24.5000 0.8004
47 1.5284 0.4043 26.0000 0.8562
46 1.5563 0.4130 25.0000 0.7772
48 1.5603 0.3958 26.5000 0.8005
40 1.1875 0.5897 15.0000 0.7544
46 1.5212 0.3913 25.0000 0.6304
46 1.3939 0.4783 22.0000 0.4793
46 1.2984 0.4130 24.0000 0.7549
46 1.4910 0.3804 24.0000 0.5054
47 1.2755 0.4575 22.0000 0.5365
47 1.4355 0.3191 28.5000 0.5968
15 1.3106 0.4615 8.0000 0.8063
55 1.4025 0.3241 29.0000 0.2381
84 1.3647 0.4762 41.0000 0.5245
83 1.3863 0.4819 37.0000 0.4535
62 1.1941 0.7177 16.5000 0.5756
62 1.1941 0.7097 17.0000 0.3525
60 1.4307 0.3898 29.5000 0.6751
59 1.4886 0.3860 29.0000 0.8160
61 1.3481 0.3667 33.0000 0.6692
61 1.3895 0.3667 32.5000 0.7057
62 1.2021 0.6694 19.0000 0.5927
62 1.1631 0.8065 11.0000 0.5856
87 1.3321 0.4598 41.0000 0.5292
87 1.3873 0.5114 40.0000 0.4259
87 1.3016 0.5000 41.0000 0.4070
87 1.3817 0.4886 41.5000 0.4886
87 1.3153 0.4886 42.0000 0.6225
87 1.3139 0.5172 40.0000 0.5265
84 1.3611 0.5119 40.0000 0.4280
84 1.2709 0.5179 39.0000 0.6230
84 1.3497 0.4881 39.0000 0.5899
84 1.2908 0.5476 35.0000 0.4922
84 1.4554 0.5416 37.0000 0.6194
84 1.2533 0.5238 38.0000 0.7099
84 1.4567 0.5060 39.5000 0.6148
84 1.2517 0.5179 38.5000 0.7089
84 1.3959 0.5179 40.0000 0.4550
84 1.2073 0.5000 39.0000 0.5591
84 1.4300 0.5119 39.0000 0.5547
84 1.2608 0.4762 40.0000 0.4687
30 1.3845 0.4444 15.0000 0.8794
28 1.3163 0.5000 13.0000 0.8329
26 1.2937 0.4167 13.0000 0.9242
85 1.4703 0.5059 39.5000 0.1727
85 1.4457 0.5294 36.0000 0.2694
84 1.4424 0.5297 37.5000 0.3216
84 1.3221 0.5179 39.0000 0.6262
83 1.3026 0.5422 35.0000 0.1995
83 1.3266 0.5542 35.0000 0.4911
83 1.4291 0.5241 37.0000 0.4454
20 1.6395 0.5000 8.5000 0.6581
18 1.2733 0.4412 9.0000 0.8597
28 1.3142 0.5384 13.0000 0.8792
29 1.2904 0.3846 15.0000 1.0000
28 1.2841 0.4600 14.0000 0.9339
27 1.2181 0.5200 14.0000 0.8790
28 1.1882 0.3654 14.0000 0.9670
28 1.2797 0.4038 14.0000 0.9340
28 1.3455 0.4231 14.0000 0.9340
75 1.2725 0.6081 25.5000 0.4123
73 1.1429 0.8630 10.0000 0.4737
40 1.4008 0.4615 19.0000 0.9123
31 1.4367 0.4000 18.0000 0.8638
60 1.4675 0.2712 33.0000 0.6283
60 1.4372 0.3305 32.0000 0.4063
12 1.2864 0.5000 6.0000 0.7353
45 1.1897 0.2326 29.0000 0.8938
45 1.2126 0.3256 22.0000 0.8938
45 1.2527 0.3023 21.0000 0.8672
60 1.4619 0.2712 33.0000 0.5874
60 1.5261 0.2881 34.0000 0.5957
45 1.2131 0.2558 27.0000 0.8651
45 1.2042 0.2326 29.0000 0.7024
158 1.8565 0.4618 79.5000 0.0884
17 1.8647 0.4706 8.5000 0.4896
87 1.3122 0.5058 40.0000 0.5847
40 1.3637 0.4211 23.0000 0.8319
73 1.2024 0.8082 14.0000 0.4059
18 1.2215 0.3125 10.0000 0.2680
16 1.3264 0.2857 8.0000 0.8897
16 1.3887 0.4286 10.0000 0.8897
73 1.2022 0.8356 12.0000 0.4852
73 1.1946 0.8082 14.0000 0.4959
91 1.2620 0.5275 40.0000 0.5114
73 1.1426 0.8630 10.0000 0.5064
91 1.2834 0.5055 40.0000 0.5333
73 1.1556 0.8767 9.0000 0.4959
91 1.1856 0.5385 38.5000 0.6490
73 1.2732 0.6301 27.0000 0.5008
62 1.2054 0.7016 17.0000 0.3642
73 1.2833 0.5479 31.0000 0.3856
73 1.2842 0.5479 30.5000 0.4662
40 1.3167 0.5128 19.0000 0.9123
99 1.3701 0.5354 38.0000 0.5218
254 1.4675 0.4705 116.0000 0.5113
229 1.5915 0.4912 103.0000 0.5084
42 1.6249 0.4487 19.5000 0.9123
25 1.2697 0.7826 7.0000 0.7961
25 1.2363 0.7826 7.0000 0.7961
25 1.3476 0.6740 9.5000 0.6652
25 1.3058 0.7391 7.5000 0.9111
22 1.1611 0.0000 13.0000 0.9334
83 1.2351 0.6506 27.5000 0.5581
85 1.3096 0.6647 26.5000 0.5934
82 1.3028 0.6646 27.0000 0.5787
83 1.3041 0.7561 19.5000 0.5519
169 1.3188 0.4793 78.0000 0.2753
910 1.4583 0.6505 290.5000 0.1502
146 1.2927 0.5205 64.0000 0.4486
20 1.1607 0.2778 14.0000 0.9324
15 1.3138 0.5385 7.0000 0.8063
59 1.4323 0.3534 30.5000 0.6649
59 1.4461 0.2931 32.0000 0.6239
73 1.1416 0.7534 17.0000 0.4737
73 1.1825 0.7945 14.5000 0.4585
73 1.1357 0.8493 11.0000 0.4737
73 1.1523 0.7671 17.0000 0.4737
73 1.1520 0.7808 16.0000 0.4737
73 1.1616 0.8014 14.5000 0.4635
103 1.4279 0.5776 41.0000 0.4689
40 1.4519 0.3077 21.5000 0.7010
40 1.3596 0.4211 22.0000 0.9122
40 1.4014 0.4211 21.5000 0.7986
40 1.7016 0.4359 21.0000 0.7725
40 1.6709 0.3974 20.5000 0.8149
40 1.6863 0.4231 21.0000 0.7725
40 1.6949 0.4103 21.0000 0.7725
40 1.6492 0.4103 21.0000 0.9123
44 1.2160 0.5476 21.0000 0.8493
44 1.2008 0.5952 17.0000 0.8157
101 1.4041 0.5842 40.5000 0.6388
103 1.4125 0.5485 44.5000 0.4689
41 1.1883 0.5610 17.5000 0.6828
42 1.2586 0.4524 19.0000 0.7469
295 1.5204 0.5051 119.5000 0.5393
176 1.3573 0.4886 85.0000 0.4362
296 1.4411 0.4155 145.5000 0.4494
59 1.4815 0.3793 30.0000 0.8158
29 1.4167 0.4615 14.5000 0.8792
12 1.4011 0.0833 8.0000 0.3234
12 1.3590 0.0833 8.0000 0.3234
12 1.4024 0.0833 8.0000 0.3234
12 1.3519 0.0833 9.0000 0.4893
12 1.2350 0.6667 4.0000 0.3234
12 1.2186 0.5833 5.0000 0.6969
12 1.3802 0.5000 6.0000 0.3234
45 1.2266 0.2619 22.0000 0.8338
87 1.3323 0.5057 41.0000 0.5730
87 1.4794 0.5349 38.0000 0.5534
95 1.2153 0.5426 44.0000 0.9007
238 1.4333 0.4454 112.5000 0.5814
95 1.5244 0.4685 42.0000 0.3434
95 1.6346 0.4158 47.0000 0.2391
13 1.1320 0.3333 8.0000 0.8597
13 1.1312 0.2500 7.0000 0.8597
64 1.2902 0.5547 24.5000 0.5814
64 1.3167 0.4844 28.0000 0.5613
64 1.2540 0.4922 27.0000 0.6158
28 1.4366 0.6071 10.0000 0.6671
28 1.4823 0.3929 16.0000 0.4035
29 1.4907 0.4483 15.0000 0.5617
29 1.3893 0.3793 16.0000 0.2153
41 1.6037 0.4878 20.5000 0.7698
87 1.3045 0.6322 29.5000 0.4934
621 1.9199 0.5716 233.0000 0.1961
621 1.9313 0.5708 232.0000 0.1528
19 1.2545 0.1667 11.0000 0.8507
40 1.4158 0.4211 21.0000 0.7283
40 1.3590 0.3590 22.0000 0.9123
40 1.4529 0.3947 20.0000 0.9122
157 1.2966 0.6943 45.0000 0.3737
157 1.2950 0.6815 48.0000 0.2817
163 1.2479 0.4720 74.5000 0.8032
97 1.3213 0.6030 37.0000 0.6701
23 1.4250 0.3043 12.0000 0.2788
386 1.4809 0.5350 157.5000 0.3939
18 1.1614 0.2778 10.0000 0.9324
19 1.2759 0.2105 11.0000 0.8768
14 1.1339 0.3846 7.0000 0.3279
25 1.3363 0.6400 9.0000 0.9114
25 1.3363 0.6400 9.0000 0.9114
25 1.2561 0.6800 8.0000 1.0000
25 1.2847 0.7200 7.0000 1.0000
25 1.4417 0.6000 10.0000 0.4645
25 1.3753 0.5600 11.0000 0.9114
34 1.3089 0.3529 19.0000 1.0000
923 1.6028 0.5531 372.5000 0.4485
923 1.7192 0.4870 411.5000 0.4188
29 1.4030 0.5172 14.0000 0.9118
26 1.3609 0.6667 9.5000 0.7965
26 1.2835 0.6041 11.0000 0.8298
26 1.2836 0.6041 11.0000 0.8298
217 1.4645 0.5161 95.5000 0.3306
458 1.2369 0.8111 83.0000 0.4388
54 1.3342 0.3704 25.0000 0.7251
43 1.2196 0.2558 23.0000 0.5994
25 1.1880 0.5200 11.0000 0.4910
62 1.2789 0.6935 17.0000 0.3966
20 1.2007 0.4500 11.0000 1.0000
20 1.1708 0.3500 12.0000 1.0000
20 1.1798 0.4750 10.5000 1.0000
20 1.1167 0.4500 11.0000 1.0000
19 1.1360 0.3158 13.0000 1.0000
43 1.3937 0.2558 24.0000 0.7996
98 1.1760 0.5714 39.0000 0.6072
55 1.7958 0.3200 28.0000 0.6309
55 1.7978 0.2830 34.0000 0.3427
63 1.1509 0.3852 30.0000 0.8106
944 1.4531 0.5865 358.0000 0.3866
944 1.4544 0.6193 335.0000 0.4251
402 1.2072 0.8458 60.0000 0.3790
109 1.2752 0.5229 44.0000 0.6467
130 1.4295 0.4077 66.5000 0.6747
20 1.2481 0.2632 12.0000 0.2741
98 1.4026 0.5208 41.5000 0.7724
146 1.2946 0.6917 43.0000 0.7616
453 1.1225 0.8918 46.0000 0.3607
146 1.2260 0.7740 33.0000 0.7842
453 1.1267 0.8940 45.5000 0.4006
54 1.2754 0.3333 27.0000 0.9065
85 1.4424 0.5647 34.5000 0.5895
87 1.2519 0.5000 37.5000 0.5935
472 1.1525 0.9153 39.5000 0.1247
927 1.4446 0.6526 302.5000 0.3536
924 1.4416 0.6597 295.5000 0.4207
924 1.4449 0.6542 302.5000 0.3907
924 1.4609 0.6537 298.0000 0.4005
924 1.4441 0.6559 299.0000 0.4262
924 1.4580 0.6537 302.0000 0.4113
924 1.4497 0.6569 295.0000 0.3871
64 1.2903 0.5547 24.5000 0.5814
79 1.3416 0.5696 29.0000 0.1577
928 1.4156 0.6670 283.0000 0.3755
928 1.4015 0.6751 281.0000 0.3768
928 1.4196 0.6762 279.0000 0.3712
928 1.4847 0.6600 297.5000 0.3431
453 1.1024 0.9558 20.0000 0.3428
453 1.0840 0.9647 15.0000 0.3253
453 1.1187 0.9503 22.5000 0.3626
453 1.0943 0.9614 17.5000 0.4522
453 1.1191 0.9492 22.5000 0.3466
453 1.0983 0.9492 22.0000 0.3256
453 1.1452 0.9205 35.0000 0.4095
453 1.1049 0.9514 22.0000 0.3865
24 1.1350 0.3182 9.0000 0.9466
22 1.1230 0.4091 11.0000 0.9466
465 1.1663 0.8635 63.0000 0.4279
52 1.2432 0.2212 27.0000 0.9786
210 1.5013 0.4857 89.5000 0.4903
120 1.3605 0.3125 67.0000 0.9304
62 1.3186 0.1371 40.5000 0.5416
48 1.1749 0.6875 14.0000 0.4858
48 1.1781 0.6875 14.0000 0.4858
49 1.3024 0.5510 20.0000 0.7029
48 1.2326 0.6042 18.0000 0.5224
48 1.1833 0.5833 18.0000 0.8215
48 1.2242 0.6250 17.0000 0.5224
48 1.2295 0.5000 21.0000 0.5575
48 1.2180 0.5833 17.0000 0.3035
48 1.1977 0.5417 18.0000 0.4776
48 1.1636 0.6771 15.0000 0.4776
36 1.4019 0.4714 17.0000 0.4052
98 1.2539 0.5612 39.0000 0.5304
50 1.1994 0.4800 23.0000 0.8670
44 1.1752 0.2381 22.0000 0.8924
944 1.3674 0.6697 291.0000 0.4204
84 1.2447 0.5893 30.5000 0.6734
65 1.2029 0.5692 27.0000 0.9091
242 1.4711 0.3202 127.0000 0.1411
242 1.4638 0.3306 125.0000 0.1489
73 1.1735 0.8425 11.5000 0.4955
71 1.3132 0.2714 52.0000 0.0707
87 1.2395 0.5862 34.0000 0.6234
87 1.2374 0.6667 28.0000 0.5637
87 1.2369 0.6495 30.0000 0.6079
86 1.3320 0.4302 43.0000 0.5876
84 1.3374 0.5476 36.5000 0.5819
51 1.2823 0.5800 20.5000 0.7173
51 1.2363 0.5102 25.0000 0.5314
51 1.1703 0.4800 24.0000 0.7483
51 1.2088 0.5098 25.0000 0.7033
51 1.1742 0.4902 25.5000 0.7071
51 1.1862 0.5294 24.0000 0.7269
51 1.1793 0.5686 22.0000 0.7033
51 1.2210 0.5800 21.5000 0.6433
51 1.2418 0.5600 22.0000 0.7267
51 1.2239 0.5098 25.0000 0.7355
51 1.1273 0.5196 24.5000 0.7269
51 1.2156 0.5098 25.0000 0.7671
51 1.2788 0.5196 24.0000 0.7269
51 1.2382 0.4902 26.0000 0.7277
924 1.4510 0.6558 295.5000 0.3668
86 1.3415 0.4070 43.0000 0.5253
86 1.4230 0.4244 44.5000 0.5122
13 1.4452 0.2308 10.0000 0.6945
14 1.5004 0.2500 10.5000 0.9079
14 1.3957 0.4286 8.0000 0.9079
14 1.4867 0.1429 12.0000 0.9079
14 1.3645 0.2857 10.0000 0.9079
15 1.2874 0.1333 13.0000 0.9215
15 1.1720 0.1333 12.0000 0.9215
15 1.1162 0.0667 14.0000 0.9215
15 1.0829 0.1333 12.0000 0.8239
34 1.3123 0.5000 15.0000 0.4635
35 1.3625 0.4571 16.0000 0.5489
46 1.4449 0.4456 22.5000 0.4142
35 1.3868 0.5143 16.0000 0.5835
32 1.2336 0.5312 15.0000 0.7126
31 1.1875 0.5806 13.0000 0.4840
32 1.2710 0.7188 9.0000 0.4845
73 1.3173 0.6027 25.0000 0.3639
73 1.2555 0.7397 19.0000 0.5018
73 1.2876 0.6781 23.5000 0.4686
73 1.2390 0.8287 12.5000 0.4093
73 1.2876 0.6781 23.5000 0.4686
73 1.2170 0.7602 16.0000 0.4751
73 1.3172 0.7397 18.5000 0.5120
75 1.3595 0.4267 39.5000 0.7944
42 1.2847 0.4048 24.0000 0.9677
42 1.2552 0.5357 18.0000 0.8664
42 1.2674 0.3810 24.0000 0.9677
42 1.2472 0.3690 23.0000 0.8363
909 1.3287 0.6843 265.0000 0.3573
941 1.3342 0.6844 276.0000 0.3541
947 1.2984 0.7207 244.0000 0.3400
946 1.3131 0.7394 239.0000 0.3528
946 1.3161 0.7337 239.5000 0.3130
946 1.3055 0.7321 239.0000 0.3540
946 1.3155 0.7400 230.5000 0.3112
70 1.3126 0.5714 27.0000 0.4501
621 1.8458 0.5047 250.5000 0.1699
37 1.3255 0.2973 20.0000 0.2896
949 1.3494 0.7291 243.5000 0.3666
949 1.3521 0.7287 245.0000 0.3758
949 1.3279 0.7250 247.0000 0.3161
447 1.2766 0.7662 101.0000 0.2624
35 1.1898 0.2941 24.0000 0.7853
85 1.2363 0.5765 31.0000 0.6409
90 1.4055 0.4444 45.0000 0.8570
90 1.3544 0.4667 42.5000 0.8454
90 1.3694 0.4667 45.0000 0.8714
90 1.3617 0.5055 43.0000 0.7299
90 1.3831 0.4778 42.5000 0.8785
86 1.2142 0.6047 31.5000 0.7182
42 1.1611 0.5000 21.0000 0.9447
57 1.4138 0.4211 30.0000 0.5066
58 1.3521 0.4138 31.0000 0.4993
58 1.4233 0.3793 30.0000 0.4487
58 1.4154 0.3793 31.0000 0.4993
130 1.4248 0.5234 57.5000 0.7578
63 1.2733 0.2661 33.0000 0.8898
63 1.2723 0.2581 33.0000 0.8898
62 1.2766 0.3607 33.5000 0.9263
58 1.4132 0.4138 29.0000 0.4788
58 1.3683 0.4138 28.5000 0.4809
17 1.2217 0.5625 8.0000 0.8099
17 1.2456 0.5625 7.0000 0.9092
66 1.3582 0.4242 36.0000 0.9329
61 1.2714 0.3333 35.5000 0.8769
63 1.4004 0.3968 32.5000 0.8990
66 1.4157 0.3257 36.5000 0.8995
66 1.4304 0.3333 34.5000 0.8659
174 1.3154 0.3822 84.0000 0.3481
118 1.3581 0.3771 63.5000 0.5041
118 1.2985 0.4365 57.0000 0.5173
55 1.2626 0.2830 28.5000 0.8841
55 1.3081 0.3182 26.5000 0.8257
90 1.2998 0.5111 39.0000 0.7738
55 1.3213 0.3273 29.5000 0.8184
55 1.2849 0.3636 28.0000 0.8780
55 1.2794 0.3182 30.0000 0.8491
73 1.1735 0.8425 11.5000 0.4955
949 1.3567 0.7187 253.5000 0.3826
37 1.3543 0.3056 23.0000 0.5108
38 1.3271 0.2703 24.0000 0.4456
239 1.4689 0.4770 107.5000 0.3203
498 1.1248 0.9307 32.5000 0.3609
64 1.2992 0.5391 25.0000 0.5574
457 1.0955 0.9683 14.5000 0.4242
481 1.1101 0.9616 18.5000 0.5571
457 1.0915 0.9683 14.5000 0.4274
457 1.0956 0.9661 15.5000 0.4204
737 1.4163 0.5393 308.5000 0.4379
802 1.4228 0.5318 338.5000 0.3891
853 1.4013 0.5680 341.5000 0.4252
844 1.4263 0.6031 309.0000 0.3846
886 1.4345 0.6095 319.5000 0.4233
881 1.4253 0.5732 346.5000 0.3985
469 1.1812 0.8209 79.0000 0.2732
63 1.2100 0.3197 32.0000 0.7339
47 1.2359 0.1809 38.5000 0.7741
62 1.1611 0.3000 29.0000 0.8855
881 1.2159 0.7066 242.0000 0.6031
66 1.3514 0.3438 36.0000 0.8715
104 1.2519 0.1667 71.0000 0.9482
120 1.3086 0.2923 77.0000 0.9510
80 1.2447 0.2308 55.5000 0.9453
104 1.2734 0.1814 73.0000 0.9535
120 1.3102 0.2034 80.5000 0.9372
80 1.2443 0.2500 55.5000 0.9523
69 1.2995 0.3188 37.0000 0.5676
69 1.2938 0.3333 37.0000 0.4722
69 1.2985 0.3043 39.0000 0.5073
69 1.2843 0.2971 38.0000 0.5811
69 1.2910 0.3188 41.0000 0.4835
69 1.3014 0.3333 39.0000 0.4715
69 1.2655 0.3333 38.0000 0.6141
69 1.2673 0.2899 41.0000 0.4835
69 1.2728 0.3043 41.0000 0.5073
69 1.2966 0.3333 38.0000 0.5421
68 1.2612 0.2794 38.0000 0.6390
72 1.3262 0.3194 40.0000 0.5258
72 1.3380 0.3264 39.0000 0.4526
72 1.3389 0.3194 39.0000 0.4273
72 1.2983 0.2639 41.0000 0.5331
87 1.2335 0.5353 37.0000 0.6395
61 1.3426 0.3667 34.5000 0.9036
52 1.3203 0.3077 26.5000 0.9893
52 1.3281 0.3846 26.0000 1.0000
52 1.3277 0.3846 26.0000 1.0000
52 1.3277 0.3846 26.0000 1.0000
52 1.3277 0.3846 26.0000 1.0000
52 1.2717 0.3942 25.0000 0.9324
52 1.3200 0.2596 28.0000 0.9115
90 1.2107 0.5389 38.0000 0.4547
95 1.1726 0.5895 38.5000 0.4696
79 1.1955 0.7089 23.0000 0.6149
