63 1.1689 0.6032 23.0000 0.3033
63 1.1774 0.6667 21.0000 0.3559
33 1.1852 0.5938 13.0000 0.8142
62 1.1736 0.5484 22.5000 0.5246
62 1.1791 0.5484 25.0000 0.7547
62 1.2041 0.5484 24.0000 0.4836
62 1.2041 0.5484 24.0000 0.4836
62 1.2046 0.5484 24.0000 0.4836
62 1.2043 0.5484 24.0000 0.4836
62 1.2046 0.5484 24.0000 0.4836
34 1.6759 0.3971 19.0000 0.2842
34 1.8703 0.3823 19.0000 0.2842
34 1.8556 0.3824 21.0000 0.2842
42 1.1471 0.5000 21.0000 0.9113
62 1.1605 0.5484 24.5000 0.5006
62 1.1282 0.5968 22.0000 0.4639
62 1.1605 0.5484 24.5000 0.5006
62 1.1282 0.5968 22.0000 0.4639
62 1.1605 0.5484 24.5000 0.5006
62 1.1282 0.5968 22.0000 0.4639
42 1.1887 0.6310 15.0000 0.8816
41 1.4788 0.3974 20.5000 0.1319
41 1.5968 0.4231 20.0000 0.2925
42 1.1666 0.5952 15.0000 0.7252
46 1.2157 0.3182 23.0000 0.9341
33 1.1681 0.5312 12.0000 0.8552
46 1.1930 0.3750 22.0000 0.9205
42 1.1609 0.5750 18.0000 0.6492
20 1.0985 0.1667 8.0000 0.9324
62 1.1527 0.5410 23.5000 0.7407
62 1.1604 0.5410 23.5000 0.7407
19 1.3175 0.3823 11.5000 0.2474
62 1.1952 0.5887 22.5000 0.5168
62 1.1952 0.5887 22.5000 0.5168
62 1.1417 0.5000 27.0000 0.5094
62 1.1911 0.6774 17.5000 0.5094
62 1.2039 0.5887 23.0000 0.5020
62 1.1998 0.6290 20.0000 0.3841
46 1.1805 0.3636 22.0000 0.9205
88 1.3321 0.5227 39.0000 0.6589
88 1.2873 0.5114 36.5000 0.4978
46 1.1698 0.4022 23.5000 0.7879
14 1.1015 0.2500 10.0000 0.8106
46 1.2525 0.4091 22.0000 0.9249
46 1.2089 0.2045 23.0000 0.9477
46 1.1894 0.3182 22.0000 0.9205
46 1.1917 0.4545 21.5000 0.9205
46 1.1321 0.3182 23.0000 0.9742
46 1.1623 0.4091 24.5000 0.9477
64 1.1743 0.5469 26.0000 0.6229
45 1.1723 0.5465 21.5000 0.7255
41 1.2950 0.4615 21.0000 0.1250
46 1.1888 0.4091 26.5000 0.8642
42 1.2096 0.5714 18.0000 0.7014
42 1.1978 0.6429 15.0000 0.7014
32 1.1012 0.8750 4.0000 0.7957
44 1.1338 0.5238 19.0000 0.9696
42 1.1629 0.5714 17.0000 0.9113
42 1.1099 0.6667 14.0000 0.6831
42 1.1802 0.6310 15.5000 0.9113
42 1.1974 0.4524 18.0000 0.8637
42 1.2070 0.5476 19.0000 0.7469
42 1.2119 0.5714 18.0000 0.8493
42 1.1897 0.5000 21.0000 0.6603
44 1.2162 0.6022 17.5000 0.6638
42 1.2096 0.5952 16.5000 0.8460
33 1.3877 0.4194 18.5000 0.7326
33 1.2259 0.4032 16.0000 0.4234
33 1.2920 0.4516 15.0000 0.4894
42 1.3312 0.4524 20.0000 0.5305
42 1.1838 0.5952 16.5000 0.9113
19 1.2404 0.3823 10.0000 0.8597
84 1.2983 0.5595 34.0000 0.2031
41 1.2867 0.3590 21.0000 0.1168
41 1.2853 0.4615 20.0000 0.2144
16 1.1073 0.3333 10.0000 0.6916
60 1.1653 0.5877 26.0000 0.7557
41 1.3767 0.4615 20.0000 0.1834
60 1.1500 0.5862 22.0000 0.3314
86 1.2366 0.5523 36.0000 0.5875
92 1.2277 0.4457 43.0000 0.9708
92 1.2588 0.4566 43.0000 0.9699
88 1.2557 0.4659 42.5000 0.6544
92 1.3253 0.4565 45.0000 0.9424
88 1.2641 0.4546 45.5000 0.9091
88 1.2944 0.5341 39.0000 0.9708
81 1.1988 0.3951 45.0000 0.9214
16 1.1590 0.2857 8.0000 0.9079
16 1.1676 0.5000 8.0000 0.9220
91 1.1767 0.5834 35.0000 0.5263
92 1.2092 0.6467 32.0000 0.6439
91 1.1694 0.6374 31.0000 0.8874
91 1.2194 0.5934 35.0000 0.8379
65 1.2646 0.5781 24.0000 0.8496
16 1.3639 0.3750 9.5000 0.9220
16 1.3104 0.4375 9.0000 0.9220
82 1.1981 0.4573 38.0000 0.5514
923 1.3174 0.7091 245.5000 0.4211
73 1.1214 0.8219 12.5000 0.4737
11 1.3398 0.2727 8.0000 0.2756
73 1.1433 0.6438 26.0000 0.4844
73 1.1598 0.6027 28.0000 0.4598
184 1.3783 0.3777 93.0000 0.4499
22 1.1957 0.0455 14.0000 0.9466
22 1.2931 0.4091 12.0000 0.5197
22 1.2055 0.1818 12.0000 0.9466
28 1.2328 0.3077 19.5000 0.9560
70 1.3135 0.2651 39.0000 0.8469
74 1.2820 0.3143 42.0000 0.7703
72 1.2114 0.3824 41.0000 0.8673
70 1.2482 0.5000 34.0000 0.8882
70 1.2550 0.4394 38.0000 0.8881
72 1.2166 0.4853 36.0000 0.8882
70 1.2621 0.3030 39.5000 0.8469
74 1.2483 0.2785 42.5000 0.7703
70 1.2530 0.4015 37.0000 0.9155
74 1.2567 0.3571 40.0000 0.9487
86 1.1749 0.5000 39.0000 0.8151
87 1.1825 0.5402 37.0000 0.7306
86 1.1734 0.5233 36.5000 0.8230
86 1.2293 0.5233 35.0000 0.8207
86 1.2035 0.4302 39.0000 0.7445
82 1.2199 0.5000 37.0000 0.6504
86 1.1974 0.4767 40.5000 0.7429
87 1.1888 0.5114 36.0000 0.8283
86 1.1948 0.4419 40.0000 0.7940
86 1.2077 0.5058 36.0000 0.8201
86 1.1884 0.5639 35.5000 0.8011
86 1.2156 0.5349 38.0000 0.5983
86 1.1754 0.5000 37.0000 0.8151
87 1.2311 0.5172 38.5000 0.6359
86 1.1911 0.5000 39.0000 0.7934
85 1.2054 0.5000 39.5000 0.6888
86 1.1720 0.4884 39.0000 0.7808
87 1.2339 0.5057 36.0000 0.8010
86 1.1954 0.6402 31.0000 0.8432
86 1.1838 0.6402 30.5000 0.8718
86 1.1816 0.5000 36.0000 0.5444
86 1.1538 0.4826 38.0000 0.8941
42 1.1023 0.6190 16.0000 0.8799
42 1.2069 0.6829 13.0000 0.5143
43 1.1556 0.5952 17.0000 0.5446
20 1.2808 0.4500 10.0000 0.7589
20 1.3266 0.4500 10.5000 0.7949
20 1.2726 0.4500 10.0000 0.7589
20 1.2928 0.4500 10.0000 0.7949
20 1.1939 0.4500 10.0000 0.7949
20 1.2947 0.4500 10.0000 0.7949
98 1.1903 0.5051 40.5000 0.8564
42 1.1352 0.5238 18.0000 0.9113
84 1.1498 0.7143 24.0000 0.6417
46 1.2012 0.3636 21.5000 0.9205
65 1.3188 0.4262 29.5000 0.0931
82 1.1408 0.7317 21.0000 0.6585
82 1.1629 0.6463 28.0000 0.6920
42 1.1318 0.5714 18.0000 0.9417
11 1.3826 0.0000 7.0000 0.6857
44 1.2002 0.6364 16.0000 0.8795
16 1.5897 0.5333 8.0000 0.3917
16 1.5221 0.5666 7.0000 0.4866
16 1.5077 0.5000 8.0000 0.3917
16 1.6094 0.5333 7.0000 0.4866
16 1.4177 0.4000 9.0000 0.3917
16 1.5388 0.5333 7.0000 0.3917
16 1.5621 0.4000 8.5000 0.3917
16 1.5187 0.5333 7.0000 0.3917
42 1.1794 0.5714 17.0000 0.7224
67 1.2765 0.3077 35.0000 0.8677
39 1.1905 0.3195 25.0000 0.9216
63 1.0958 0.7619 15.0000 0.5675
63 1.1260 0.6667 21.0000 0.8515
20 1.1583 0.2222 13.0000 0.9324
20 1.0909 0.2778 13.0000 0.9324
20 1.1562 0.3333 12.0000 0.9324
20 1.1729 0.3333 11.0000 0.9324
21 1.2812 0.4000 13.0000 0.8278
20 1.0883 0.2500 10.0000 0.8102
42 1.1682 0.4643 20.0000 0.9113
41 1.1208 0.6585 14.0000 0.4234
47 1.3653 0.3191 28.0000 0.9254
47 1.3799 0.3191 27.5000 0.9254
46 1.3761 0.3369 28.0000 0.9254
48 1.3877 0.3542 28.0000 0.8908
40 1.2958 0.4231 22.0000 0.7108
46 1.2439 0.4348 20.0000 0.6304
46 1.3230 0.3913 23.0000 0.7058
46 1.3800 0.3478 25.0000 0.7058
46 1.1972 0.4130 21.5000 0.5630
47 1.4244 0.5000 22.5000 0.7817
47 1.2693 0.4468 23.0000 0.8940
47 1.3615 0.4468 24.0000 0.6744
15 1.2180 0.0000 8.0000 0.8063
55 1.4924 0.2037 37.0000 0.2869
84 1.2288 0.4524 41.5000 0.4706
83 1.2656 0.3916 42.0000 0.5153
62 1.1708 0.5484 23.5000 0.7547
62 1.2046 0.5484 24.0000 0.4836
60 1.4348 0.2881 31.0000 0.8447
59 1.4352 0.2281 34.0000 0.4555
61 1.4591 0.2833 36.0000 0.6692
61 1.5021 0.2667 33.0000 0.6535
62 1.1605 0.5484 24.5000 0.5006
62 1.1282 0.5968 22.0000 0.4639
87 1.2010 0.4540 43.0000 0.4576
87 1.2172 0.5632 37.0000 0.7131
87 1.1671 0.4828 41.5000 0.6260
87 1.1644 0.5402 36.5000 0.6242
87 1.1679 0.5287 37.5000 0.6178
87 1.1403 0.5287 39.0000 0.5873
84 1.2165 0.4762 38.0000 0.3416
84 1.2124 0.5179 34.5000 0.6316
84 1.2374 0.4821 37.5000 0.5919
84 1.1854 0.5119 35.0000 0.5479
84 1.1976 0.4881 38.5000 0.6130
84 1.1559 0.5238 35.5000 0.5920
84 1.1962 0.4881 37.5000 0.6018
84 1.1514 0.5535 34.0000 0.3282
84 1.2441 0.4940 37.5000 0.5199
84 1.1508 0.5535 33.0000 0.5071
84 1.2369 0.5179 37.0000 0.5458
84 1.1520 0.5000 36.5000 0.3347
30 1.3356 0.3518 17.0000 1.0000
28 1.2955 0.5000 14.5000 1.0000
26 1.2433 0.3750 15.0000 1.0000
85 1.2530 0.5588 35.0000 0.2564
85 1.1603 0.4529 38.0000 0.4809
84 1.3083 0.6071 32.0000 0.4434
84 1.2195 0.4940 38.0000 0.2900
83 1.2139 0.4940 34.0000 0.5083
83 1.2530 0.4638 40.0000 0.4876
83 1.2142 0.5844 32.0000 0.4966
20 1.2169 0.2500 11.0000 0.5832
18 1.2508 0.2353 12.0000 0.9320
28 1.2493 0.5000 13.5000 0.9066
29 1.3436 0.4615 14.5000 0.9340
28 1.3401 0.4800 15.0000 0.8790
27 1.2668 0.5200 13.0000 0.9339
28 1.2750 0.3077 15.5000 1.0000
28 1.2596 0.4231 14.0000 1.0000
28 1.3161 0.3077 15.0000 1.0000
75 1.1687 0.6014 29.0000 0.6410
73 1.1213 0.8219 12.5000 0.4737
40 1.7580 0.3333 21.0000 0.8399
31 1.6324 0.4250 19.0000 0.3990
60 1.4176 0.3051 33.0000 0.6078
60 1.3843 0.3220 31.0000 0.5305
12 1.1429 0.2500 7.0000 0.3234
45 1.2461 0.2675 26.0000 0.9217
45 1.2582 0.2093 27.0000 0.8938
45 1.2497 0.2558 27.0000 0.8938
60 1.4762 0.3051 30.5000 0.6999
60 1.5509 0.3051 31.0000 0.5677
45 1.1904 0.3256 25.0000 0.8816
45 1.2319 0.2559 26.5000 0.8693
158 1.5711 0.4745 69.5000 0.0915
17 1.7404 0.5882 7.0000 0.4896
87 1.1997 0.5000 41.0000 0.8195
40 1.7452 0.3158 22.5000 0.8007
73 1.1346 0.7397 16.5000 0.4149
18 1.2194 0.2500 10.0000 0.5681
16 1.1494 0.4286 10.0000 0.8897
16 1.1910 0.4286 9.0000 0.8897
73 1.1103 0.8904 8.0000 0.4959
73 1.1090 0.8699 9.5000 0.4855
91 1.3092 0.4615 42.5000 0.6644
73 1.1300 0.8767 9.0000 0.4688
91 1.2927 0.5110 36.0000 0.5287
73 1.0854 0.9452 4.0000 0.4643
91 1.2026 0.5385 38.5000 0.5893
73 1.1929 0.7260 20.0000 0.6498
62 1.1849 0.5726 22.0000 0.3736
73 1.1626 0.5958 28.5000 0.4619
73 1.1589 0.6301 26.5000 0.4726
40 1.8262 0.3077 21.0000 0.7696
99 1.2989 0.5960 34.0000 0.5972
254 1.2784 0.5433 100.5000 0.5551
229 1.2984 0.4039 111.5000 0.4251
42 1.8848 0.4615 22.0000 0.8320
25 1.7990 0.4783 11.0000 0.7961
25 1.8014 0.4783 12.0000 0.7961
25 1.8190 0.5000 11.0000 0.6652
25 1.8504 0.4348 13.0000 0.9111
22 1.1035 0.1364 15.0000 0.8707
83 1.1818 0.6446 29.5000 0.6952
85 1.1482 0.6824 27.0000 0.6660
82 1.1904 0.6890 25.5000 0.5207
83 1.2216 0.7073 23.5000 0.5049
169 1.2405 0.4113 85.0000 0.3791
910 1.4842 0.6708 275.5000 0.2155
146 1.2717 0.4726 67.0000 0.4219
20 1.1233 0.2778 12.0000 0.9324
15 1.2731 0.0769 9.0000 0.8063
59 1.4181 0.3448 33.0000 0.8158
59 1.5416 0.3448 32.0000 0.7488
73 1.1305 0.8630 10.0000 0.5064
73 1.1468 0.8493 11.0000 0.4955
73 1.1124 0.9178 6.0000 0.4847
73 1.1138 0.8904 8.0000 0.4737
73 1.1273 0.8767 8.0000 0.5064
73 1.1244 0.8630 9.0000 0.4635
103 1.2351 0.6747 29.0000 0.5878
40 1.4221 0.3333 24.0000 0.8938
40 1.5977 0.3947 20.0000 0.7191
40 1.5708 0.3684 21.0000 0.6735
40 1.6334 0.4103 19.0000 0.9123
40 1.6787 0.3846 20.0000 0.9123
40 1.6402 0.3846 19.0000 0.9123
40 1.6814 0.3846 19.0000 0.8320
40 1.6195 0.4103 21.0000 0.9123
44 1.0931 0.7381 12.0000 0.8474
44 1.1566 0.5952 17.0000 0.7143
101 1.2395 0.6882 29.5000 0.6412
103 1.2616 0.6117 37.0000 0.4749
41 1.0959 0.6341 15.0000 0.6828
42 1.1970 0.6310 14.5000 0.8233
295 1.3676 0.4254 138.5000 0.6719
176 1.2397 0.4773 82.0000 0.4223
296 1.2730 0.5034 131.0000 0.5244
59 1.4581 0.3103 35.0000 0.7056
29 1.2484 0.4231 15.0000 0.9340
12 1.1824 0.1667 8.0000 0.3234
12 1.3464 0.1250 8.0000 0.3234
12 1.2356 0.1667 8.0000 0.3234
12 1.2092 0.1667 8.0000 0.3234
12 1.2033 0.4167 5.0000 0.3234
12 1.0826 0.2500 8.0000 0.3234
12 1.2235 0.3333 7.0000 0.3234
12 1.1676 0.2500 8.0000 0.3234
12 1.2418 0.2500 8.0000 0.3234
45 1.3015 0.1905 31.0000 0.9741
87 1.1867 0.5287 38.0000 0.5744
87 1.1700 0.4535 40.0000 0.5917
95 1.1534 0.5106 42.5000 0.8723
238 1.2868 0.5252 98.5000 0.6287
95 1.4042 0.4316 45.5000 0.3805
95 1.3680 0.4789 43.0000 0.4095
13 1.5129 0.2500 10.0000 0.3234
13 1.4665 0.2500 6.0000 0.6969
64 1.1816 0.4688 27.0000 0.6040
64 1.1736 0.5312 23.5000 0.5961
64 1.2361 0.5234 27.5000 0.4761
28 1.6459 0.4643 14.0000 0.6671
29 1.6080 0.3448 14.0000 0.5617
29 1.6773 0.3103 16.0000 0.1948
41 1.8592 0.4024 19.5000 0.9123
87 1.1843 0.5057 40.0000 0.7431
621 1.9618 0.5443 227.0000 0.1393
621 1.9514 0.5555 227.5000 0.1152
19 1.2056 0.2778 10.0000 0.8507
40 2.0247 0.3947 19.0000 0.7283
40 1.9982 0.3590 20.0000 0.7696
40 1.9011 0.3421 20.0000 0.9122
157 1.4048 0.6752 43.0000 0.3090
157 1.4243 0.6593 45.0000 0.2573
163 1.2530 0.4845 72.5000 0.8288
97 1.1598 0.6598 31.0000 0.7856
23 1.5233 0.3913 13.0000 0.2788
386 1.2980 0.5402 150.0000 0.4718
18 1.1633 0.2778 9.5000 0.9324
19 1.1801 0.1053 9.0000 0.8768
14 1.2038 0.4615 8.0000 0.3279
25 1.4589 0.4400 12.5000 0.8301
25 1.4589 0.4400 12.5000 0.8301
25 1.5173 0.5000 10.5000 0.9114
25 1.7150 0.5200 11.0000 0.9114
25 1.8205 0.6000 10.0000 0.5105
25 1.5383 0.3200 15.0000 0.7405
34 1.2699 0.3235 23.0000 1.0000
923 1.3529 0.5677 351.5000 0.4062
923 1.8086 0.4919 413.5000 0.4355
29 1.6820 0.4656 12.0000 0.9118
26 1.5426 0.4167 13.0000 0.7965
26 1.5404 0.4167 13.0000 0.9113
26 1.5402 0.4167 13.0000 0.9113
217 1.2999 0.4332 100.0000 0.4634
458 1.1997 0.8373 74.0000 0.3883
54 1.2574 0.3982 29.0000 0.7755
43 1.2894 0.2210 26.5000 0.7374
62 1.2154 0.5645 25.0000 0.4836
20 1.2358 0.2500 13.0000 1.0000
20 1.1991 0.2500 13.0000 1.0000
20 1.2375 0.4250 10.5000 1.0000
20 1.1393 0.5500 9.0000 1.0000
19 1.2889 0.4211 9.5000 0.9327
43 1.3177 0.3256 24.5000 0.8433
98 1.2167 0.5408 43.0000 0.4980
55 2.1558 0.1900 35.5000 0.3519
55 1.9659 0.2076 36.5000 0.3800
63 1.2455 0.3934 32.5000 0.9467
944 1.4985 0.6044 340.0000 0.3717
944 1.4516 0.6458 309.5000 0.3611
402 1.2105 0.8706 52.0000 0.4955
109 1.2477 0.4541 50.5000 0.7388
130 1.2880 0.4077 68.0000 0.7047
20 1.4203 0.1053 13.0000 0.2741
98 1.2843 0.3958 49.0000 0.7019
146 1.1288 0.8288 25.0000 0.7555
453 1.1523 0.8841 51.5000 0.5283
146 1.1222 0.8733 18.5000 0.6813
453 1.1537 0.8764 55.0000 0.4769
54 1.2518 0.3519 29.0000 0.9065
85 1.1378 0.6000 32.0000 0.6135
87 1.1818 0.5517 33.0000 0.6781
472 1.0793 0.9798 9.5000 0.0759
927 1.4232 0.6807 276.5000 0.4106
924 1.4101 0.6802 273.0000 0.4344
924 1.4175 0.6796 276.0000 0.4093
924 1.4128 0.6704 283.0000 0.4233
924 1.3979 0.6840 273.5000 0.4107
924 1.4130 0.6634 289.0000 0.4462
924 1.4239 0.6780 278.0000 0.3864
64 1.1816 0.4688 27.0000 0.6040
79 1.3211 0.4241 35.0000 0.4722
928 1.3915 0.6891 270.5000 0.3831
928 1.4718 0.6778 280.5000 0.4395
928 1.4305 0.6950 269.0000 0.4276
928 1.4417 0.6660 290.5000 0.3613
453 1.0842 0.9735 12.0000 0.5046
453 1.0776 0.9834 7.5000 0.4603
453 1.0823 0.9757 11.0000 0.4822
453 1.0857 0.9768 10.5000 0.4718
453 1.0975 0.9558 19.0000 0.4796
453 1.0903 0.9691 14.0000 0.5233
453 1.1038 0.9503 21.0000 0.3902
453 1.0978 0.9371 27.0000 0.4018
24 1.1748 0.4545 13.0000 0.9466
22 1.1910 0.2727 11.0000 0.9466
465 1.1600 0.8796 54.0000 0.3848
52 1.2616 0.3077 27.5000 0.9786
210 1.3336 0.4667 92.0000 0.4947
120 1.2273 0.4209 64.0000 0.9571
62 1.2483 0.5081 27.5000 0.5223
48 1.2498 0.5625 18.5000 0.8031
48 1.2582 0.5417 19.0000 0.8039
49 1.2503 0.4694 23.0000 0.8500
48 1.2570 0.5208 19.0000 0.8729
48 1.2528 0.4375 24.0000 0.5348
48 1.2936 0.4896 21.0000 0.5912
48 1.3496 0.3854 25.0000 0.8568
48 1.3011 0.4167 23.0000 0.7852
48 1.2889 0.3750 24.0000 0.7749
48 1.2481 0.5104 20.0000 0.7911
36 1.5264 0.2286 22.0000 0.4052
98 1.1922 0.5714 38.0000 0.4470
50 1.2136 0.4400 24.0000 0.9003
44 1.2491 0.2143 29.5000 0.9476
944 1.3472 0.7258 246.5000 0.3560
84 1.1895 0.5416 33.5000 0.5876
65 1.2688 0.4154 32.0000 0.8658
242 1.3491 0.3264 126.5000 0.3729
242 1.3584 0.3347 130.5000 0.4303
73 1.1166 0.8356 10.5000 0.5064
87 1.1330 0.5057 37.0000 0.7554
87 1.1346 0.5517 36.5000 0.5534
87 1.1482 0.5517 35.0000 0.8476
86 1.2012 0.5174 36.5000 0.6802
84 1.2215 0.4524 39.5000 0.6009
51 1.2999 0.5000 23.5000 0.5103
51 1.4050 0.4694 26.0000 0.4214
51 1.3121 0.4900 24.5000 0.7469
51 1.4085 0.3922 29.0000 0.5925
51 1.4649 0.4314 26.0000 0.7071
51 1.3348 0.4510 27.5000 0.6551
51 1.3261 0.4706 25.0000 0.7033
51 1.2655 0.5900 20.0000 0.7031
51 1.3011 0.4600 23.0000 0.7069
51 1.2399 0.4314 28.0000 0.7153
51 1.3899 0.4706 24.5000 0.7269
51 1.3797 0.4706 26.0000 0.7395
51 1.4230 0.3725 28.0000 0.6849
51 1.2639 0.4706 26.0000 0.6126
924 1.3977 0.6878 269.0000 0.4413
86 1.1778 0.4884 38.5000 0.4001
86 1.2299 0.4884 41.0000 0.6102
13 1.3934 0.1538 9.5000 0.6945
14 1.1308 0.5000 7.0000 0.8078
14 1.3813 0.5000 6.5000 0.9079
14 1.1571 0.2143 10.0000 0.9079
14 1.1404 0.6429 5.0000 0.9079
15 1.1849 0.1333 12.0000 0.9215
15 1.1938 0.3333 9.0000 0.8373
15 1.3536 0.0667 12.0000 0.9215
15 1.2897 0.3333 9.0000 0.8239
34 1.4204 0.4853 16.5000 0.4971
35 1.4476 0.5286 16.0000 0.5405
46 1.4947 0.4348 23.0000 0.3121
35 1.5076 0.4571 15.0000 0.5921
32 1.1450 0.7188 9.0000 0.7578
31 1.0982 0.7419 8.0000 0.7575
32 1.1641 0.6875 10.0000 0.7213
32 1.1142 0.7500 8.0000 0.8503
73 1.1506 0.6986 20.0000 0.3765
73 1.1129 0.7397 19.0000 0.4847
73 1.1033 0.8082 14.0000 0.4792
73 1.1077 0.8082 13.5000 0.4240
73 1.1033 0.8082 14.0000 0.4792
73 1.1205 0.7602 17.0000 0.4538
73 1.1354 0.7260 19.0000 0.5295
75 1.2847 0.4267 38.0000 0.8371
42 1.1993 0.4524 23.0000 0.9363
42 1.2029 0.4881 21.0000 0.9020
42 1.2456 0.4762 22.0000 0.9510
42 1.1612 0.4524 23.0000 0.9677
909 1.3594 0.6650 288.0000 0.3743
941 1.3099 0.6514 303.5000 0.4325
947 1.3750 0.6964 266.0000 0.3489
946 1.2843 0.7695 209.0000 0.4285
946 1.2561 0.7854 194.0000 0.3754
946 1.2429 0.7854 194.5000 0.3695
946 1.2681 0.7833 196.0000 0.3819
70 1.2152 0.6143 25.0000 0.2350
621 1.9410 0.5169 234.5000 0.1237
37 1.3630 0.3514 17.0000 0.4926
949 1.2567 0.7956 185.0000 0.3828
949 1.2793 0.7851 191.0000 0.3727
949 1.2957 0.7792 198.5000 0.3806
447 1.3625 0.8188 79.0000 0.3151
35 1.3639 0.3824 18.0000 0.8747
85 1.1769 0.5471 33.5000 0.6518
90 1.2164 0.4167 41.5000 0.7811
90 1.2773 0.3778 45.0000 0.8559
90 1.2443 0.4556 39.5000 0.7106
90 1.2530 0.4111 43.5000 0.4921
90 1.2479 0.4222 43.0000 0.8163
86 1.1724 0.6744 25.0000 0.8026
42 1.1585 0.4500 22.0000 0.9447
57 1.4083 0.2720 33.5000 0.5677
58 1.3981 0.2845 33.0000 0.4487
58 1.3022 0.2500 33.0000 0.4629
58 1.3499 0.2241 34.0000 0.4612
130 1.2994 0.4648 58.0000 0.7641
63 1.1925 0.2339 32.0000 0.9467
63 1.1980 0.2419 32.0000 0.9467
62 1.3320 0.3279 37.0000 0.9263
58 1.3289 0.2586 34.0000 0.4980
58 1.4032 0.1897 35.0000 0.4617
17 1.3448 0.1250 10.0000 0.8099
17 1.2857 0.2500 10.0000 0.9092
66 1.4385 0.4167 35.0000 0.8985
61 1.3054 0.3333 34.5000 0.9000
63 1.3288 0.2857 32.5000 0.9048
66 1.2903 0.2954 35.0000 0.9091
66 1.4227 0.3030 33.0000 0.9157
174 1.3538 0.3966 89.0000 0.4561
118 1.3282 0.3687 65.0000 0.6296
118 1.3239 0.3432 62.5000 0.5576
55 1.2075 0.2453 31.0000 0.8765
55 1.2626 0.2091 34.0000 0.8625
90 1.2037 0.5055 41.0000 0.7227
55 1.2504 0.2182 35.5000 0.8843
55 1.1913 0.2455 31.0000 0.8832
55 1.2413 0.2727 33.5000 0.9077
73 1.1166 0.8356 10.5000 0.5064
949 1.2691 0.7876 188.0000 0.3939
37 1.2331 0.4583 20.0000 0.5613
38 1.2165 0.2297 23.0000 0.6712
239 1.3038 0.4519 115.5000 0.2614
498 1.1081 0.9347 30.5000 0.5116
64 1.2397 0.5938 24.0000 0.6457
457 1.0832 0.9737 12.0000 0.5016
481 1.0905 0.9719 13.5000 0.4573
457 1.0827 0.9759 11.0000 0.4837
457 1.0808 0.9781 10.0000 0.4828
737 1.4160 0.5855 281.0000 0.4754
802 1.4133 0.6054 288.0000 0.4984
853 1.4058 0.6354 288.5000 0.4563
844 1.3866 0.6398 284.0000 0.4347
886 1.4438 0.6439 294.5000 0.4180
881 1.3980 0.6277 304.5000 0.4950
469 1.1667 0.8295 76.0000 0.2575
63 1.2368 0.3443 40.0000 0.9275
47 1.2504 0.2021 36.5000 0.9179
62 1.2450 0.2500 41.5000 0.9637
881 1.2056 0.7236 223.5000 0.6200
66 1.4848 0.3203 39.0000 0.9226
104 1.1406 0.4314 56.5000 0.9899
120 1.1313 0.4576 64.0000 0.9913
80 1.2060 0.5000 39.0000 0.9866
104 1.1468 0.4510 56.0000 0.9899
120 1.1333 0.4576 65.0000 0.9913
80 1.1843 0.4936 41.0000 0.9866
69 1.3928 0.3696 37.5000 0.5573
69 1.4189 0.4203 37.0000 0.5970
69 1.3660 0.3623 38.0000 0.7222
69 1.4239 0.3768 39.0000 0.6520
69 1.3468 0.3913 36.5000 0.5398
69 1.3180 0.3623 38.0000 0.5789
69 1.3634 0.3913 36.0000 0.5970
69 1.3379 0.3768 37.0000 0.5789
69 1.3787 0.3623 39.0000 0.5733
69 1.3564 0.4058 36.0000 0.5327
68 1.3553 0.4118 36.0000 0.7854
72 1.3609 0.3611 38.0000 0.6391
72 1.3834 0.3959 38.0000 0.6631
72 1.3651 0.3750 37.0000 0.6522
72 1.3476 0.4028 38.0000 0.6325
87 1.2170 0.5059 38.0000 0.6286
61 1.3135 0.3333 35.0000 0.9000
52 1.1928 0.3654 28.0000 0.9786
52 1.2563 0.3846 24.0000 1.0000
52 1.2558 0.3846 24.0000 1.0000
52 1.2558 0.3846 24.0000 1.0000
52 1.2558 0.3846 24.0000 1.0000
52 1.1654 0.2981 30.0000 0.9538
52 1.1606 0.2885 27.0000 0.9115
90 1.2500 0.5000 41.0000 0.4168
95 1.1879 0.5526 38.0000 0.7362
79 1.1378 0.6835 23.0000 0.6311

