63 1.1747 0.6825 20.0000 0.4230
63 1.2633 0.6429 21.5000 0.5165
33 1.2880 0.4219 17.0000 0.6369
62 1.1290 0.7903 13.0000 0.5379
62 1.1503 0.8065 11.0000 0.5293
62 1.1555 0.7903 13.0000 0.5460
62 1.1557 0.7903 13.0000 0.5460
62 1.1555 0.7903 13.0000 0.5460
62 1.1555 0.7903 13.0000 0.5460
62 1.1558 0.7903 13.0000 0.5460
34 1.4311 0.4118 19.0000 0.2842
34 1.4055 0.4412 18.0000 0.2842
34 1.4385 0.3382 18.0000 0.2842
42 1.1618 0.4286 18.0000 0.9129
62 1.1633 0.7661 14.5000 0.5246
62 1.1847 0.7581 15.0000 0.5051
62 1.1633 0.7661 14.5000 0.5246
62 1.1847 0.7581 15.0000 0.5051
62 1.1633 0.7661 14.5000 0.5246
62 1.1847 0.7581 15.0000 0.5051
42 1.2025 0.4286 20.0000 0.9129
42 1.1751 0.5357 17.0000 0.7380
46 1.2387 0.5000 23.0000 0.8817
33 1.1492 0.6406 12.5000 0.8069
46 1.2335 0.5455 21.0000 0.9218
42 1.2995 0.5000 19.0000 0.7414
20 1.2243 0.2222 12.0000 0.9324
62 1.1473 0.8033 13.0000 0.4830
62 1.1644 0.7869 14.0000 0.4830
19 1.0974 0.5294 9.0000 0.9225
62 1.1465 0.8065 12.0000 0.5094
62 1.1465 0.8065 12.0000 0.5094
62 1.1913 0.8387 10.0000 0.4709
62 1.1425 0.7258 16.0000 0.4527
62 1.1615 0.7258 16.0000 0.3626
62 1.1949 0.7742 13.0000 0.3837
46 1.2197 0.4887 23.0000 0.8695
88 1.2131 0.5625 37.5000 0.6589
88 1.2662 0.5909 34.0000 0.5528
46 1.1778 0.5000 22.0000 0.5227
14 1.1552 0.3333 9.0000 0.4789
46 1.2873 0.4091 22.0000 0.9249
46 1.1827 0.3522 22.0000 0.8402
46 1.1948 0.5114 22.5000 0.9218
46 1.2204 0.4773 23.0000 0.8695
46 1.2107 0.3864 22.5000 0.9218
46 1.1794 0.5000 23.0000 0.8402
64 1.2383 0.5859 26.0000 0.6006
45 1.1317 0.7209 14.0000 0.1614
46 1.1708 0.5000 17.0000 0.9603
42 1.1152 0.5238 18.0000 0.7615
42 1.1294 0.4762 18.0000 0.7615
32 1.1382 0.6562 10.0000 0.7632
44 1.2229 0.3929 23.0000 0.7112
42 1.2136 0.5238 17.0000 0.9129
42 1.1918 0.4881 19.0000 0.8201
42 1.1756 0.4524 19.0000 0.7615
42 1.1652 0.4524 19.0000 0.9129
42 1.2428 0.4524 18.0000 0.7001
42 1.1684 0.4048 21.0000 0.8546
42 1.2651 0.5500 17.0000 0.7546
44 1.2848 0.5682 18.0000 0.6757
42 1.2386 0.5476 18.0000 0.8331
33 1.2039 0.4516 16.0000 0.4368
33 1.1761 0.5161 15.0000 0.4100
33 1.1458 0.5161 15.0000 0.4100
42 1.2745 0.3929 21.0000 0.7143
42 1.1603 0.5000 21.0000 0.8816
19 1.1759 0.4118 9.0000 0.8597
84 1.2917 0.5833 33.0000 0.6085
41 1.1976 0.5128 19.0000 0.1036
16 1.2159 0.1667 12.0000 0.8044
60 1.1471 0.6667 21.0000 0.6338
60 1.1359 0.6207 23.0000 0.7990
86 1.1448 0.6221 31.5000 0.8908
92 1.2785 0.5380 41.0000 0.9411
92 1.3447 0.4891 42.0000 0.9699
88 1.2393 0.4659 42.0000 0.9558
92 1.2925 0.3913 46.0000 0.8401
88 1.2518 0.4886 39.0000 0.8947
88 1.3188 0.4773 40.0000 0.8955
81 1.2281 0.4321 43.0000 0.8794
16 1.2953 0.3571 9.0000 0.9079
16 1.2558 0.6562 4.5000 0.9220
91 1.1435 0.5667 39.0000 0.7921
92 1.1903 0.5652 38.5000 0.8891
91 1.2052 0.5330 38.0000 0.8346
91 1.2157 0.5769 36.0000 0.8207
65 1.1961 0.4531 32.0000 0.8076
16 1.2124 0.4375 8.0000 0.9220
16 1.2590 0.4688 8.0000 0.9220
82 1.2582 0.5854 31.5000 0.6285
923 1.2359 0.7031 257.0000 0.4355
73 1.1869 0.7671 17.0000 0.4847
11 1.2420 0.2727 8.0000 0.7610
73 1.1911 0.5890 27.0000 0.5028
73 1.2009 0.5753 28.0000 0.4919
184 1.5962 0.3967 99.0000 0.4847
22 1.1043 0.0455 21.0000 0.8906
22 1.1574 0.1818 13.0000 0.5587
22 1.1942 0.4091 12.0000 0.9466
28 1.1313 0.6154 9.0000 0.9560
70 1.2506 0.5152 26.0000 0.8295
74 1.2347 0.4714 32.0000 0.9657
72 1.2501 0.4559 30.0000 0.8576
70 1.2037 0.5368 30.0000 0.9061
70 1.2708 0.4848 29.5000 0.9060
72 1.1994 0.4706 32.0000 0.9156
70 1.2548 0.5000 29.0000 0.8295
74 1.2538 0.4714 31.0000 0.7562
70 1.2409 0.5000 31.0000 0.7976
74 1.1772 0.5714 31.0000 0.8800
86 1.1954 0.4884 37.0000 0.5981
87 1.2128 0.5517 37.0000 0.8132
86 1.1885 0.4767 37.0000 0.5981
86 1.1971 0.5465 34.0000 0.7447
86 1.2241 0.4767 38.0000 0.6478
82 1.1839 0.5610 34.5000 0.6604
86 1.2284 0.4535 39.0000 0.7328
87 1.1902 0.5919 33.0000 0.8816
86 1.2217 0.4826 38.0000 0.6702
86 1.1905 0.5756 34.5000 0.7841
86 1.2268 0.5174 36.0000 0.7105
86 1.2133 0.5814 35.0000 0.7289
86 1.1949 0.5000 37.0000 0.6929
87 1.1972 0.5805 34.5000 0.7291
86 1.1789 0.4767 40.5000 0.5736
85 1.2422 0.5529 36.0000 0.5956
86 1.1629 0.4651 40.0000 0.5750
87 1.1905 0.5747 36.0000 0.7517
86 1.1913 0.6585 29.0000 0.9173
86 1.1993 0.6707 27.5000 0.9085
86 1.2252 0.4767 40.0000 0.6331
86 1.1767 0.4884 41.0000 0.7146
42 1.1760 0.6429 15.0000 0.7252
42 1.1297 0.5610 17.0000 0.6410
43 1.2470 0.5833 15.0000 0.3739
20 1.2639 0.5500 8.0000 0.8921
20 1.2407 0.5500 9.0000 0.8921
20 1.2630 0.6000 8.0000 0.8921
20 1.2750 0.6000 8.0000 0.8921
20 1.2707 0.5000 10.0000 0.8921
20 1.2714 0.5500 8.0000 0.8921
98 1.2271 0.5357 43.5000 0.8724
42 1.1709 0.5952 15.0000 0.9129
84 1.1780 0.7381 22.0000 0.5530
46 1.2813 0.4432 23.0000 0.8695
65 1.2592 0.4098 31.0000 0.0859
82 1.1986 0.7561 19.0000 0.5014
82 1.1712 0.7561 20.0000 0.5897
42 1.2974 0.5357 19.0000 0.8816
11 1.2186 0.3000 7.0000 0.6857
44 1.1917 0.5909 18.0000 0.7257
16 1.2303 0.4000 9.0000 0.3917
16 1.2417 0.4000 10.0000 0.4866
16 1.1900 0.4000 9.0000 0.3917
16 1.1668 0.4000 9.0000 0.4866
16 1.2229 0.3333 10.0000 0.3917
16 1.1390 0.4000 10.0000 0.3917
16 1.2845 0.3667 9.0000 0.3917
16 1.1835 0.3667 9.5000 0.3917
42 1.2111 0.4762 20.5000 0.7842
67 1.1877 0.4000 32.0000 0.7379
39 1.2273 0.4028 22.0000 0.8885
63 1.2058 0.6190 21.0000 0.7702
63 1.2003 0.6349 21.0000 0.9039
20 1.0781 0.8333 4.0000 0.9324
20 1.1054 0.6667 7.0000 0.9324
20 1.1835 0.7222 5.5000 0.9324
20 1.1946 0.4444 7.5000 0.9324
21 1.0845 0.3000 9.0000 0.7942
20 1.1212 0.3000 9.0000 0.8773
42 1.2448 0.4286 21.5000 0.7164
41 1.2170 0.6829 13.0000 0.0595
47 1.3848 0.5319 21.0000 0.6029
47 1.3969 0.5426 21.0000 0.6667
46 1.4064 0.4783 22.0000 0.7150
48 1.3969 0.5104 22.5000 0.5926
40 1.1591 0.5128 18.0000 0.7838
46 1.4303 0.3913 25.0000 0.5630
46 1.3509 0.4348 19.0000 0.6307
46 1.3653 0.3913 24.0000 0.6304
47 1.3488 0.4255 22.0000 0.8158
47 1.4074 0.5106 19.5000 0.5940
47 1.3466 0.4043 23.0000 0.4746
15 1.2308 0.4615 8.0000 0.8063
55 2.3510 0.2593 30.0000 0.3055
84 1.2586 0.4821 40.5000 0.4983
83 1.2867 0.4578 41.0000 0.4193
62 1.1753 0.7742 14.0000 0.5094
62 1.1557 0.7903 13.0000 0.5460
60 2.2219 0.3729 33.0000 0.7589
59 1.8716 0.3947 28.5000 0.6205
61 1.9097 0.3500 32.0000 0.5753
61 1.8083 0.4000 29.0000 0.5861
62 1.1633 0.7661 14.5000 0.5246
62 1.1847 0.7581 15.0000 0.5051
87 1.2994 0.4828 40.0000 0.5685
87 1.2923 0.4943 41.0000 0.4577
87 1.2873 0.5919 34.0000 0.5995
87 1.2451 0.4943 41.0000 0.4466
87 1.2239 0.5575 36.5000 0.5727
87 1.2483 0.5575 36.5000 0.5222
84 1.2300 0.5119 36.0000 0.4967
84 1.2382 0.6071 32.5000 0.6769
84 1.2772 0.5357 36.0000 0.4407
84 1.2635 0.6667 27.0000 0.4316
84 1.2338 0.4940 40.0000 0.6194
84 1.2748 0.6250 31.5000 0.6705
84 1.2666 0.5000 39.5000 0.6338
84 1.2664 0.6250 31.0000 0.6886
84 1.2641 0.4881 38.5000 0.5916
84 1.2813 0.7084 24.5000 0.4490
84 1.2948 0.5060 38.5000 0.5554
84 1.2696 0.5595 34.0000 0.6389
30 1.2658 0.4444 17.0000 0.8331
28 1.2653 0.5385 14.0000 0.8329
26 1.3638 0.4375 14.0000 0.8629
85 1.2814 0.5412 37.0000 0.2365
85 1.3251 0.6059 32.0000 0.5920
84 1.3159 0.5535 36.0000 0.3629
84 1.2128 0.5714 35.0000 0.3757
83 1.2431 0.6626 25.5000 0.4066
83 1.3188 0.5301 34.5000 0.5812
83 1.3375 0.5301 34.0000 0.5396
20 1.2046 0.4000 8.0000 0.4836
18 1.0850 0.0882 8.5000 0.9320
28 1.1638 0.4231 16.0000 0.9340
29 1.2938 0.4615 16.0000 0.8666
28 1.1959 0.4400 16.0000 0.9339
27 1.1435 0.4800 15.0000 0.8790
28 1.1920 0.4231 16.0000 0.8560
28 1.1373 0.4231 16.0000 0.8792
28 1.2241 0.3846 17.0000 0.8329
75 1.1608 0.5676 26.5000 0.5817
73 1.1869 0.7671 17.0000 0.4847
40 1.2445 0.3590 21.0000 0.8149
31 1.1643 0.2500 24.0000 1.0000
60 1.8624 0.3475 33.0000 0.7445
60 1.8154 0.3898 30.0000 0.4314
12 1.0392 0.5000 6.0000 0.3234
45 1.2001 0.3256 27.0000 0.9204
45 1.1971 0.2558 22.0000 0.9217
45 1.1760 0.2558 22.5000 0.9217
60 1.6023 0.2542 36.0000 0.5874
60 1.6576 0.2542 34.5000 0.6120
45 1.1951 0.2558 28.0000 0.8938
45 1.2014 0.3023 27.0000 0.9204
158 1.7953 0.4618 74.0000 0.0884
17 1.4094 0.2353 11.0000 0.4896
87 1.2478 0.5057 40.5000 0.6582
40 1.3538 0.4474 19.5000 0.7275
73 1.2077 0.7466 18.5000 0.4348
18 1.2550 0.3750 9.5000 0.2680
16 1.0960 0.4286 7.0000 1.0000
16 1.1639 0.3571 7.0000 1.0000
73 1.1260 0.8219 10.5000 0.4959
73 1.1551 0.7808 16.0000 0.4959
91 1.5122 0.4451 45.0000 0.6546
73 1.1911 0.8151 13.5000 0.5306
91 1.3335 0.5769 36.5000 0.8034
73 1.1263 0.8630 10.0000 0.4959
91 1.2547 0.4835 42.0000 0.9169
73 1.2062 0.6849 22.0000 0.9349
62 1.1914 0.6935 16.0000 0.5246
73 1.2121 0.6027 26.0000 0.3543
73 1.2136 0.5616 28.0000 0.4840
40 1.2633 0.5000 19.0000 0.7543
99 1.5494 0.5051 41.0000 0.3536
254 1.6059 0.4528 118.0000 0.6265
229 1.5002 0.4979 103.5000 0.5117
42 1.2950 0.4359 22.0000 0.6421
25 1.1982 0.4348 13.5000 0.7247
25 1.1303 0.3913 14.0000 0.7247
25 1.2136 0.4131 13.5000 0.6053
25 1.1285 0.3913 15.0000 0.8295
22 1.2320 0.1818 12.0000 0.9334
83 1.2054 0.7711 19.0000 0.5679
85 1.2319 0.7176 24.0000 0.6290
82 1.2000 0.7439 20.5000 0.4214
83 1.1917 0.7805 17.0000 0.5935
169 1.4998 0.4497 77.5000 0.4010
910 1.4061 0.6780 265.0000 0.3065
146 1.4158 0.5342 62.5000 0.6179
20 1.1432 0.8333 4.0000 0.9324
15 1.2589 0.5385 7.5000 0.8063
59 1.5694 0.3190 37.5000 0.8158
59 1.9766 0.3190 31.0000 0.8332
73 1.1874 0.8082 13.5000 0.4737
73 1.1608 0.7876 15.5000 0.4919
73 1.1328 0.8630 10.0000 0.4964
73 1.1705 0.8425 11.5000 0.4906
73 1.1702 0.8425 11.5000 0.4906
73 1.1903 0.8219 12.5000 0.4688
103 1.4712 0.4902 46.5000 0.4577
40 1.3817 0.3461 22.0000 0.7987
40 1.2925 0.3684 20.0000 0.7200
40 1.2254 0.3158 20.0000 0.6423
40 1.2523 0.4103 20.5000 0.6421
40 1.2138 0.3846 21.0000 0.7235
40 1.2477 0.4103 21.0000 0.6774
40 1.3008 0.5385 17.0000 0.6421
40 1.2953 0.4359 19.0000 0.6421
44 1.2234 0.4762 23.0000 0.8681
44 1.2078 0.4167 24.0000 0.8816
101 1.3964 0.5297 43.5000 0.5491
103 1.3836 0.4951 47.5000 0.6433
41 1.1756 0.6585 14.0000 0.9058
42 1.2887 0.5833 16.0000 0.8769
295 1.4336 0.4949 123.5000 0.6815
176 1.3429 0.4801 81.0000 0.5444
296 1.6952 0.4341 144.0000 0.5378
59 1.4796 0.2931 40.0000 0.8158
29 1.3592 0.5385 14.0000 0.8792
12 1.2372 0.1667 9.0000 0.3234
12 1.2075 0.3750 7.5000 0.3234
12 1.1682 0.1667 9.0000 0.3234
12 1.2732 0.1667 9.0000 0.3234
12 1.0971 0.6667 4.0000 0.3234
12 1.3512 0.6667 4.0000 0.3234
12 1.3899 0.3333 7.5000 0.3234
12 1.3856 0.2500 9.0000 0.3234
12 1.2053 0.5000 6.0000 0.3234
45 1.1777 0.2619 17.5000 0.9204
87 1.4045 0.4598 39.5000 0.6098
87 1.3464 0.5581 37.0000 0.5673
95 1.1584 0.5426 40.0000 0.9127
238 1.5025 0.5021 103.0000 0.7547
95 1.5279 0.5053 41.0000 0.3545
95 1.5377 0.4421 45.0000 0.4174
13 1.2759 0.1667 10.0000 0.8597
13 1.1195 0.5000 7.0000 0.8597
64 1.2653 0.6250 22.5000 0.6119
64 1.2959 0.6094 22.0000 0.6040
64 1.2605 0.5938 25.5000 0.5755
28 1.2014 0.6429 9.0000 0.6076
28 1.5652 0.3929 13.0000 0.4035
29 1.3209 0.5517 12.0000 0.5617
29 1.2696 0.4483 13.0000 0.2153
41 1.2422 0.5854 17.0000 0.6777
87 1.2494 0.5230 39.5000 0.6467
621 1.9474 0.5370 245.0000 0.2382
621 1.9335 0.5427 244.0000 0.2298
19 1.1543 0.3333 10.0000 0.8507
40 1.2382 0.3684 22.0000 0.5927
40 1.3548 0.4103 20.0000 0.6774
40 1.2525 0.3947 21.5000 0.6773
157 1.3986 0.6752 44.5000 0.2716
157 1.4160 0.6497 49.0000 0.2637
163 1.1590 0.4565 79.0000 0.6477
97 1.1650 0.5979 36.0000 0.7727
23 1.2055 0.3478 10.0000 0.2788
386 1.5642 0.5363 159.5000 0.4562
18 1.1166 0.2778 10.0000 0.9324
19 1.0902 0.4211 10.0000 0.8768
14 1.2094 0.4615 8.0000 0.8607
25 1.2435 0.7000 7.5000 0.9114
25 1.2434 0.7000 7.5000 0.9114
25 1.1560 0.5400 10.5000 0.7405
25 1.1937 0.6600 8.5000 0.9114
25 1.2277 0.5400 11.0000 0.4875
25 1.1861 0.5600 11.0000 0.7405
34 1.2218 0.4853 17.0000 1.0000
923 1.4653 0.5710 357.0000 0.4385
923 1.4505 0.5103 403.0000 0.4119
29 1.2375 0.5862 11.0000 0.9118
26 1.1660 0.7083 8.0000 0.7965
26 1.1373 0.5834 11.0000 0.8298
26 1.1369 0.5834 11.0000 0.8298
217 1.4967 0.6267 75.5000 0.3383
458 1.1857 0.8253 79.0000 0.4114
54 1.3351 0.3797 28.5000 0.7695
43 1.3352 0.3721 23.0000 0.7094
25 1.2392 0.4800 9.0000 0.2254
62 1.1814 0.7339 16.5000 0.5080
20 1.2337 0.5000 9.0000 1.0000
20 1.2282 0.4500 9.5000 0.9330
20 1.2401 0.6500 7.0000 0.9330
20 1.1939 0.6000 8.0000 1.0000
19 1.2101 0.1316 16.5000 0.9327
43 1.2597 0.3256 19.0000 0.7099
98 1.1980 0.6633 33.0000 0.7798
55 1.2498 0.4400 29.0000 0.6309
55 1.3419 0.4528 29.0000 0.5371
63 1.1917 0.3607 33.0000 0.9091
944 1.3697 0.6039 345.0000 0.3667
944 1.3419 0.6310 325.5000 0.3599
402 1.1752 0.8595 54.5000 0.4953
109 1.4089 0.3211 57.5000 0.7752
130 1.6673 0.3846 66.5000 0.7276
20 1.1322 0.2632 14.0000 0.4594
98 1.2878 0.5729 37.0000 0.8137
146 1.1711 0.7979 28.5000 0.4881
453 1.0962 0.8852 50.5000 0.4385
146 1.1692 0.8151 26.0000 0.6330
453 1.1202 0.8819 52.5000 0.3057
54 1.2438 0.4722 25.0000 0.9065
85 1.2810 0.4706 37.0000 0.5787
87 1.3137 0.4886 39.0000 0.5867
472 1.1509 0.9057 44.0000 0.1681
927 1.2390 0.6796 279.0000 0.4682
924 1.2360 0.6824 282.0000 0.4375
924 1.2349 0.6753 278.5000 0.3990
924 1.2343 0.6851 276.0000 0.4426
924 1.2454 0.6840 277.0000 0.4069
924 1.2352 0.6677 287.0000 0.3902
924 1.2544 0.6861 273.5000 0.4344
64 1.2653 0.6250 22.5000 0.6119
79 1.3605 0.6076 27.0000 0.3667
928 1.2156 0.7047 255.0000 0.4558
928 1.2203 0.7064 254.0000 0.4317
928 1.2041 0.7086 257.0000 0.4027
928 1.2827 0.6886 273.0000 0.3812
453 1.0566 0.9868 6.0000 0.5529
453 1.0598 0.9868 6.0000 0.5668
453 1.0638 0.9823 8.0000 0.5776
453 1.0650 0.9845 7.0000 0.4355
453 1.0678 0.9801 9.0000 0.4252
453 1.0718 0.9746 11.5000 0.5928
453 1.0873 0.9625 16.5000 0.5615
453 1.0825 0.9592 18.5000 0.4756
24 1.1716 0.3636 10.0000 0.9466
22 1.2052 0.5455 10.0000 0.9466
465 1.1260 0.8817 54.0000 0.4205
52 1.1932 0.2885 26.0000 0.9786
210 1.5195 0.5167 86.0000 0.4985
120 1.3572 0.0791 108.0000 0.9831
62 1.2016 0.0000 61.0000 0.5223
48 1.1953 0.5208 20.0000 0.9063
48 1.2048 0.5000 20.0000 0.9082
49 1.2032 0.4490 22.5000 0.9134
48 1.1726 0.5833 20.0000 0.2748
48 1.2392 0.4792 20.0000 0.8467
48 1.2218 0.5417 21.0000 0.8467
48 1.2001 0.5000 19.0000 0.9082
48 1.2085 0.5312 22.0000 0.8750
48 1.2398 0.5000 18.0000 0.8467
48 1.1925 0.5000 20.0000 0.9082
36 1.9419 0.2286 26.5000 0.4052
98 1.2462 0.5408 42.0000 0.6453
50 1.2497 0.5500 21.0000 0.8670
44 1.2161 0.4048 18.0000 0.9476
944 1.2628 0.7105 255.5000 0.4197
84 1.1828 0.6190 32.0000 0.5592
65 1.2096 0.5846 26.0000 0.8994
242 1.5036 0.3182 145.0000 0.4264
242 1.4779 0.3264 142.0000 0.4697
73 1.1348 0.7671 17.0000 0.4955
87 1.2647 0.6322 30.0000 0.6533
87 1.2156 0.6782 28.0000 0.7162
87 1.2123 0.6609 29.0000 0.7162
86 1.1817 0.4651 38.0000 0.6509
84 1.2679 0.5535 35.0000 0.6329
51 1.2489 0.4700 25.0000 0.5055
51 1.2056 0.4286 26.0000 0.4069
51 1.3008 0.5200 24.0000 0.8000
51 1.3304 0.4314 27.5000 0.7787
51 1.3211 0.3922 28.0000 0.7977
51 1.3123 0.4020 28.0000 0.7885
51 1.3746 0.4902 25.0000 0.6137
51 1.2993 0.4800 25.5000 0.7628
51 1.2913 0.4600 25.5000 0.7483
51 1.2737 0.5294 22.5000 0.5529
51 1.3367 0.5294 22.5000 0.7376
51 1.3077 0.4902 25.0000 0.7269
51 1.3506 0.4510 26.0000 0.7269
51 1.2409 0.4902 24.0000 0.5995
924 1.2445 0.6759 282.0000 0.4067
86 1.2304 0.4593 40.0000 0.6190
86 1.2986 0.4651 41.5000 0.4495
13 1.2554 0.3846 8.0000 0.6945
14 1.1638 0.0714 13.0000 0.9079
14 1.1451 0.0000 13.0000 0.9079
14 1.4650 0.0000 13.0000 0.9079
14 1.1207 0.0000 13.0000 0.9079
15 1.2794 0.1333 13.0000 0.9215
15 1.3084 0.0667 14.0000 0.9215
15 1.2954 0.1333 13.0000 0.9215
15 1.2898 0.0000 14.0000 0.8239
34 1.3604 0.2647 21.0000 0.4971
35 1.3317 0.3714 19.5000 0.6086
46 1.4351 0.4130 23.0000 0.5523
35 1.3449 0.4000 18.0000 0.5835
32 1.1688 0.6250 12.0000 0.7960
31 1.1446 0.7097 9.0000 0.7575
32 1.1738 0.6250 12.0000 0.7578
32 1.2323 0.6562 11.0000 0.7578
73 1.2558 0.7671 17.0000 0.4059
73 1.1769 0.7808 16.0000 0.4847
73 1.2013 0.7466 14.5000 0.4737
73 1.2102 0.7397 19.0000 0.4046
73 1.2013 0.7466 14.5000 0.4737
73 1.1829 0.8493 11.0000 0.4117
73 1.1983 0.7740 16.5000 0.5493
75 1.2811 0.4400 38.0000 0.8130
42 1.3067 0.2381 30.0000 0.9677
42 1.2035 0.2143 31.0000 0.9363
42 1.3225 0.2619 28.0000 0.9520
42 1.2866 0.3095 28.5000 0.9677
909 1.2833 0.7085 250.5000 0.3282
941 1.2586 0.6998 263.0000 0.3303
947 1.2314 0.7408 233.5000 0.3261
946 1.2009 0.7315 240.0000 0.4197
946 1.2008 0.7415 231.5000 0.3490
946 1.2013 0.7510 226.0000 0.3707
946 1.1917 0.7537 223.0000 0.4106
70 1.2387 0.5286 29.0000 0.3318
621 1.9037 0.5160 248.5000 0.1656
37 1.2614 0.4324 17.0000 0.3952
949 1.2449 0.7651 213.5000 0.3092
949 1.2619 0.7592 218.0000 0.3356
949 1.2620 0.7640 215.5000 0.3181
447 1.1781 0.8266 73.0000 0.3344
35 1.3636 0.5294 17.0000 0.7406
85 1.2069 0.6294 30.0000 0.6580
90 1.3382 0.4500 43.0000 0.8392
90 1.3344 0.4056 44.0000 0.5621
90 1.3418 0.4278 42.0000 0.8757
90 1.3184 0.4222 44.0000 0.7990
90 1.3557 0.4889 40.0000 0.8378
86 1.2118 0.6163 30.0000 0.9465
42 1.1885 0.3750 24.0000 0.9727
57 1.4676 0.2720 32.0000 0.4991
58 1.5118 0.3448 32.0000 0.4786
58 1.4124 0.3448 32.0000 0.6143
58 1.4917 0.3190 31.0000 0.5150
130 1.3054 0.5820 49.0000 0.7730
63 1.2154 0.3226 36.0000 0.7831
63 1.2134 0.3226 36.0000 0.7831
62 1.4406 0.2951 34.0000 0.9507
58 1.4758 0.3103 31.5000 0.5060
58 1.5522 0.2759 32.0000 0.5341
17 1.2095 0.5625 8.0000 0.9092
17 1.1459 0.2500 12.0000 0.9092
66 1.4672 0.4318 33.5000 0.8848
61 1.4018 0.3584 34.0000 0.9125
63 1.4425 0.2460 39.0000 0.9108
66 1.3777 0.3333 36.0000 0.8933
66 1.3797 0.3636 37.0000 0.8772
174 1.4519 0.3678 88.0000 0.5520
118 1.3455 0.3475 62.0000 0.6148
118 1.3310 0.3601 63.5000 0.7184
55 1.2228 0.4906 27.0000 0.8765
55 1.2524 0.4364 27.0000 0.8625
90 1.2635 0.5167 38.5000 0.5275
55 1.2785 0.4091 26.5000 0.8843
55 1.2658 0.4545 26.0000 0.9033
55 1.2341 0.4909 27.0000 0.9284
73 1.1347 0.7671 17.0000 0.4955
949 1.2626 0.7661 213.5000 0.3341
37 1.3404 0.4722 20.0000 0.5925
38 1.3418 0.3514 21.5000 0.4704
239 1.5562 0.5000 100.5000 0.3855
498 1.0827 0.9558 21.0000 0.5587
64 1.3330 0.6094 21.0000 0.6119
457 1.0635 0.9825 8.0000 0.5878
481 1.0795 0.9730 13.0000 0.4434
457 1.0631 0.9847 7.0000 0.4235
457 1.0635 0.9836 7.5000 0.5811
737 1.3061 0.5970 268.5000 0.4638
802 1.3333 0.5860 301.0000 0.4808
853 1.3082 0.6278 290.5000 0.4209
844 1.2825 0.6368 283.5000 0.4889
886 1.2908 0.6523 284.0000 0.3849
881 1.3249 0.6476 284.5000 0.4415
469 1.1330 0.8263 77.0000 0.2826
63 1.1499 0.3361 31.0000 0.9637
47 1.2293 0.1915 37.0000 0.8629
62 1.2043 0.3500 29.0000 0.9255
881 1.4350 0.6862 251.5000 0.6054
66 1.3687 0.2812 36.5000 0.8948
104 1.2113 0.0686 92.5000 0.9899
120 1.2522 0.0678 101.0000 0.9913
80 1.2041 0.0577 74.5000 0.9866
104 1.1947 0.0539 95.0000 0.9899
120 1.2656 0.0763 102.0000 0.9913
80 1.2226 0.0897 70.0000 0.9866
69 1.2482 0.3478 38.0000 0.5179
69 1.2503 0.4131 37.0000 0.5179
69 1.2730 0.3695 39.0000 0.5421
69 1.2643 0.3623 38.5000 0.5338
69 1.2579 0.4058 38.0000 0.4964
69 1.2346 0.4058 37.0000 0.4585
69 1.2889 0.3985 37.0000 0.5104
69 1.2787 0.3913 37.0000 0.5034
69 1.2846 0.4348 37.0000 0.5803
69 1.2824 0.4058 38.0000 0.5034
68 1.2792 0.3898 37.0000 0.5326
72 1.2923 0.3750 40.0000 0.4968
72 1.2874 0.3750 41.0000 0.4968
72 1.3091 0.3820 40.0000 0.5220
72 1.2843 0.3889 39.0000 0.5335
87 1.1997 0.5647 37.0000 0.7169
61 1.4360 0.3584 35.0000 0.9263
52 1.3042 0.3462 28.0000 1.0000
52 1.2525 0.2885 29.0000 1.0000
52 1.2523 0.2885 29.0000 1.0000
52 1.2523 0.2885 29.0000 1.0000
52 1.2523 0.2885 29.0000 1.0000
52 1.2742 0.3366 28.0000 0.9324
52 1.3109 0.2885 27.0000 0.9353
90 1.2245 0.6000 31.5000 0.8354
95 1.1957 0.4264 45.0000 0.4450
79 1.1785 0.6266 26.0000 0.5895

