63 1.3779 0.6508 20.5000 0.4944
63 1.3596 0.6746 19.0000 0.5289
33 1.3905 0.5312 14.0000 0.4845
62 1.3620 0.6613 18.0000 0.5451
62 1.3438 0.6855 16.5000 0.5363
62 1.3476 0.6613 17.5000 0.5080
62 1.3476 0.6613 17.5000 0.5080
62 1.3476 0.6613 17.5000 0.5080
62 1.3474 0.6613 17.5000 0.5080
62 1.3474 0.6613 17.5000 0.5080
34 2.1859 0.4706 16.5000 0.1579
42 1.6159 0.4762 20.0000 0.8673
62 1.3539 0.6855 17.0000 0.5451
62 1.3763 0.6613 18.0000 0.5418
62 1.3539 0.6855 17.0000 0.5451
62 1.3763 0.6613 18.0000 0.5418
62 1.3539 0.6855 17.0000 0.5451
62 1.3763 0.6613 18.0000 0.5418
42 1.6075 0.5714 17.0000 0.7497
41 1.6958 0.3718 22.0000 0.1009
41 1.5816 0.3590 21.0000 0.1036
42 1.6367 0.5952 16.5000 0.7252
46 1.5539 0.4887 22.5000 0.9205
33 1.3349 0.5625 13.0000 0.8552
46 1.4954 0.4545 22.0000 0.9205
42 1.5393 0.6375 16.0000 0.7546
20 1.6480 0.1667 13.0000 0.9324
62 1.3579 0.6557 18.5000 0.5099
62 1.3441 0.6393 19.0000 0.5251
19 1.8697 0.4118 8.0000 0.9225
62 1.3571 0.6694 18.0000 0.5223
62 1.3571 0.6694 18.0000 0.5223
62 1.3139 0.6694 18.0000 0.5363
62 1.3388 0.6532 18.0000 0.5293
62 1.4069 0.6935 16.0000 0.5161
62 1.3714 0.7339 15.0000 0.5111
46 1.6060 0.4432 23.0000 0.9205
88 1.3499 0.6137 32.5000 0.6531
88 1.3095 0.6023 34.0000 0.6772
46 1.2206 0.4783 22.0000 0.7388
14 1.4982 0.3333 9.0000 0.4789
46 1.6616 0.4091 24.0000 0.9603
46 1.6201 0.3636 24.0000 0.9205
46 1.5983 0.3977 24.0000 0.8925
46 1.5520 0.4091 23.0000 0.9205
46 1.5899 0.4204 24.0000 0.9205
46 1.6136 0.3409 25.0000 0.9205
64 1.3938 0.6094 22.5000 0.6632
45 1.4695 0.5697 20.5000 0.7255
41 1.7090 0.3077 21.0000 0.0983
46 1.5320 0.5000 19.0000 0.8930
42 1.4893 0.5952 15.0000 0.8325
42 1.4840 0.6190 15.0000 0.8015
32 1.5021 0.6562 10.0000 0.7468
44 1.5511 0.5714 19.0000 0.7842
42 1.5677 0.4881 20.0000 0.8673
42 1.5214 0.6310 15.5000 0.6606
42 1.5205 0.4762 21.0000 0.9129
42 1.6372 0.5000 19.5000 0.9129
42 1.6740 0.5238 20.0000 0.7469
42 1.5192 0.6310 15.0000 0.8493
42 1.4693 0.6250 15.5000 0.7546
44 1.2677 0.7387 11.5000 0.6638
42 1.6589 0.5714 17.0000 0.8107
33 1.7757 0.4839 16.0000 0.7556
33 1.7829 0.4839 16.0000 0.5597
33 1.6526 0.3871 16.0000 0.7326
42 1.7298 0.3810 20.5000 0.5493
42 1.5175 0.5238 19.0000 0.7608
19 1.4024 0.4706 9.0000 0.8597
84 1.2715 0.6429 29.0000 0.5068
41 1.6421 0.3718 21.0000 0.1202
41 1.6639 0.3590 23.0000 0.1097
16 1.3485 0.3333 10.0000 0.4715
60 1.3893 0.6316 21.0000 0.7557
41 1.6800 0.3590 21.0000 0.1036
60 1.4001 0.6120 21.0000 0.6849
41 1.7360 0.3158 23.0000 0.2185
86 1.3187 0.5872 34.0000 0.5707
92 1.5010 0.4891 39.0000 0.9118
92 1.4140 0.4674 40.5000 0.9180
88 1.4848 0.5455 35.5000 0.9558
92 1.5368 0.4891 39.0000 0.9056
88 1.4943 0.5398 34.5000 0.8934
88 1.4071 0.4943 36.0000 0.9334
81 1.3763 0.4939 39.0000 0.9369
16 1.6600 0.4286 8.0000 0.9079
16 1.6213 0.4062 8.0000 0.9220
91 1.3972 0.5111 41.5000 0.7342
92 1.4747 0.5272 38.0000 0.8067
91 1.4032 0.4945 42.0000 0.8499
91 1.5138 0.5824 35.5000 0.8379
65 1.6260 0.5234 29.5000 0.8751
16 1.7812 0.4375 8.0000 0.9220
16 1.7706 0.4062 8.0000 0.9220
82 1.3935 0.5183 36.0000 0.5630
923 1.2183 0.6002 355.0000 0.4353
73 1.1950 0.8493 11.0000 0.4737
11 1.6621 0.2273 8.5000 0.2756
73 1.3084 0.7055 21.5000 0.4840
73 1.3340 0.6849 22.0000 0.4619
184 1.6145 0.4266 93.0000 0.4447
22 1.8482 0.1591 15.0000 0.9466
22 1.6906 0.2500 14.0000 0.5197
22 1.6934 0.2954 11.0000 0.9466
28 1.7952 0.5192 13.0000 0.9560
70 1.8648 0.4242 34.5000 0.8469
74 1.7642 0.4357 36.0000 0.8337
72 1.8019 0.3529 35.0000 0.8516
70 1.7612 0.3602 36.0000 0.8798
70 1.8734 0.3636 36.0000 0.8881
72 1.7487 0.4118 36.0000 0.8882
70 1.8557 0.4545 34.0000 0.8370
74 1.7670 0.4357 35.5000 0.8770
70 1.7753 0.4318 33.5000 0.8213
74 1.7379 0.4642 34.5000 0.8775
86 1.3443 0.5639 34.0000 0.7332
87 1.3109 0.5805 34.5000 0.8157
86 1.3312 0.5872 32.5000 0.8482
86 1.2841 0.5930 34.0000 0.8131
86 1.3256 0.5581 37.0000 0.8157
82 1.3245 0.5183 37.0000 0.6256
86 1.3631 0.5639 33.5000 0.7932
87 1.2586 0.5919 34.5000 0.8283
86 1.3111 0.6337 30.5000 0.6940
86 1.2545 0.5988 34.0000 0.7020
86 1.2953 0.6047 32.5000 0.7852
86 1.2861 0.6279 29.5000 0.7500
86 1.3275 0.5872 34.0000 0.7932
87 1.3062 0.5862 34.0000 0.7984
86 1.3390 0.5698 36.0000 0.6889
85 1.3017 0.5882 33.5000 0.8282
86 1.3517 0.6047 32.0000 0.8308
87 1.2959 0.5862 34.5000 0.8229
86 1.3254 0.5976 34.0000 0.8138
86 1.3228 0.6159 33.0000 0.8432
86 1.3119 0.6163 31.5000 0.8867
86 1.2981 0.6163 31.0000 0.8402
42 1.5053 0.6548 13.5000 0.8157
42 1.4503 0.7561 11.0000 0.2428
43 1.6041 0.6310 16.5000 0.4659
20 1.9996 0.5000 8.5000 0.8921
20 1.9650 0.5000 8.5000 0.8921
20 2.0446 0.4750 9.0000 0.8921
20 1.9761 0.5000 9.0000 0.8921
20 1.9739 0.5000 9.0000 0.8921
20 1.9623 0.5000 8.5000 0.8921
98 1.3961 0.5051 43.0000 0.6215
42 1.5572 0.5476 18.5000 0.9129
84 1.2359 0.6607 28.5000 0.5728
46 1.5955 0.3863 24.5000 0.9205
65 1.5561 0.4344 33.0000 0.0844
82 1.2896 0.6707 26.0000 0.6031
82 1.2805 0.6890 25.0000 0.6271
42 1.5593 0.6190 16.0000 0.9129
11 1.4550 0.3000 7.0000 0.6857
44 1.5601 0.6364 14.5000 0.7661
16 1.7723 0.4000 8.5000 0.9310
16 1.7113 0.4000 8.5000 0.7007
16 1.6436 0.4667 8.0000 0.8128
16 1.6319 0.4000 9.0000 0.4866
16 1.6795 0.4334 8.0000 0.8128
16 1.7111 0.4667 8.0000 0.8128
16 1.8853 0.4334 8.0000 0.8128
16 1.6995 0.4667 8.0000 1.0000
42 1.5694 0.5357 19.0000 0.7601
67 1.8489 0.3692 35.0000 0.8591
39 1.3439 0.3333 25.0000 0.9379
63 1.2337 0.7223 16.5000 0.7416
63 1.2327 0.7302 16.0000 0.7602
20 1.5299 0.4444 10.0000 0.9324
20 1.5004 0.4722 8.5000 0.9324
20 1.4683 0.5000 9.5000 0.9324
20 1.5422 0.4444 9.0000 0.9324
21 1.4436 0.3500 10.5000 0.8615
20 1.7731 0.4500 9.0000 0.8102
42 1.5916 0.5952 16.5000 0.8372
41 1.5183 0.6585 14.0000 0.4486
47 2.4552 0.3617 25.0000 0.8004
47 2.5644 0.3830 25.0000 0.7542
46 2.5940 0.3696 24.0000 0.8004
48 2.5675 0.3125 28.0000 0.7543
40 1.3386 0.6154 14.0000 0.7838
46 1.9988 0.4022 26.0000 0.6744
46 2.3626 0.3804 25.5000 0.6876
46 2.3014 0.4130 26.0000 0.5523
46 1.9999 0.4022 25.5000 0.5904
47 2.2062 0.3617 27.0000 0.7853
47 2.1567 0.4042 25.0000 0.7192
47 2.0720 0.3404 24.0000 0.5133
15 1.5057 0.3846 7.5000 0.8063
55 2.8935 0.2963 29.5000 0.2962
84 1.4770 0.5833 34.5000 0.3456
83 1.8356 0.4578 40.0000 0.4168
62 1.3725 0.6532 18.0000 0.5363
62 1.3473 0.6613 17.5000 0.5080
60 2.7031 0.3475 31.5000 0.6201
59 2.8294 0.3421 29.0000 0.4899
61 2.7649 0.4000 32.0000 0.5861
61 2.7952 0.4167 29.0000 0.5451
62 1.3539 0.6855 17.0000 0.5451
62 1.3763 0.6613 18.0000 0.5418
87 1.4062 0.5402 37.5000 0.5294
87 1.3922 0.5058 37.0000 0.4157
87 1.3728 0.5575 34.5000 0.5299
87 1.3318 0.5402 35.0000 0.4689
87 1.3667 0.5632 34.5000 0.6233
87 1.3425 0.5402 34.5000 0.6000
84 1.3439 0.5595 35.0000 0.4918
84 1.3401 0.5179 39.0000 0.4689
84 1.3572 0.6130 31.0000 0.5738
84 1.3216 0.5119 38.0000 0.4623
84 1.3459 0.5655 35.0000 0.5818
84 1.3838 0.5238 37.0000 0.4961
84 1.3436 0.5595 35.0000 0.5423
84 1.3924 0.5179 38.0000 0.4775
84 1.3295 0.5595 35.0000 0.6398
84 1.3595 0.5476 37.5000 0.6769
84 1.3659 0.5833 32.5000 0.5299
84 1.3962 0.5238 36.0000 0.4488
30 2.1208 0.3704 16.0000 0.9341
28 2.0149 0.4038 15.5000 0.9340
26 2.1491 0.3750 14.5000 0.8936
85 1.4376 0.5412 36.0000 0.1651
85 1.4286 0.5765 35.0000 0.3885
84 1.4198 0.6011 31.0000 0.2504
84 1.4539 0.5179 39.0000 0.6241
83 1.4323 0.5422 35.5000 0.2969
83 1.5622 0.5060 36.0000 0.5047
83 1.4565 0.5060 37.0000 0.6189
20 1.7724 0.3000 12.0000 0.6581
18 1.6357 0.2353 9.0000 0.9320
28 2.1444 0.3846 15.0000 0.9340
29 2.0918 0.3654 16.5000 0.9340
28 2.0530 0.4200 15.5000 0.9669
27 2.0698 0.4000 15.0000 0.9339
28 2.1403 0.3462 15.5000 0.9340
28 2.0809 0.3846 15.0000 0.9340
28 2.1385 0.3462 15.0000 0.9340
75 1.3087 0.5811 28.0000 0.6705
73 1.1950 0.8493 11.0000 0.4737
40 2.3359 0.3590 21.0000 0.8149
31 2.6561 0.4000 20.0000 0.8638
60 2.8080 0.3559 31.0000 0.4780
60 2.7080 0.3644 29.0000 0.4314
12 1.8219 0.3333 7.0000 0.3234
45 1.6273 0.2558 27.0000 0.8938
45 1.6483 0.3488 24.0000 0.9217
45 1.6579 0.3023 24.0000 0.9217
60 2.8509 0.3135 30.0000 0.5164
60 2.8260 0.3220 31.5000 0.5034
45 1.6570 0.2558 27.0000 0.8938
45 1.5865 0.2326 29.0000 0.8938
158 2.4623 0.4459 78.0000 0.0839
17 2.1343 0.1176 14.5000 0.4153
87 1.2803 0.5172 39.5000 0.6015
40 2.2497 0.4737 20.0000 0.8319
73 1.2441 0.8014 13.0000 0.4197
18 1.6382 0.4375 8.0000 0.2680
16 1.5396 0.5714 8.0000 1.0000
16 1.6084 0.4286 8.0000 1.0000
73 1.1873 0.8767 9.0000 0.4959
73 1.1397 0.8904 8.0000 0.4959
91 1.3811 0.5385 38.0000 0.5336
73 1.1646 0.8767 9.0000 0.5064
91 1.4080 0.5055 39.0000 0.5987
73 1.1205 0.9246 5.5000 0.4959
91 1.2550 0.5604 37.0000 0.6624
73 1.3605 0.7191 20.0000 0.5064
62 1.2988 0.5887 22.0000 0.5846
73 1.3239 0.6781 21.5000 0.3722
73 1.3337 0.6712 22.0000 0.4318
40 2.2612 0.4744 20.0000 0.9123
99 2.1978 0.3939 52.0000 0.4845
254 1.9104 0.3701 134.0000 0.5521
229 2.1125 0.3799 116.0000 0.4909
42 2.4216 0.3590 24.0000 0.8320
25 1.4192 0.5217 11.5000 0.7961
25 1.3332 0.5652 10.0000 0.7961
25 1.2990 0.5870 10.0000 0.6652
25 1.3821 0.5217 12.0000 0.9111
22 1.8549 0.1364 13.0000 0.9334
83 1.2914 0.6145 31.0000 0.5879
85 1.2457 0.6412 29.5000 0.6231
82 1.2809 0.6585 27.0000 0.6161
83 1.3201 0.6524 29.0000 0.5734
169 1.3032 0.4763 78.0000 0.4534
910 1.4031 0.6187 311.0000 0.1865
146 1.4071 0.5411 60.0000 0.4238
20 1.4920 0.5556 8.0000 0.9324
15 1.5011 0.4231 7.0000 0.8063
59 2.7558 0.3276 33.0000 0.5748
59 2.8559 0.3276 31.0000 0.5859
73 1.1927 0.8493 11.0000 0.4847
73 1.2077 0.8356 11.0000 0.4635
73 1.1578 0.8836 8.5000 0.4847
73 1.1760 0.8767 9.0000 0.4737
73 1.1794 0.8767 9.0000 0.4737
73 1.2018 0.8425 11.5000 0.4635
103 2.2527 0.4175 54.5000 0.4839
40 1.9817 0.4872 19.0000 0.7987
40 2.2407 0.4211 21.0000 0.8186
40 2.3606 0.4211 21.0000 0.7986
40 2.2347 0.4615 19.0000 0.7043
40 2.2577 0.4231 19.0000 0.9123
40 2.3099 0.4103 19.0000 0.8008
40 2.3226 0.4487 19.0000 0.8721
40 2.2611 0.4231 20.5000 0.8484
44 1.5783 0.6310 17.0000 0.7615
44 1.6791 0.5952 18.5000 0.7662
101 2.3518 0.3960 53.5000 0.5200
103 2.2343 0.3883 56.5000 0.5184
41 1.5444 0.5732 16.5000 0.9058
42 1.6677 0.4524 20.0000 0.7224
295 1.9497 0.4017 146.0000 0.7560
176 1.3383 0.4375 84.0000 0.5369
296 1.7884 0.3885 159.5000 0.5345
59 2.8569 0.3448 29.5000 0.5532
29 2.0903 0.4231 16.0000 0.9340
12 2.1041 0.1250 8.0000 0.3234
12 2.0791 0.1667 8.0000 0.3234
12 2.1368 0.1667 8.0000 0.3234
12 2.1798 0.1667 8.0000 0.3234
12 1.7043 0.3750 7.0000 0.3234
12 1.6827 0.4167 6.0000 0.4893
12 1.6655 0.5000 6.0000 0.4063
12 1.5446 0.5416 5.5000 0.6969
12 1.7767 0.4166 6.5000 0.6969
45 1.6681 0.3214 24.5000 0.9741
87 1.3195 0.4886 40.5000 0.2747
87 1.4527 0.5116 38.5000 0.4830
95 1.3324 0.4255 48.5000 0.7149
238 1.9291 0.3782 122.5000 0.6241
95 2.4705 0.4105 46.0000 0.3821
95 2.3859 0.4210 45.5000 0.3276
13 1.4084 0.3333 9.0000 0.8597
13 1.3836 0.5833 6.0000 1.0000
64 1.4949 0.6406 21.0000 0.6204
64 1.4762 0.5859 22.5000 0.5961
64 1.4769 0.6016 23.5000 0.8044
28 1.7229 0.4286 14.0000 0.6671
28 2.4817 0.3572 15.0000 0.4035
29 1.9078 0.4483 14.0000 0.5244
29 1.8475 0.3103 15.0000 0.1948
41 2.4428 0.4146 21.0000 0.8425
87 1.2550 0.5747 34.0000 0.3172
621 2.1644 0.4235 295.5000 0.1880
621 2.1156 0.4267 301.5000 0.1873
19 1.6929 0.3055 10.0000 0.8507
40 2.4079 0.3421 20.0000 0.7283
40 2.2931 0.4103 20.0000 0.8008
40 2.3366 0.3421 19.0000 0.7695
157 1.6898 0.6815 44.5000 0.2981
157 1.7431 0.6529 48.5000 0.3230
163 1.1853 0.4876 79.0000 0.6532
97 1.3906 0.6804 29.0000 0.8999
23 2.2095 0.4783 11.0000 0.7030
386 1.9238 0.4016 201.5000 0.4529
18 1.7688 0.3611 10.0000 0.9324
19 1.6475 0.4211 10.0000 0.8768
14 1.4187 0.3077 9.5000 0.8607
25 1.6380 0.6600 8.5000 0.9114
25 1.6382 0.6600 8.5000 0.9114
25 1.5109 0.6600 8.5000 1.0000
25 1.5692 0.6200 9.0000 0.8424
25 1.6335 0.6000 10.0000 0.4875
25 1.5014 0.5600 11.0000 0.8424
34 2.1788 0.4118 17.5000 0.9121
923 1.3132 0.4914 422.5000 0.3841
923 1.4059 0.4659 443.0000 0.3419
29 1.7986 0.5690 12.0000 0.9118
26 1.5789 0.6250 11.0000 0.7965
26 1.4457 0.5833 12.0000 0.9113
26 1.4456 0.5833 12.0000 0.9113
217 2.0567 0.4470 100.5000 0.4205
458 1.1804 0.7522 109.0000 0.4383
54 1.8207 0.3704 30.0000 0.7755
43 2.0178 0.2791 25.5000 0.7683
25 1.5805 0.3200 14.5000 0.6731
62 1.3475 0.6452 18.5000 0.5216
20 1.8133 0.4000 11.5000 1.0000
20 1.6425 0.4000 12.0000 1.0000
20 1.7390 0.4250 11.0000 1.0000
20 1.7258 0.4000 11.5000 1.0000
19 1.8679 0.2632 13.0000 0.9327
43 1.7059 0.4419 22.5000 0.8433
98 1.2285 0.6122 37.0000 0.8030
55 1.7926 0.5900 21.5000 0.5290
55 1.6545 0.5943 21.0000 0.3145
63 1.6333 0.3197 34.0000 0.9281
944 1.3222 0.5440 405.0000 0.3943
944 1.3215 0.5483 401.5000 0.3784
402 1.1313 0.8134 74.0000 0.4598
109 1.5867 0.4358 53.5000 0.7693
130 1.9307 0.4077 66.5000 0.7049
20 1.3708 0.1579 15.5000 0.3920
98 2.1329 0.4583 48.0000 0.7652
146 1.2907 0.7055 43.0000 0.6939
453 1.0887 0.8852 52.0000 0.5413
146 1.2498 0.7192 40.5000 0.7548
453 1.0998 0.8675 58.5000 0.5002
54 1.9012 0.2963 32.0000 0.9503
85 1.4216 0.5589 35.0000 0.5685
87 1.4045 0.6495 28.0000 0.6215
472 1.0776 0.9470 25.0000 0.0962
927 1.2390 0.5819 364.0000 0.4166
924 1.2214 0.5887 362.0000 0.4307
924 1.2395 0.5768 373.5000 0.4858
924 1.2391 0.5958 356.5000 0.4592
924 1.2233 0.5990 355.0000 0.4436
924 1.2424 0.5823 365.0000 0.4108
924 1.2243 0.5947 358.5000 0.4488
64 1.4948 0.6406 21.0000 0.6204
79 2.2628 0.4684 37.0000 0.4582
928 1.2439 0.5819 366.5000 0.3663
928 1.2315 0.5916 363.0000 0.4755
928 1.2291 0.5981 357.0000 0.4385
928 1.2554 0.5593 376.0000 0.3442
453 1.0659 0.9470 23.5000 0.4454
453 1.0573 0.9525 21.5000 0.4535
453 1.0531 0.9536 20.5000 0.3840
453 1.0615 0.9525 21.5000 0.3980
453 1.0692 0.9514 22.0000 0.3980
453 1.0701 0.9426 26.0000 0.4615
453 1.0921 0.9029 44.0000 0.4274
453 1.0739 0.9338 30.0000 0.4170
24 1.5815 0.4091 12.0000 0.8906
22 1.6968 0.3636 11.0000 0.9466
465 1.1101 0.8301 76.5000 0.4740
52 1.9315 0.2885 29.5000 0.9786
210 2.0333 0.3952 108.0000 0.4757
120 1.6959 0.2417 85.0000 0.9788
62 1.6787 0.4032 21.0000 0.5223
48 1.3662 0.6250 17.0000 0.4949
48 1.3876 0.6146 17.0000 0.7749
49 1.5128 0.5102 21.5000 0.8527
48 1.5415 0.5104 21.5000 0.8307
48 1.5339 0.5208 18.0000 0.8406
48 1.4215 0.5208 22.0000 0.3478
48 1.5718 0.4583 22.0000 0.6006
48 1.4575 0.5208 21.0000 0.5224
48 1.5529 0.5208 20.0000 0.8162
48 1.3619 0.6146 17.5000 0.5522
36 2.3692 0.4857 16.0000 0.4052
98 1.3732 0.5918 39.5000 0.6777
50 1.4486 0.4400 24.0000 0.9003
44 1.5946 0.2738 26.0000 0.9741
944 1.2552 0.5865 367.5000 0.3534
84 1.3123 0.6429 29.5000 0.5867
65 1.4161 0.6539 22.0000 0.9408
242 2.1452 0.3636 127.0000 0.4420
242 2.1455 0.3636 129.5000 0.4671
73 1.1604 0.8699 9.5000 0.5064
71 1.3460 0.2714 52.0000 0.0791
87 1.2980 0.5632 36.5000 0.6347
87 1.3118 0.5977 33.0000 0.6235
87 1.2667 0.6207 31.0000 0.6345
86 1.3835 0.4942 38.5000 0.6190
84 1.2998 0.5535 34.0000 0.5188
51 1.4524 0.5800 21.0000 0.7884
51 1.5536 0.5102 22.5000 0.7093
51 1.5392 0.5800 21.0000 0.7884
51 1.4928 0.5294 23.0000 0.7137
51 1.4889 0.5686 21.5000 0.7972
51 1.4861 0.5392 23.0000 0.7170
51 1.4984 0.5196 24.0000 0.7630
51 1.5614 0.5700 22.5000 0.7628
51 1.5763 0.5400 24.0000 0.7670
51 1.4368 0.5294 23.0000 0.7422
51 1.5314 0.5490 23.0000 0.7778
51 1.6400 0.6078 20.0000 0.8118
51 1.6157 0.5098 25.0000 0.7671
51 1.4768 0.5098 22.5000 0.7885
924 1.2345 0.5860 363.0000 0.4532
86 1.3775 0.4826 41.0000 0.5162
86 1.3647 0.5407 37.0000 0.4551
13 3.2086 0.3846 8.0000 0.6945
14 1.9004 0.2143 11.0000 0.9079
14 1.9142 0.2143 10.5000 0.9079
14 1.7607 0.1786 11.0000 0.9079
14 1.6993 0.0714 13.0000 0.9079
15 1.7763 0.1333 13.0000 0.9215
15 1.7396 0.1667 12.5000 0.9215
15 1.7536 0.1667 12.5000 0.9215
15 1.6172 0.3000 10.5000 0.8239
34 1.9291 0.3824 18.0000 0.6638
35 1.9424 0.4286 17.0000 0.6639
46 2.0730 0.4348 24.0000 0.3121
35 1.9216 0.4000 15.5000 0.6639
32 1.2300 0.7188 9.0000 0.8927
31 1.2695 0.7097 9.0000 0.8038
32 1.1928 0.6875 10.0000 0.8503
32 1.2547 0.6562 11.0000 0.8503
73 1.2209 0.6849 21.0000 0.1758
73 1.1969 0.7945 13.5000 0.4847
73 1.2197 0.7329 18.5000 0.4737
73 1.2199 0.7808 16.0000 0.3482
73 1.2197 0.7329 18.5000 0.4737
73 1.1943 0.7329 18.5000 0.4326
73 1.2864 0.7191 20.0000 0.5120
75 1.6107 0.3600 42.5000 0.6641
42 1.7348 0.2381 30.0000 0.9343
42 1.6494 0.3333 27.0000 0.9353
42 1.6186 0.2143 31.0000 0.8664
42 1.5922 0.3810 25.5000 0.9343
909 1.2509 0.5716 363.5000 0.3087
941 1.2428 0.5675 381.5000 0.3344
947 1.2185 0.5961 366.0000 0.3489
946 1.2258 0.6010 357.0000 0.4964
946 1.2178 0.6073 353.0000 0.4721
946 1.2190 0.6147 342.5000 0.4751
946 1.2231 0.6121 347.0000 0.4832
70 1.3250 0.5643 30.0000 0.5074
621 2.1117 0.4043 300.0000 0.1640
37 1.8558 0.3514 21.5000 0.5797
949 1.2086 0.6222 341.5000 0.4168
949 1.2174 0.6169 347.0000 0.4625
949 1.2158 0.6196 343.0000 0.4421
447 1.1621 0.8277 77.0000 0.3254
35 1.8756 0.2059 23.5000 0.8747
85 1.3014 0.5882 29.0000 0.3804
90 1.4158 0.4667 43.5000 0.8570
90 1.4533 0.4111 47.0000 0.8805
90 1.4432 0.4778 41.5000 0.6181
90 1.4758 0.4945 43.0000 0.5256
90 1.3968 0.4667 42.0000 0.8715
86 1.2793 0.7093 23.0000 0.9465
42 1.6391 0.4000 24.5000 0.9447
57 2.1477 0.3157 34.0000 0.4974
58 2.1710 0.3276 33.0000 0.4856
58 2.1710 0.3362 32.0000 0.5080
58 2.1098 0.3621 34.0000 0.5141
130 2.1563 0.4414 62.5000 0.7189
63 1.8890 0.2823 37.0000 0.9464
63 1.8875 0.2661 35.5000 0.9464
62 1.8630 0.2705 35.5000 0.9385
58 2.1149 0.3793 31.0000 0.5150
58 2.1437 0.3448 33.0000 0.5187
17 1.8454 0.2812 11.0000 0.9092
17 1.6101 0.3750 9.5000 0.9092
66 1.9230 0.3333 36.0000 0.9106
61 1.8761 0.3667 35.0000 0.9000
63 1.9059 0.2698 39.0000 0.9108
66 1.8498 0.2879 41.0000 0.8828
66 1.8384 0.3106 39.5000 0.8772
174 1.8281 0.3592 90.0000 0.4366
118 1.9227 0.4534 56.5000 0.5753
118 2.0932 0.3729 65.0000 0.6652
55 1.8704 0.3396 30.0000 0.9044
55 1.9304 0.4091 29.0000 0.8625
90 1.3246 0.5556 34.0000 0.6753
55 1.9156 0.4000 30.0000 0.8886
55 1.9514 0.3818 29.0000 0.8832
55 1.9259 0.4000 29.5000 0.9077
73 1.1604 0.8699 9.5000 0.5064
949 1.2178 0.6154 346.0000 0.4421
37 1.7704 0.4722 17.5000 0.6355
38 1.8251 0.3378 23.0000 0.6112
239 2.0509 0.4205 118.0000 0.4006
498 1.0808 0.9307 34.5000 0.6398
64 1.5191 0.5625 24.0000 0.6369
457 1.0570 0.9551 20.0000 0.4106
481 1.0625 0.9397 28.0000 0.4462
457 1.0585 0.9519 21.5000 0.4308
457 1.0572 0.9573 19.0000 0.3740
737 1.3184 0.4878 340.5000 0.4914
802 1.3053 0.4857 374.0000 0.5031
853 1.2755 0.5258 371.0000 0.5234
844 1.2651 0.5302 365.5000 0.5810
886 1.2594 0.5440 374.0000 0.4830
881 1.2752 0.5079 390.0000 0.5357
469 1.1031 0.8103 83.0000 0.4383
63 1.5762 0.3770 33.5000 0.9637
47 1.9097 0.1383 40.0000 0.8629
62 1.6200 0.2750 35.0000 0.9637
881 1.3175 0.6862 259.0000 0.6060
66 1.8288 0.3594 36.5000 0.8847
104 1.5128 0.5588 33.0000 0.9899
120 1.5283 0.5381 41.5000 0.9913
80 1.4376 0.6346 21.0000 0.9866
104 1.5415 0.5294 37.0000 0.9899
120 1.4751 0.2203 89.0000 0.9913
80 1.5188 0.6090 23.0000 0.9866
69 1.4588 0.3623 39.0000 0.7389
69 1.5045 0.3841 38.5000 0.6213
69 1.4702 0.3478 39.0000 0.6637
69 1.4619 0.3478 39.0000 0.7333
69 1.4863 0.3623 39.0000 0.6637
69 1.4788 0.3623 39.0000 0.6181
69 1.4993 0.3550 40.0000 0.5868
69 1.4834 0.3696 40.0000 0.6311
69 1.4596 0.3623 40.0000 0.6312
69 1.4926 0.3768 39.0000 0.6482
68 1.5228 0.3824 39.0000 0.7389
72 1.6567 0.3750 42.0000 0.4968
72 1.6446 0.3750 42.0000 0.5038
72 1.6977 0.3750 42.0000 0.4968
72 1.6503 0.3750 39.0000 0.5331
87 1.3623 0.5529 36.5000 0.5695
61 1.8831 0.3833 34.0000 0.9263
52 1.9394 0.3173 31.0000 1.0000
52 1.8400 0.3173 30.0000 1.0000
52 1.8397 0.3173 30.0000 1.0000
52 1.8397 0.3173 30.0000 1.0000
52 1.8397 0.3173 30.0000 1.0000
52 1.9628 0.3269 29.0000 0.9324
52 1.9725 0.3269 30.0000 0.9353
90 1.4657 0.4667 41.0000 0.4208
95 1.4804 0.5106 41.0000 0.5217
79 1.2902 0.6645 25.0000 0.6290
