63 1.1997 0.6984 17.5000 0.7121
63 1.1781 0.7143 16.0000 0.1976
33 1.2150 0.5000 15.5000 0.6630
62 1.1875 0.7500 13.5000 0.3473
62 1.1751 0.7903 13.0000 0.3492
62 1.1921 0.7258 16.0000 0.3353
62 1.1921 0.7258 16.0000 0.3353
62 1.1921 0.7258 16.0000 0.3353
62 1.1919 0.7258 16.0000 0.3353
62 1.1923 0.7258 16.0000 0.3353
34 1.9651 0.4118 18.0000 0.2842
42 1.3131 0.7143 12.0000 0.9113
62 1.1875 0.7661 14.0000 0.3555
62 1.2029 0.7500 15.0000 0.3131
62 1.1875 0.7661 14.0000 0.3555
62 1.2029 0.7500 15.0000 0.3131
62 1.1875 0.7661 14.0000 0.3555
62 1.2029 0.7500 15.0000 0.3131
42 1.2070 0.6905 13.0000 0.9417
41 1.3966 0.4359 18.0000 0.1625
42 1.1699 0.8333 7.0000 0.7014
46 1.2663 0.4204 25.0000 0.8939
33 1.2796 0.6250 11.5000 0.8552
46 1.2492 0.3522 28.0000 0.8939
42 1.2285 0.7000 11.0000 0.8748
20 1.5297 0.2778 12.0000 0.9324
62 1.1823 0.7213 16.5000 0.3187
62 1.1764 0.7213 17.0000 0.3187
19 1.7853 0.2941 11.0000 0.9225
62 1.1796 0.7500 13.5000 0.3450
62 1.1796 0.7500 13.5000 0.3450
62 1.2217 0.6452 18.5000 0.3450
62 1.1833 0.8065 11.0000 0.3492
62 1.2107 0.7581 13.0000 0.3450
62 1.1983 0.8145 10.0000 0.3599
46 1.2129 0.4204 25.0000 0.8939
88 1.2375 0.6250 30.5000 0.6531
88 1.2117 0.6477 30.0000 0.3596
46 1.2148 0.4783 23.0000 0.7024
14 1.5084 0.5000 7.0000 0.4789
46 1.3004 0.5227 21.0000 0.9603
46 1.3623 0.3409 25.0000 0.8939
46 1.3371 0.3636 26.0000 0.8652
46 1.2488 0.3409 27.5000 0.8402
46 1.2189 0.3068 28.0000 0.8939
46 1.2631 0.2727 28.0000 0.8402
64 1.2474 0.5938 23.0000 0.5670
45 1.1488 0.5581 21.0000 0.7255
41 1.4825 0.3333 23.0000 0.2636
46 1.3142 0.5341 21.0000 0.9625
42 1.1518 0.7381 11.0000 0.7516
42 1.1504 0.7381 11.0000 0.7516
32 1.2547 0.6875 10.0000 0.8287
44 1.2382 0.6667 16.0000 0.9059
42 1.2617 0.6072 16.0000 0.9417
42 1.2173 0.8333 7.0000 0.5801
42 1.2455 0.6786 13.5000 0.9417
42 1.2146 0.7024 12.5000 0.9417
42 1.2378 0.7381 11.0000 0.7469
42 1.1702 0.7500 10.5000 0.7516
42 1.2434 0.6250 13.0000 0.8542
44 1.0865 0.7727 10.0000 0.8160
42 1.1611 0.8095 8.0000 0.9059
33 1.4996 0.4839 18.0000 0.5597
33 1.5665 0.4194 18.0000 0.6610
33 1.3706 0.3548 20.0000 0.5907
42 1.2759 0.4048 22.0000 0.5305
42 1.1642 0.7500 10.5000 0.9113
19 1.4249 0.4118 10.0000 0.8597
84 1.1804 0.7143 22.5000 0.4360
41 1.7073 0.3589 21.5000 0.1625
16 1.2424 0.3333 10.0000 0.4715
60 1.2134 0.6491 20.0000 0.7624
41 1.5898 0.3590 23.0000 0.1625
60 1.2075 0.6724 19.0000 0.8931
41 1.4000 0.3290 22.5000 0.2133
86 1.1863 0.6453 29.0000 0.5647
92 1.2248 0.5706 34.5000 0.9558
92 1.1851 0.4674 39.0000 0.9550
88 1.2330 0.5227 34.0000 0.9558
92 1.2620 0.4565 39.0000 0.7747
88 1.2512 0.5114 39.0000 0.9699
88 1.2083 0.5114 38.0000 0.9558
81 1.2386 0.5433 35.0000 0.9369
16 1.7959 0.4286 8.0000 0.9079
16 1.6508 0.5000 7.0000 0.9220
91 1.1954 0.5834 37.5000 0.5700
92 1.1915 0.5924 34.0000 0.6224
91 1.1521 0.5659 39.0000 0.6401
91 1.1953 0.5659 35.5000 0.6096
65 1.2224 0.5625 27.0000 0.8732
16 1.6937 0.4688 7.5000 0.9220
16 1.7505 0.3750 8.0000 0.9220
82 1.2519 0.5427 31.0000 0.5324
923 1.1597 0.6723 294.0000 0.4092
73 1.0882 0.9109 6.5000 0.4737
11 1.7805 0.1818 9.0000 0.7610
73 1.1690 0.8082 13.0000 0.2381
73 1.1957 0.7945 14.0000 0.2323
184 1.2771 0.3913 96.0000 0.3911
22 1.7738 0.1818 14.0000 0.9186
22 1.5094 0.2727 13.5000 0.5197
22 1.6019 0.3636 11.0000 0.9466
28 1.7021 0.5385 13.0000 0.9560
70 1.3975 0.5076 32.5000 0.8469
74 1.3681 0.4857 35.0000 0.9487
72 1.5214 0.4118 37.5000 0.8413
70 1.4531 0.4192 37.5000 0.9061
70 1.5175 0.4318 35.5000 0.8881
72 1.4198 0.4265 37.0000 0.9061
70 1.4409 0.4697 33.0000 0.8712
74 1.4674 0.5214 34.5000 0.9487
70 1.3965 0.4621 32.5000 0.8295
74 1.4244 0.5357 32.0000 0.9487
86 1.2019 0.6047 34.0000 0.8122
87 1.2059 0.6092 32.0000 0.7554
86 1.1915 0.6163 32.5000 0.7920
86 1.2469 0.5930 32.5000 0.8109
86 1.1315 0.6279 32.0000 0.8797
82 1.1845 0.5244 36.0000 0.5954
86 1.1845 0.5349 38.0000 0.8493
87 1.2258 0.5517 36.0000 0.7652
86 1.2057 0.5349 38.0000 0.7919
86 1.2211 0.5639 36.0000 0.6761
86 1.1626 0.5814 33.5000 0.7482
86 1.2123 0.6047 32.0000 0.7050
86 1.1747 0.6395 30.5000 0.8027
87 1.2083 0.5805 34.0000 0.7322
86 1.1896 0.5465 37.0000 0.8131
85 1.1938 0.5765 35.0000 0.8059
86 1.2053 0.5930 34.0000 0.7665
87 1.2171 0.5862 34.0000 0.8325
86 1.2119 0.6220 31.5000 0.8302
86 1.1881 0.6463 31.0000 0.6644
86 1.2365 0.6453 28.0000 0.5730
86 1.2083 0.6744 25.0000 0.8785
42 1.1873 0.7619 10.0000 0.7014
42 1.2194 0.6707 14.5000 0.2426
43 1.2257 0.7619 10.0000 0.3341
20 1.3804 0.6000 7.0000 0.7949
20 1.4434 0.6000 8.0000 0.7949
20 1.3392 0.6000 8.0000 0.7949
20 1.3867 0.6000 7.5000 0.7949
20 1.4291 0.6000 7.0000 0.7949
20 1.4043 0.6000 7.5000 0.7949
98 1.2462 0.5153 41.0000 0.7168
42 1.2351 0.7143 12.0000 0.9417
84 1.1364 0.7976 17.0000 0.7200
46 1.1647 0.3182 27.0000 0.8939
65 1.4521 0.3279 35.0000 0.1021
82 1.1244 0.8293 14.0000 0.7287
82 1.1727 0.7866 17.5000 0.6524
42 1.1844 0.7857 9.0000 0.9417
11 1.4061 0.4000 7.0000 0.6857
44 1.2322 0.6591 13.5000 0.9114
16 1.3661 0.4000 10.0000 0.3917
16 1.2452 0.2667 11.0000 0.8128
16 1.4143 0.4000 9.5000 0.8128
16 1.5602 0.3333 10.0000 0.8128
16 1.4495 0.4000 10.0000 0.8128
16 1.3874 0.5666 7.5000 0.3917
16 1.5534 0.4000 9.0000 0.8128
16 1.4159 0.4000 10.0000 0.8128
42 1.1457 0.7143 12.0000 0.9059
67 1.5404 0.4462 33.0000 0.8275
39 1.3115 0.3889 22.0000 0.9379
63 1.1599 0.7857 13.5000 0.6568
63 1.1664 0.7460 16.0000 0.7602
20 1.3494 0.3889 10.0000 0.9324
20 1.2528 0.3889 10.0000 0.9324
20 1.2295 0.5000 9.0000 0.8605
20 1.3211 0.3889 9.5000 0.9324
21 1.4735 0.4000 10.0000 0.8615
20 1.4352 0.4500 9.0000 0.8102
42 1.1881 0.6905 13.0000 0.9417
41 1.1529 0.7561 10.0000 0.2016
47 1.5182 0.4681 23.0000 0.6520
47 1.5305 0.4575 23.0000 0.6835
46 1.5620 0.4565 22.0000 0.6518
48 1.4904 0.4167 24.0000 0.6521
40 1.1865 0.6410 15.0000 0.7838
46 1.4792 0.4348 25.0000 0.7289
46 1.5821 0.4348 24.0000 0.8940
46 1.4964 0.4131 23.5000 0.7404
46 1.5164 0.4456 24.0000 0.7640
47 1.4613 0.4255 21.0000 0.6652
47 1.5209 0.3617 23.0000 0.7991
47 1.5429 0.3297 24.5000 0.5031
15 1.6038 0.3077 7.0000 0.8063
55 2.8681 0.2778 29.0000 0.2861
84 1.3081 0.5476 34.0000 0.5708
83 1.3077 0.5060 37.0000 0.3126
62 1.1938 0.6935 15.5000 0.5548
62 1.1923 0.7258 16.0000 0.3353
60 2.5392 0.2881 33.0000 0.7899
59 2.7405 0.3158 31.0000 0.6654
61 2.4819 0.4000 30.0000 0.6692
61 2.4600 0.4334 29.0000 0.7273
62 1.1875 0.7661 14.0000 0.3555
62 1.2029 0.7500 15.0000 0.3131
87 1.2154 0.5344 37.0000 0.4103
87 1.1886 0.5114 38.0000 0.5529
87 1.1936 0.5575 36.0000 0.4586
87 1.1872 0.5230 37.0000 0.4689
87 1.2200 0.5575 35.0000 0.5855
87 1.2003 0.5747 33.0000 0.7436
84 1.2622 0.5000 36.5000 0.5101
84 1.2021 0.5833 33.5000 0.6641
84 1.2323 0.5476 34.0000 0.5629
84 1.1987 0.5655 34.0000 0.6518
84 1.2320 0.5535 34.5000 0.5952
84 1.2212 0.5119 37.5000 0.5161
84 1.2425 0.5714 34.0000 0.5842
84 1.2180 0.5119 38.0000 0.4967
84 1.2199 0.5535 33.5000 0.6153
84 1.1981 0.5595 35.0000 0.6641
84 1.2518 0.6071 32.0000 0.5350
84 1.2124 0.5357 35.5000 0.6268
30 1.3466 0.3333 17.0000 1.0000
28 1.4609 0.5385 13.0000 0.9340
26 1.4662 0.4375 14.0000 0.9242
85 1.2475 0.5882 33.0000 0.1279
85 1.2386 0.5882 32.0000 0.4782
84 1.2599 0.5893 32.0000 0.3068
84 1.2692 0.6370 30.5000 0.6037
83 1.2312 0.5904 32.0000 0.5513
83 1.2114 0.5241 35.0000 0.5615
83 1.2113 0.5542 34.5000 0.5113
20 1.4470 0.4250 11.0000 0.6581
18 1.4451 0.2353 9.0000 0.9320
28 1.4872 0.4615 14.0000 1.0000
29 1.3081 0.4615 15.0000 1.0000
28 1.3351 0.5200 14.0000 1.0000
27 1.4049 0.5400 13.0000 0.9339
28 1.3099 0.3846 15.0000 1.0000
28 1.2809 0.4231 15.0000 1.0000
28 1.3401 0.4231 15.0000 1.0000
75 1.1986 0.6486 24.0000 0.6720
73 1.0882 0.9109 6.5000 0.4737
40 1.5366 0.4103 20.0000 0.7696
31 2.2371 0.3500 20.0000 0.8638
60 2.6254 0.3135 33.5000 0.5389
60 2.5191 0.3220 32.0000 0.5305
12 1.3123 0.4167 6.0000 0.3234
45 1.4102 0.2558 27.0000 0.8938
45 1.5305 0.3256 27.0000 0.9217
45 1.6223 0.3023 27.0000 0.9217
60 2.4931 0.3305 32.5000 0.6999
60 2.6788 0.2881 32.0000 0.6283
45 1.3188 0.2558 26.0000 0.8938
45 1.3377 0.2326 28.0000 0.8938
158 1.6229 0.5159 68.0000 0.0839
17 1.9492 0.2353 13.0000 0.4896
87 1.1874 0.5517 36.0000 0.7682
40 1.4573 0.5263 18.0000 0.8319
73 1.0880 0.8767 9.0000 0.3955
18 1.2480 0.4062 9.0000 0.2680
16 1.3230 0.4286 7.0000 1.0000
16 1.2687 0.5714 8.0000 1.0000
73 1.0789 0.9589 3.0000 0.4959
73 1.0751 0.9315 5.0000 0.4959
91 1.2651 0.5879 33.5000 0.5113
73 1.0876 0.9384 4.5000 0.5064
91 1.2369 0.5000 39.0000 0.6970
73 1.0833 0.9041 7.0000 0.4959
91 1.1817 0.5550 38.5000 0.7407
73 1.1832 0.7123 21.0000 0.6567
62 1.1963 0.6935 18.0000 0.3642
73 1.1508 0.8219 12.0000 0.2443
73 1.1577 0.8151 11.0000 0.2323
40 1.5774 0.4359 20.0000 0.9123
99 1.4644 0.4343 48.0000 0.3758
254 1.5373 0.4350 123.0000 0.5978
229 1.5576 0.4672 103.0000 0.4082
42 1.5167 0.5000 19.5000 0.9123
25 1.2077 0.4783 13.0000 0.7961
25 1.2327 0.4783 13.0000 0.7961
25 1.1923 0.5217 12.0000 0.6652
25 1.2042 0.4783 13.0000 0.9111
22 1.5450 0.1364 13.0000 0.9334
83 1.1526 0.7590 20.0000 0.6528
85 1.1458 0.7176 24.0000 0.4703
82 1.1736 0.7805 18.0000 0.4734
83 1.2295 0.8171 15.5000 0.8388
169 1.2089 0.4911 74.0000 0.4082
910 1.2455 0.6604 276.5000 0.1809
146 1.2410 0.5205 63.5000 0.3330
20 1.3606 0.4444 10.0000 0.9324
15 1.5867 0.3077 7.0000 0.8063
59 2.5180 0.3362 32.0000 0.7099
59 2.6045 0.3448 33.0000 0.6533
73 1.0820 0.9041 7.0000 0.4737
73 1.0893 0.8767 9.0000 0.4635
73 1.0944 0.9041 7.0000 0.4847
73 1.0734 0.9178 6.0000 0.4737
73 1.0736 0.9041 7.0000 0.4737
73 1.1040 0.9178 6.0000 0.4635
103 1.4651 0.4757 49.5000 0.4526
40 1.5110 0.4872 18.0000 0.8938
40 1.5823 0.4079 19.5000 0.7443
40 1.5482 0.3947 20.0000 0.7283
40 1.8411 0.4103 20.0000 0.8320
40 1.7380 0.4103 20.0000 0.7696
40 1.7759 0.4359 19.0000 0.8721
40 1.8199 0.4103 20.5000 0.8320
40 1.9124 0.4103 20.0000 0.8320
44 1.1148 0.7381 13.0000 0.8799
44 1.1795 0.7143 14.0000 0.8799
101 1.4922 0.4801 46.0000 0.4216
103 1.4356 0.4854 47.0000 0.4327
41 1.2561 0.6463 14.5000 0.8105
42 1.2715 0.5952 17.0000 0.8745
295 1.4506 0.4864 124.5000 0.7877
176 1.2127 0.4688 79.0000 0.5090
296 1.3899 0.4307 154.0000 0.4890
59 2.4017 0.3448 32.0000 0.6649
29 1.5017 0.4615 14.0000 0.9340
12 1.9097 0.2500 8.0000 0.3234
12 1.9707 0.3333 8.0000 0.3234
12 1.9867 0.3333 8.0000 0.3234
12 1.9155 0.3333 8.0000 0.3234
12 1.6899 0.4167 7.0000 0.3234
12 1.5009 0.5833 5.0000 0.3234
12 1.5888 0.3333 7.0000 0.6969
12 1.6085 0.5000 6.0000 0.5563
12 1.7265 0.2500 7.0000 0.3234
45 1.5297 0.2619 28.0000 0.9741
87 1.2082 0.5114 37.0000 0.4294
87 1.2497 0.5407 39.0000 0.6127
95 1.2605 0.5213 43.0000 0.8919
238 1.4731 0.4832 108.0000 0.5896
95 1.4915 0.4842 40.0000 0.3246
95 1.5420 0.4947 41.0000 0.3073
13 1.4610 0.3333 9.0000 0.3234
13 1.4460 0.4167 6.0000 0.3234
64 1.2634 0.6094 22.5000 0.5814
64 1.2777 0.5703 23.5000 0.5961
64 1.2624 0.5312 27.0000 0.6119
28 1.2672 0.3214 12.0000 0.6076
28 1.5774 0.3214 18.0000 0.2092
29 1.4178 0.5517 12.5000 0.6080
29 1.4681 0.3966 14.0000 0.2153
41 1.6900 0.4390 19.0000 0.9123
87 1.1781 0.5747 34.5000 0.6274
621 1.8260 0.4734 278.0000 0.0777
621 1.7951 0.4662 279.0000 0.0634
19 1.6997 0.1667 10.0000 0.8507
40 1.4332 0.2895 20.0000 0.7283
40 1.6291 0.4744 19.0000 0.7696
40 1.5600 0.3947 19.0000 0.8156
157 1.4743 0.7006 42.0000 0.2602
157 1.4570 0.6815 45.0000 0.2657
163 1.1884 0.4783 76.0000 0.7628
97 1.1662 0.6958 29.0000 0.8999
23 1.5022 0.5652 9.0000 0.3972
386 1.5118 0.4819 171.0000 0.4427
18 1.5846 0.3889 10.0000 0.9324
19 1.5880 0.2369 9.0000 0.8768
14 1.1933 0.4615 8.0000 0.6985
25 1.2965 0.6800 7.5000 0.9114
25 1.2961 0.6800 7.5000 0.9114
25 1.2635 0.6800 6.5000 1.0000
25 1.2015 0.8000 5.0000 1.0000
25 1.2113 0.7600 6.0000 0.5105
25 1.3193 0.7600 6.0000 0.8424
34 1.5401 0.5000 16.0000 0.9121
923 1.2397 0.5423 385.0000 0.4075
923 1.2553 0.4875 424.5000 0.3270
29 1.2356 0.6724 8.0000 0.9118
26 1.2237 0.6250 9.0000 0.7965
26 1.2367 0.5417 10.0000 0.9113
26 1.2367 0.5417 10.0000 0.9113
217 1.4185 0.5576 89.5000 0.3319
458 1.1241 0.8242 77.5000 0.3622
54 1.2058 0.3797 23.0000 0.7997
43 1.3053 0.3721 23.0000 0.6399
25 1.1563 0.5200 9.0000 0.5717
62 1.1932 0.7097 17.0000 0.3353
20 1.7431 0.4000 11.0000 1.0000
20 1.7435 0.3750 11.0000 1.0000
20 1.5524 0.5000 10.0000 1.0000
20 1.6595 0.3750 11.0000 1.0000
19 1.6198 0.4211 11.0000 0.9327
43 1.2877 0.4186 20.0000 0.8033
98 1.1700 0.6224 35.5000 0.6128
55 1.2937 0.6200 22.0000 0.3519
55 1.3176 0.6038 21.0000 0.3145
63 1.5402 0.3443 36.0000 0.9281
944 1.2245 0.5796 369.0000 0.3947
944 1.2226 0.5965 350.0000 0.3992
402 1.1117 0.8296 65.5000 0.3749
109 1.2934 0.4174 52.5000 0.6097
130 1.4181 0.3615 70.0000 0.6094
20 1.2605 0.2105 13.0000 0.3920
98 1.3497 0.5938 39.0000 0.8294
146 1.2056 0.7192 39.0000 0.6619
453 1.0754 0.8885 50.5000 0.4184
146 1.1800 0.7534 35.0000 0.6089
453 1.0827 0.8797 53.0000 0.5150
54 1.4478 0.3148 30.0000 0.9348
85 1.2426 0.5882 32.5000 0.5636
87 1.1860 0.5287 38.0000 0.5422
472 1.0522 0.9831 8.0000 0.0987
927 1.1827 0.6500 307.0000 0.4288
924 1.1747 0.6509 313.0000 0.4266
924 1.1918 0.6456 311.0000 0.4232
924 1.1781 0.6531 306.5000 0.4067
924 1.1759 0.6434 315.0000 0.3764
924 1.1915 0.6456 315.0000 0.4534
924 1.1832 0.6526 308.0000 0.4366
64 1.2633 0.6094 22.5000 0.5814
79 1.4388 0.5570 29.0000 0.3968
928 1.1953 0.6417 311.5000 0.4459
928 1.1862 0.6503 304.5000 0.4256
928 1.1736 0.6686 294.0000 0.4156
928 1.1849 0.6261 322.5000 0.3863
453 1.0455 0.9890 5.0000 0.5185
453 1.0437 0.9901 4.5000 0.3498
453 1.0446 0.9901 4.5000 0.4552
453 1.0430 0.9901 4.5000 0.4613
453 1.0514 0.9801 9.0000 0.3770
453 1.0537 0.9868 6.0000 0.3765
453 1.0585 0.9713 13.0000 0.4332
453 1.0549 0.9823 8.0000 0.3707
24 1.4096 0.4091 13.0000 0.8906
22 1.6083 0.4318 11.0000 0.9466
465 1.0897 0.8678 58.5000 0.5133
52 1.6714 0.2692 29.0000 0.9786
210 1.5496 0.4309 103.0000 0.4449
120 1.3481 0.6291 32.0000 0.9831
62 1.1114 0.8871 2.0000 0.5223
48 1.2177 0.5833 19.0000 0.5778
48 1.2113 0.5729 19.5000 0.9063
49 1.3231 0.5102 22.0000 0.7574
48 1.2879 0.5104 21.5000 0.9063
48 1.3680 0.4583 23.0000 0.5391
48 1.2491 0.5417 21.0000 0.8750
48 1.2787 0.4479 22.0000 0.3670
48 1.2447 0.5417 20.5000 0.3035
48 1.2672 0.4896 22.0000 0.7308
48 1.2494 0.5833 19.0000 0.8406
36 2.7643 0.3000 21.5000 0.4052
98 1.3128 0.5408 41.0000 0.6148
50 1.1749 0.5000 25.0000 0.9003
44 1.4455 0.2024 29.0000 0.9741
944 1.1796 0.6394 323.5000 0.4297
84 1.1778 0.6667 25.0000 0.7481
65 1.2297 0.6769 20.0000 0.9264
242 1.4123 0.4071 121.5000 0.3654
242 1.4598 0.3843 125.0000 0.3110
73 1.0860 0.9384 4.5000 0.5064
71 1.2928 0.2857 51.0000 0.0938
87 1.2037 0.6092 31.0000 0.6530
87 1.1659 0.6092 32.5000 0.4922
87 1.1473 0.6667 29.0000 0.4878
86 1.2490 0.4884 37.5000 0.7986
84 1.2407 0.5535 35.5000 0.6736
51 1.2715 0.5700 22.0000 0.5417
51 1.3556 0.5510 22.0000 0.4467
51 1.2949 0.5400 24.0000 0.6848
51 1.2900 0.5294 23.0000 0.5529
51 1.2719 0.5098 25.0000 0.7484
51 1.2450 0.5294 24.0000 0.5717
51 1.2723 0.5294 23.0000 0.5838
51 1.2728 0.6000 21.0000 0.6935
51 1.2787 0.5400 21.0000 0.6848
51 1.2887 0.4706 25.0000 0.7033
51 1.2371 0.5686 21.5000 0.7071
51 1.2349 0.5686 22.0000 0.7671
51 1.2985 0.5294 23.5000 0.6958
51 1.2338 0.5196 23.0000 0.5870
924 1.1825 0.6499 310.5000 0.4185
86 1.2373 0.4884 40.0000 0.6309
86 1.1925 0.5465 34.0000 0.5956
13 2.9598 0.2308 9.0000 0.6945
14 1.5303 0.1429 12.0000 0.9079
14 1.6074 0.0714 12.5000 0.9079
14 1.9018 0.2143 9.5000 0.9079
14 1.4641 0.1071 12.5000 0.9079
15 1.7452 0.2000 12.0000 0.9215
15 1.5226 0.1333 13.0000 0.9215
15 1.6944 0.2667 11.0000 0.9215
15 1.5566 0.3333 10.0000 0.8239
34 1.2648 0.4706 16.5000 0.6638
35 1.3657 0.4714 16.0000 0.6280
46 1.5329 0.4783 21.5000 0.4037
35 1.3179 0.5143 16.0000 0.6639
32 1.2229 0.6875 10.0000 0.8927
31 1.1651 0.6774 10.0000 0.8038
32 1.1518 0.6875 10.0000 0.7578
32 1.2213 0.6562 11.0000 0.8503
73 1.1837 0.7466 18.0000 0.3679
73 1.1100 0.8356 12.0000 0.4847
73 1.1324 0.7945 14.0000 0.4737
73 1.1301 0.8425 11.0000 0.4661
73 1.1324 0.7945 14.0000 0.4737
73 1.0970 0.8425 10.5000 0.4538
73 1.1517 0.8356 10.0000 0.5176
75 1.3077 0.4267 38.5000 0.5677
42 1.4206 0.3333 27.0000 0.9677
42 1.3672 0.4524 22.0000 0.9343
42 1.4221 0.3095 28.0000 0.9677
42 1.3264 0.3452 26.0000 0.9343
909 1.1800 0.6370 312.5000 0.3115
941 1.1852 0.6164 342.5000 0.2834
947 1.1833 0.6547 314.5000 0.3216
946 1.1702 0.6903 285.0000 0.4249
946 1.1720 0.6855 284.5000 0.4550
946 1.1680 0.6903 281.5000 0.4183
946 1.1685 0.6945 277.0000 0.4449
70 1.2070 0.6143 25.0000 0.3504
621 1.6969 0.4278 293.0000 0.0825
37 1.5280 0.4189 21.0000 0.4701
949 1.1635 0.7107 263.0000 0.4133
949 1.1673 0.7060 268.5000 0.4041
949 1.1665 0.7007 270.5000 0.3453
447 1.1180 0.8221 78.0000 0.2720
35 1.3829 0.2206 24.0000 0.8747
85 1.1917 0.6353 28.0000 0.5149
90 1.2647 0.4834 41.0000 0.8570
90 1.2605 0.4444 43.5000 0.8630
90 1.2601 0.5333 40.0000 0.8442
90 1.2253 0.5389 40.0000 0.7085
90 1.2301 0.5556 37.5000 0.8941
86 1.1833 0.7093 23.5000 0.8926
42 1.4413 0.4000 24.0000 0.9447
57 1.5187 0.3246 33.0000 0.5677
58 1.4909 0.3103 35.0000 0.5897
58 1.5433 0.3362 34.0000 0.5423
58 1.5225 0.3276 35.0000 0.5580
130 1.4507 0.5703 51.0000 0.7047
63 1.3099 0.2258 42.0000 0.9467
63 1.3117 0.2258 42.0000 0.9467
62 1.3986 0.2951 36.0000 0.9756
58 1.5413 0.3276 35.0000 0.5693
58 1.5626 0.3103 34.0000 0.5974
17 1.7679 0.4375 10.0000 0.9092
17 1.5455 0.5625 7.0000 0.9092
66 1.2765 0.4848 30.0000 0.9319
61 1.3088 0.3417 37.0000 0.9250
63 1.4550 0.3016 35.5000 0.9495
66 1.3693 0.3712 37.0000 0.9298
66 1.3747 0.3560 35.0000 0.9049
174 1.3586 0.3448 92.0000 0.5732
118 1.3054 0.4746 57.0000 0.5791
118 1.3771 0.3644 67.0000 0.5873
55 1.6385 0.3396 31.5000 0.8765
55 1.5802 0.3273 30.0000 0.8551
90 1.2218 0.5556 36.0000 0.4518
55 1.6448 0.3818 30.0000 0.8766
55 1.5798 0.3273 30.0000 0.9033
55 1.5262 0.3636 30.0000 0.8998
73 1.0860 0.9384 4.5000 0.5064
949 1.1648 0.7050 268.0000 0.4180
37 1.2452 0.3611 22.0000 0.4752
38 1.3814 0.3108 23.5000 0.5266
239 1.4873 0.5084 105.5000 0.3337
498 1.0640 0.9558 22.0000 0.5959
64 1.2551 0.5469 23.0000 0.6043
457 1.0476 0.9792 9.5000 0.4202
481 1.0494 0.9698 14.5000 0.4224
457 1.0486 0.9836 7.5000 0.4204
457 1.0511 0.9716 13.0000 0.4801
737 1.2123 0.5332 308.0000 0.4338
802 1.2022 0.5417 328.5000 0.5470
853 1.2106 0.5815 328.5000 0.4918
844 1.2052 0.5812 324.5000 0.5331
886 1.2136 0.5909 335.5000 0.4477
881 1.2146 0.5710 345.5000 0.4465
469 1.0792 0.8241 77.5000 0.3396
63 1.4237 0.3607 36.0000 0.9637
47 1.6406 0.1915 37.0000 0.8079
62 1.4314 0.2667 35.5000 0.9637
881 1.1848 0.7190 232.0000 0.6028
66 1.4018 0.3047 39.0000 0.9380
104 1.0465 0.9804 3.0000 0.9796
120 1.0657 0.9492 6.0000 0.9913
80 1.0542 0.9744 4.0000 0.9730
104 1.0560 0.9804 3.5000 0.9796
120 1.1318 0.8983 10.0000 0.9913
80 1.0454 0.9744 4.0000 0.9730
69 1.2980 0.4131 38.0000 0.6934
69 1.2860 0.4566 36.0000 0.7697
69 1.2937 0.4348 38.0000 0.7697
69 1.2768 0.4348 38.0000 0.7743
69 1.3232 0.4420 36.0000 0.6048
69 1.2965 0.4203 38.0000 0.6512
69 1.2820 0.4420 36.5000 0.7326
69 1.3115 0.4348 37.0000 0.6141
69 1.2410 0.4493 36.0000 0.7697
69 1.2389 0.4638 35.0000 0.6638
68 1.3089 0.4412 36.0000 0.6737
72 1.3341 0.3820 40.5000 0.6457
72 1.3371 0.3889 42.5000 0.6320
72 1.3547 0.4028 40.0000 0.7490
72 1.3293 0.3959 42.0000 0.7695
87 1.2475 0.6588 28.0000 0.5853
61 1.3399 0.3667 37.0000 0.9125
52 1.5034 0.2500 33.0000 1.0000
52 1.4625 0.2885 30.5000 1.0000
52 1.4625 0.2885 30.5000 1.0000
52 1.4625 0.2885 30.5000 1.0000
52 1.4625 0.2885 30.5000 1.0000
52 1.7359 0.2500 32.5000 0.9324
52 1.6067 0.2500 33.5000 0.9353
90 1.2471 0.5111 37.0000 0.7262
95 1.2763 0.4948 44.0000 0.6182
79 1.1468 0.6835 22.0000 0.7157
