63 1.3074 0.6270 21.0000 0.5203
63 1.2925 0.6667 20.5000 0.4795
33 1.3431 0.6562 10.0000 0.4466
62 1.2225 0.7581 14.5000 0.5251
62 1.2170 0.7016 17.5000 0.6288
62 1.2113 0.7097 18.0000 0.2026
62 1.2113 0.7097 18.0000 0.2026
62 1.2115 0.7097 18.0000 0.2026
62 1.2115 0.7097 18.0000 0.2026
62 1.2110 0.7097 18.0000 0.2056
34 2.5928 0.3235 22.0000 0.2842
34 2.4000 0.4265 18.0000 0.2842
34 2.4270 0.3677 20.5000 0.2842
42 1.3687 0.6667 13.5000 0.9417
62 1.1484 0.6774 19.0000 0.5379
62 1.2330 0.7097 17.0000 0.4780
62 1.1484 0.6774 19.0000 0.5379
62 1.2330 0.7097 17.0000 0.4780
62 1.1484 0.6774 19.0000 0.5379
62 1.2330 0.7097 17.0000 0.4780
42 1.4139 0.6905 12.0000 0.9417
41 1.9473 0.4359 19.0000 0.0983
42 1.3649 0.7976 8.5000 0.8799
46 1.3955 0.4773 21.5000 0.9205
33 1.3261 0.7500 8.5000 0.4779
46 1.2750 0.5113 22.5000 0.9205
42 1.6637 0.5750 17.0000 0.7779
20 1.6808 0.2778 10.0000 0.9324
62 1.2232 0.6066 23.0000 0.4335
62 1.2231 0.6066 24.0000 0.4335
19 1.6755 0.2647 12.0000 0.9225
62 1.2146 0.6855 18.0000 0.3804
62 1.2146 0.6855 18.0000 0.3804
62 1.2081 0.6129 19.0000 0.4107
62 1.1545 0.7016 18.0000 0.6307
62 1.1873 0.7177 16.0000 0.3626
62 1.1904 0.6935 17.5000 0.3736
46 1.3860 0.5000 23.0000 0.9477
88 1.2470 0.6307 30.0000 0.6366
88 1.2517 0.6932 25.5000 0.7700
46 1.2027 0.4456 23.0000 0.5279
14 1.9186 0.3750 9.0000 0.4789
46 1.5359 0.6137 16.0000 0.8930
46 1.3664 0.5113 22.5000 0.8695
46 1.4693 0.4659 23.5000 0.9205
46 1.4426 0.4091 24.0000 0.9205
46 1.3039 0.4204 23.5000 0.8939
46 1.4245 0.3864 25.0000 0.9205
64 1.1928 0.5938 21.5000 0.4708
45 1.2641 0.6744 16.0000 0.8475
41 2.1613 0.3077 22.0000 0.1250
46 1.3489 0.6704 15.5000 0.9249
42 1.2234 0.6667 12.0000 0.7252
42 1.2378 0.6667 12.0000 0.7252
32 1.3500 0.6875 9.0000 0.8287
44 1.3462 0.7381 12.5000 0.9383
42 1.3266 0.6190 15.0000 0.9417
42 1.3864 0.8214 7.5000 0.8399
42 1.3510 0.6428 14.0000 0.9417
42 1.4243 0.6310 15.0000 0.9417
42 1.5885 0.6190 16.0000 0.7469
42 1.4856 0.6905 13.0000 0.7133
42 1.6639 0.5000 19.0000 0.7546
44 1.2075 0.7045 13.0000 0.6828
42 1.5158 0.6548 14.5000 0.7740
33 1.6229 0.4194 16.0000 0.7786
33 1.5348 0.3710 17.0000 0.7957
33 1.5687 0.3548 17.0000 0.7957
42 1.2448 0.5000 18.0000 0.5150
42 1.3495 0.6905 13.0000 0.9113
19 1.7302 0.2353 11.0000 0.8597
84 1.2539 0.6071 31.0000 0.4863
41 2.1006 0.3206 23.5000 0.1097
41 2.2498 0.3590 21.0000 0.1470
16 1.5709 0.2500 11.0000 0.8044
60 1.2890 0.7193 17.0000 0.3574
41 2.0840 0.4616 20.5000 0.1040
60 1.2641 0.6897 19.0000 0.6664
41 1.9993 0.2895 22.0000 0.3711
86 1.2611 0.6570 27.0000 0.5505
92 1.3298 0.5544 37.0000 0.9341
92 1.3142 0.5163 38.5000 0.9180
88 1.2906 0.5909 34.5000 0.6493
92 1.3402 0.5597 37.5000 0.9056
88 1.4013 0.6193 32.0000 0.8880
88 1.3376 0.5455 38.0000 0.8763
81 1.2633 0.5988 32.5000 0.9369
16 1.6984 0.2857 11.0000 0.9079
16 1.8010 0.3750 9.0000 0.9220
91 1.2053 0.5556 38.0000 0.8379
92 1.2471 0.5706 33.0000 0.7290
91 1.2216 0.5275 42.5000 0.6554
91 1.3024 0.6044 34.0000 0.8242
65 1.2625 0.5625 26.0000 0.7939
16 1.4793 0.3125 9.0000 0.9220
16 1.5867 0.2500 10.5000 0.9220
82 1.3772 0.5854 32.0000 0.4992
923 1.2170 0.5877 357.0000 0.2911
73 1.1226 0.9315 5.0000 0.4737
11 1.5908 0.0000 11.0000 0.2756
73 1.2077 0.7466 18.5000 0.7545
73 1.1987 0.7123 20.0000 0.5207
184 1.5099 0.4185 95.0000 0.3180
22 1.4106 0.0455 9.0000 0.9466
22 1.8079 0.2500 13.0000 0.5587
22 1.4462 0.3636 10.0000 0.9466
28 1.5400 0.3077 17.0000 0.9560
70 1.5368 0.4015 36.0000 0.8295
74 1.5991 0.4000 37.5000 0.7778
72 1.6261 0.2941 40.0000 0.8592
70 1.5770 0.4265 34.5000 0.9061
70 1.6491 0.3788 37.0000 0.8881
72 1.5250 0.4192 37.0000 0.8972
70 1.6353 0.3712 39.0000 0.8295
74 1.6212 0.3429 40.0000 0.8180
70 1.6061 0.3636 38.0000 0.8382
74 1.6605 0.3571 38.5000 0.8034
86 1.2077 0.5872 33.5000 0.7794
87 1.1988 0.5172 36.0000 0.7586
86 1.1995 0.5814 36.0000 0.6868
86 1.2851 0.5233 36.0000 0.6195
86 1.1927 0.5000 38.0000 0.5685
82 1.2067 0.5366 34.5000 0.5840
86 1.1992 0.5756 35.5000 0.6937
87 1.1958 0.5230 36.0000 0.5901
86 1.1935 0.6047 34.0000 0.6413
86 1.2432 0.5407 35.0000 0.6761
86 1.2252 0.5698 34.0000 0.7522
86 1.2274 0.5581 33.0000 0.6940
86 1.2090 0.5872 33.5000 0.6991
87 1.1855 0.5114 36.0000 0.7359
86 1.2363 0.6279 31.0000 0.7852
85 1.1596 0.6412 30.5000 0.8207
86 1.2168 0.5698 35.0000 0.6991
87 1.2030 0.5172 36.0000 0.7556
86 1.2584 0.5976 34.5000 0.6778
86 1.2914 0.5976 34.0000 0.6778
86 1.1893 0.6279 31.0000 0.5778
86 1.1988 0.6337 30.0000 0.4347
42 1.2141 0.7143 12.0000 0.8799
42 1.1842 0.8049 9.0000 0.1813
43 1.2088 0.8810 6.0000 0.3803
20 1.6717 0.2000 14.0000 0.3042
20 1.7351 0.2500 14.0000 0.3042
20 1.6911 0.2250 14.0000 0.3042
20 1.7108 0.2000 14.0000 0.3042
20 1.7458 0.2000 14.0000 0.3735
20 1.7451 0.2250 14.0000 0.3735
98 1.2812 0.5612 41.0000 0.5973
42 1.3872 0.7262 10.5000 0.9417
84 1.1488 0.7500 21.0000 0.3959
46 1.3630 0.5000 23.0000 0.9205
82 1.1375 0.7683 18.5000 0.4866
82 1.1922 0.7439 21.0000 0.6095
42 1.3289 0.7024 12.5000 0.9417
11 1.8674 0.3000 7.0000 0.6857
44 1.2989 0.6704 13.0000 0.9114
16 1.7860 0.5333 8.0000 0.6958
16 1.5621 0.4667 8.0000 0.8128
16 1.6700 0.5000 8.0000 1.0000
16 1.6730 0.5000 7.5000 0.8128
16 1.7172 0.5000 8.0000 1.0000
16 1.7059 0.4667 8.0000 1.0000
16 1.6766 0.4667 8.0000 0.6958
16 1.6592 0.5333 8.0000 1.0000
42 1.4550 0.6190 16.0000 0.9383
67 1.7010 0.3538 38.0000 0.8505
39 1.6115 0.4167 21.0000 0.8717
63 1.2495 0.6825 19.0000 0.7702
63 1.2287 0.6984 19.0000 0.5364
20 1.5096 0.2222 14.0000 0.9324
20 1.4986 0.2222 14.0000 0.9324
20 1.6731 0.3889 11.5000 0.9324
20 1.5949 0.0000 17.0000 0.9324
21 1.6673 0.3000 10.5000 0.8615
20 1.7129 0.4000 10.0000 0.7461
42 1.3548 0.7500 10.5000 0.9417
41 1.3458 0.8049 8.0000 0.2533
47 1.8778 0.4575 23.0000 0.7347
47 1.7915 0.4255 23.0000 0.7151
46 1.8507 0.4783 22.0000 0.7541
48 1.9815 0.4375 24.0000 0.6521
40 1.4504 0.6154 14.0000 0.8951
46 1.6405 0.4347 22.5000 0.6796
46 1.6128 0.4565 22.0000 0.9470
46 1.6181 0.4348 24.0000 0.7058
46 1.6215 0.4348 24.0000 0.5939
47 1.6030 0.4788 21.0000 0.9079
47 1.3779 0.5106 20.0000 0.7991
47 1.4337 0.4361 22.5000 0.5631
15 1.4667 0.3077 10.0000 0.8063
84 1.4133 0.5476 35.0000 0.4830
83 1.4641 0.5301 36.0000 0.4401
62 1.2058 0.6694 18.0000 0.4528
62 1.2112 0.7097 18.0000 0.2026
60 2.6195 0.3220 33.0000 0.5961
59 2.5651 0.3509 31.5000 0.4335
61 2.5142 0.3333 33.0000 0.5460
61 2.5274 0.3500 32.0000 0.5645
62 1.1484 0.6774 19.0000 0.5379
62 1.2330 0.7097 17.0000 0.4780
87 1.2853 0.5862 35.0000 0.5528
87 1.2618 0.5344 37.0000 0.3597
87 1.2605 0.5805 35.0000 0.5920
87 1.2997 0.5057 39.0000 0.4257
87 1.1918 0.5517 36.5000 0.3954
87 1.1938 0.5632 36.0000 0.4325
84 1.2999 0.6607 27.5000 0.4309
84 1.2198 0.6370 29.0000 0.1987
84 1.2075 0.6905 25.0000 0.4107
84 1.2664 0.6786 26.5000 0.3803
84 1.2174 0.6310 29.5000 0.3884
84 1.2900 0.6548 28.0000 0.6712
84 1.1926 0.6429 28.0000 0.3846
84 1.2846 0.6190 29.0000 0.5730
84 1.2155 0.6429 29.0000 0.6097
84 1.2199 0.6548 28.5000 0.1872
84 1.2300 0.6489 28.0000 0.3190
84 1.3073 0.5535 33.5000 0.4679
30 2.2874 0.3704 17.0000 0.9341
28 2.1333 0.4038 15.0000 0.9670
26 2.0603 0.3959 14.0000 0.9242
85 1.3418 0.6588 26.5000 0.2460
85 1.2162 0.6941 25.0000 0.4453
84 1.3260 0.6489 28.5000 0.2998
84 1.2551 0.6310 30.0000 0.5220
83 1.1964 0.6807 25.5000 0.5458
83 1.3975 0.6627 28.0000 0.4654
83 1.3422 0.5783 32.5000 0.3324
20 1.6289 0.1500 17.0000 0.6581
18 1.3177 0.2941 12.0000 0.9320
28 1.9350 0.3654 16.5000 0.9340
29 2.0473 0.4038 16.0000 0.9340
28 1.7942 0.4600 15.0000 0.9669
27 1.7775 0.5200 13.5000 0.9339
28 1.8859 0.3461 16.0000 0.9340
28 1.7993 0.3462 16.0000 0.9340
28 1.9533 0.3654 16.0000 0.9340
75 1.2525 0.6216 24.0000 0.6327
73 1.1225 0.9315 5.0000 0.4737
40 1.5546 0.3590 20.0000 0.9123
31 2.2786 0.5000 18.0000 0.8638
60 2.5088 0.3135 32.0000 0.4419
60 2.4445 0.3390 31.0000 0.3722
12 1.5760 0.5000 6.0000 0.3234
45 1.4317 0.3604 26.0000 0.8938
45 1.4686 0.3604 25.0000 0.9217
45 1.5225 0.3721 26.0000 0.9217
60 2.5842 0.2881 33.0000 0.5641
60 2.5727 0.2882 32.5000 0.5141
45 1.3861 0.3256 26.5000 0.8938
45 1.4490 0.2791 27.0000 0.8938
158 1.6214 0.4841 71.0000 0.0774
17 2.4855 0.3529 11.0000 0.4896
87 1.2574 0.5632 35.0000 0.6463
40 1.5101 0.3684 21.0000 0.9122
73 1.1720 0.8767 9.0000 0.4059
18 1.7881 0.3750 10.0000 0.2680
16 1.7446 0.4286 9.0000 0.3315
16 1.8445 0.4286 8.5000 0.3315
73 1.1111 0.9178 5.5000 0.4959
73 1.0686 0.9246 5.5000 0.4959
91 1.4348 0.5000 38.0000 0.8605
73 1.0645 0.9589 3.0000 0.5064
91 1.4108 0.5110 37.0000 0.5975
73 1.0594 0.9589 3.0000 0.4959
91 1.2535 0.5824 36.0000 0.6544
73 1.2383 0.6986 20.0000 0.5620
62 1.2648 0.6290 23.0000 0.3689
73 1.2116 0.7191 19.0000 0.7994
73 1.2081 0.7260 19.5000 0.7754
40 1.7064 0.5000 18.0000 0.9123
99 1.5016 0.4949 43.5000 0.3881
254 1.6713 0.4547 116.5000 0.5296
229 1.8375 0.3930 117.5000 0.4429
42 1.6018 0.3846 21.0000 0.9123
25 1.2125 0.4348 14.0000 0.7247
25 1.1743 0.4348 14.0000 0.7247
25 1.1919 0.5000 13.0000 0.6053
25 1.1706 0.4348 14.0000 0.8295
22 1.5727 0.2273 13.0000 0.9334
83 1.1610 0.7590 19.5000 0.5827
85 1.1438 0.6824 25.0000 0.5970
82 1.1958 0.7561 20.0000 0.5931
83 1.1898 0.7805 18.5000 0.4026
169 1.2942 0.5207 74.0000 0.4865
910 1.2824 0.6549 282.5000 0.1810
146 1.4434 0.4863 67.0000 0.3606
20 1.6046 0.1389 16.0000 0.8605
15 1.4578 0.3077 9.5000 0.8063
59 2.4955 0.3276 31.0000 0.5519
59 2.5069 0.3276 30.0000 0.5449
73 1.1117 0.9246 5.5000 0.4737
73 1.1145 0.9452 4.0000 0.4635
73 1.0781 0.9726 2.0000 0.4847
73 1.1065 0.9246 5.0000 0.4737
73 1.1065 0.9246 5.0000 0.4737
73 1.0995 0.9726 2.0000 0.4688
103 1.4925 0.4806 46.5000 0.3930
40 2.0037 0.3590 22.0000 0.6295
40 1.5131 0.3421 19.0000 0.9122
40 1.5532 0.3553 19.5000 0.7986
40 1.6707 0.4615 19.0000 0.8320
40 1.7445 0.3974 20.0000 0.8157
40 1.6604 0.3846 20.0000 0.8320
40 1.7239 0.3846 19.0000 0.6421
40 1.7319 0.3590 19.0000 0.7192
44 1.3129 0.7024 14.5000 0.9113
44 1.3779 0.7381 12.5000 0.8799
101 1.4430 0.5297 45.0000 0.4385
103 1.3815 0.5097 46.0000 0.3930
41 1.3989 0.6098 15.0000 0.7077
42 1.5197 0.6905 11.5000 0.7655
295 1.7418 0.4814 130.5000 0.7126
176 1.3005 0.4773 80.0000 0.4545
296 1.5692 0.4325 149.0000 0.3617
59 2.2561 0.3276 31.0000 0.5132
29 2.1673 0.3846 16.0000 0.9340
12 1.8988 0.3333 7.0000 0.3234
12 1.9636 0.3333 7.0000 0.3234
12 1.9460 0.3333 7.0000 0.3234
12 1.9423 0.3333 7.0000 0.3234
12 1.7533 0.5833 5.0000 0.3234
12 1.4355 0.4167 6.0000 0.3234
12 1.5203 0.4167 6.0000 0.3234
12 1.4738 0.4167 7.0000 0.3234
12 1.4620 0.4167 7.0000 0.3234
45 1.5523 0.2500 28.0000 0.9741
87 1.2934 0.5575 35.0000 0.4731
87 1.2904 0.5291 36.5000 0.4681
95 1.2989 0.6011 37.0000 0.8320
238 1.5478 0.5210 99.0000 0.6671
95 1.9324 0.5158 40.0000 0.3170
95 1.8010 0.5421 37.5000 0.5818
13 1.9684 0.2500 9.0000 0.8597
13 1.8953 0.4584 5.5000 0.8597
64 1.4791 0.5625 22.0000 0.7980
64 1.3965 0.4844 25.0000 0.6290
64 1.3880 0.5078 27.5000 0.6232
28 1.3906 0.3929 15.0000 0.3481
29 1.4884 0.3103 14.0000 0.1787
29 1.3064 0.3448 16.0000 0.2153
41 1.7955 0.4390 20.5000 0.6986
87 1.2330 0.6035 34.0000 0.5413
621 2.1279 0.4815 266.0000 0.2073
621 2.1185 0.4774 267.0000 0.1928
19 1.4691 0.2500 10.0000 0.8507
40 1.6343 0.4343 21.0000 0.7634
40 1.6749 0.3846 22.0000 0.8320
40 1.5836 0.3684 22.0000 0.7191
157 1.4809 0.7197 37.0000 0.3095
157 1.5285 0.7070 40.0000 0.2620
163 1.1773 0.4410 80.5000 0.8141
97 1.1631 0.6598 32.0000 0.7727
23 1.9126 0.5652 10.0000 0.5729
386 1.7113 0.4987 168.0000 0.4507
18 1.4660 0.2222 11.0000 0.9324
19 1.5364 0.4737 9.0000 0.8768
14 1.3271 0.2308 11.0000 0.5943
25 1.3628 0.5200 11.0000 0.9114
25 1.3628 0.5200 11.0000 0.9114
25 1.2651 0.5200 12.0000 1.0000
25 1.2455 0.6800 8.0000 1.0000
25 1.3717 0.6000 9.5000 0.5727
25 1.3447 0.4200 12.0000 0.8424
34 1.6807 0.3235 21.0000 0.9121
923 1.3525 0.5201 398.5000 0.4162
923 1.3744 0.4588 444.5000 0.4940
29 1.4909 0.4483 14.0000 0.9118
26 1.2598 0.5209 13.0000 0.7965
26 1.2686 0.5209 13.0000 0.9113
26 1.2686 0.5209 13.0000 0.9113
217 1.4919 0.5576 87.5000 0.3792
458 1.1638 0.7664 96.5000 0.3957
54 1.4766 0.4723 25.0000 0.7251
43 1.5825 0.3953 23.0000 0.7374
25 1.2399 0.6800 8.0000 0.3942
62 1.2246 0.7419 14.0000 0.3436
20 1.3866 0.4250 11.5000 1.0000
20 1.3792 0.3000 14.0000 1.0000
20 1.3108 0.4000 12.0000 1.0000
20 1.2774 0.4000 12.0000 1.0000
19 1.8079 0.3684 12.0000 1.0000
43 1.4554 0.4651 20.0000 0.8233
98 1.2346 0.5204 43.0000 0.7481
55 1.7904 0.5200 26.0000 0.8158
55 1.9286 0.5472 22.0000 0.3145
63 1.4350 0.3197 36.0000 0.9467
944 1.2915 0.5605 383.5000 0.3176
944 1.3014 0.5541 390.5000 0.3610
402 1.1107 0.8483 58.0000 0.5070
109 1.4156 0.4587 52.0000 0.5304
130 1.5739 0.4538 64.0000 0.5305
20 1.8225 0.2105 12.5000 0.3920
98 1.5597 0.5469 34.0000 0.7782
146 1.1349 0.7603 35.0000 0.4182
453 1.0697 0.8786 53.0000 0.3434
146 1.1631 0.7671 34.0000 0.7786
453 1.0749 0.8653 58.0000 0.4062
54 1.4903 0.2963 32.0000 0.8569
85 1.2508 0.5647 36.5000 0.5815
87 1.2519 0.5747 33.5000 0.5486
472 1.0605 0.9778 10.5000 0.1000
927 1.2079 0.5760 364.0000 0.2610
924 1.2130 0.5931 350.0000 0.2896
924 1.2137 0.5877 359.5000 0.3046
924 1.2124 0.5936 353.5000 0.3114
924 1.2248 0.5855 361.0000 0.3287
924 1.2144 0.5774 367.0000 0.3248
924 1.2187 0.5872 360.5000 0.3269
64 1.4794 0.5625 22.0000 0.7475
79 1.6070 0.6203 28.0000 0.3499
928 1.2370 0.5749 368.5000 0.3191
928 1.2104 0.5808 360.0000 0.3560
928 1.2062 0.5846 359.5000 0.3529
928 1.2198 0.5819 362.0000 0.3053
453 1.0498 0.9823 8.0000 0.3881
453 1.0540 0.9757 11.0000 0.2957
453 1.0531 0.9768 9.5000 0.3610
453 1.0530 0.9812 8.5000 0.4301
453 1.0610 0.9691 14.0000 0.4578
453 1.0581 0.9768 10.5000 0.4415
453 1.0632 0.9713 13.0000 0.3220
453 1.0638 0.9658 15.5000 0.3628
24 1.2904 0.3182 14.0000 0.9466
22 1.3625 0.1818 11.0000 0.9466
465 1.0985 0.8602 65.0000 0.3972
52 1.6679 0.1538 26.0000 0.9786
210 1.8418 0.4547 97.5000 0.4103
120 1.2742 0.8334 17.0000 0.9831
62 1.1208 0.0968 4.0000 0.5223
48 1.2602 0.6562 16.0000 0.4627
48 1.2481 0.6458 17.0000 0.5905
49 1.3310 0.5816 19.0000 0.8154
48 1.3645 0.5833 18.5000 0.7973
48 1.3650 0.5521 18.0000 0.7494
48 1.2867 0.6250 17.0000 0.5070
48 1.3030 0.5417 20.0000 0.7612
48 1.3211 0.5417 20.0000 0.6716
48 1.4354 0.5417 20.0000 0.8209
48 1.2502 0.6458 17.0000 0.7973
36 2.7713 0.4000 18.5000 0.4052
98 1.3683 0.5765 39.5000 0.3689
50 1.2121 0.5300 23.0000 0.8371
44 1.4816 0.1667 29.0000 0.9741
944 1.2248 0.5970 355.0000 0.3914
84 1.2470 0.6726 27.5000 0.5524
65 1.2911 0.5231 27.5000 0.9768
242 1.7415 0.3513 128.5000 0.2912
242 1.8001 0.3533 128.5000 0.3342
73 1.0786 0.9589 3.0000 0.5064
87 1.1871 0.6495 29.5000 0.3924
87 1.2216 0.6667 27.5000 0.4370
87 1.1637 0.6552 30.0000 0.3747
86 1.3169 0.5291 35.0000 0.6403
84 1.2453 0.5060 39.0000 0.6462
51 1.3426 0.4200 27.0000 0.5951
51 1.2562 0.3673 27.0000 0.7527
51 1.2994 0.4400 28.0000 0.7884
51 1.2900 0.4314 28.0000 0.8824
51 1.4078 0.4412 27.0000 0.7387
51 1.3297 0.3823 30.0000 0.8437
51 1.2980 0.4118 28.0000 0.7630
51 1.3158 0.4000 28.0000 0.8226
51 1.4015 0.4300 28.0000 0.7884
51 1.2931 0.3922 28.5000 0.6663
51 1.3110 0.3922 29.0000 0.7671
51 1.3023 0.3922 28.0000 0.7885
51 1.3045 0.3922 28.0000 0.8501
51 1.3239 0.4216 27.0000 0.6888
924 1.2135 0.5898 356.5000 0.3191
86 1.2824 0.5116 34.5000 0.6400
86 1.2694 0.5814 35.0000 0.3814
13 2.9274 0.2308 9.0000 0.6945
14 1.5310 0.4643 7.5000 0.9079
14 1.7635 0.4643 7.0000 0.9079
14 1.7531 0.5000 6.0000 0.9079
14 1.6605 0.3928 7.5000 0.9079
15 1.6618 0.3334 9.0000 0.9215
15 1.6594 0.4000 8.5000 0.9215
15 1.6553 0.2667 11.0000 0.9215
15 1.6470 0.3334 10.0000 0.8239
34 1.5049 0.3824 18.0000 0.6638
35 1.7504 0.3714 19.0000 0.6251
46 2.1296 0.3478 23.5000 0.3279
35 1.6945 0.4000 19.0000 0.6767
32 1.1536 0.7344 7.0000 0.7960
31 1.1037 0.8387 4.0000 0.7575
32 1.1577 0.7812 6.0000 0.8002
32 1.1721 0.7500 7.0000 0.8503
73 1.2182 0.7876 14.0000 0.4104
73 1.1381 0.8493 9.5000 0.5193
73 1.1355 0.7945 13.0000 0.7537
73 1.1542 0.8630 10.0000 0.4505
73 1.1356 0.7945 13.0000 0.7537
73 1.1303 0.8219 11.0000 0.8326
73 1.1953 0.8082 13.0000 0.5295
75 1.5983 0.4267 39.0000 0.8399
42 1.4943 0.3452 26.0000 0.9677
42 1.4062 0.4286 23.0000 0.9677
42 1.5812 0.3690 25.0000 0.9677
42 1.4449 0.4048 24.0000 0.9677
909 1.2140 0.5831 353.0000 0.3405
941 1.2128 0.5803 364.5000 0.4090
947 1.1976 0.6161 339.5000 0.4399
946 1.2101 0.6253 333.0000 0.3625
946 1.2216 0.6195 336.5000 0.3215
946 1.1989 0.6221 333.0000 0.3436
946 1.2032 0.6316 327.5000 0.3458
70 1.2605 0.5429 26.5000 0.4025
621 1.9718 0.4409 281.5000 0.1686
37 1.3594 0.2432 21.0000 0.4476
949 1.2134 0.6354 323.5000 0.3201
949 1.2176 0.6296 331.5000 0.3186
949 1.2123 0.6339 325.5000 0.3279
447 1.1171 0.8568 62.5000 0.2027
35 1.4425 0.2941 22.0000 0.8982
85 1.2319 0.6530 28.0000 0.5790
90 1.3404 0.5612 37.0000 0.5723
90 1.3414 0.5389 37.5000 0.6244
90 1.3792 0.5222 39.0000 0.5937
90 1.3992 0.5389 39.0000 0.4963
90 1.3255 0.5612 36.0000 0.5952
86 1.2190 0.6570 27.0000 0.9098
42 1.3611 0.5000 19.0000 0.9447
57 1.8344 0.3333 28.5000 0.5642
58 1.9390 0.3448 31.0000 0.5609
58 1.8861 0.3621 29.0000 0.5482
58 1.8619 0.3793 30.0000 0.6020
130 1.5581 0.5391 48.5000 0.5478
63 1.5435 0.3306 35.0000 0.9281
63 1.5468 0.3387 35.0000 0.9281
62 1.6755 0.3115 35.0000 0.9637
58 1.8226 0.3448 30.0000 0.6558
58 1.8215 0.3621 30.0000 0.6124
17 1.8053 0.1250 12.0000 0.5681
17 1.7288 0.1250 11.0000 0.8596
66 1.6007 0.5000 31.0000 0.9324
61 1.5995 0.3167 34.0000 0.9125
63 1.7875 0.3175 34.0000 0.9495
66 1.6917 0.3863 36.0000 0.8968
66 1.7202 0.3485 37.0000 0.9049
174 1.8045 0.3534 90.0000 0.5085
118 1.6471 0.3983 60.0000 0.5010
118 1.6444 0.4025 61.5000 0.5018
55 1.7346 0.4245 28.0000 0.8803
55 1.8563 0.3727 29.0000 0.8533
90 1.3224 0.5778 35.0000 0.5291
55 1.8461 0.3909 29.5000 0.8843
55 1.6075 0.4364 29.0000 0.8832
55 1.6623 0.4182 29.0000 0.8690
73 1.0786 0.9589 3.0000 0.5064
949 1.2201 0.6259 332.0000 0.3003
37 1.3405 0.4167 21.0000 0.5613
38 1.3999 0.4324 21.0000 0.6112
239 1.5995 0.5356 100.5000 0.2873
498 1.0753 0.9628 18.5000 0.5474
64 1.4468 0.5781 24.0000 0.6119
457 1.0511 0.9737 12.0000 0.4842
481 1.0532 0.9834 8.0000 0.5473
457 1.0527 0.9770 10.5000 0.4851
457 1.0587 0.9727 12.5000 0.5209
737 1.3024 0.5149 322.0000 0.4828
802 1.2857 0.5006 356.0000 0.4499
853 1.2579 0.5293 358.5000 0.4646
844 1.2522 0.5415 350.0000 0.3963
886 1.2335 0.5615 350.5000 0.3946
881 1.2421 0.5312 368.0000 0.4112
469 1.0871 0.8294 76.0000 0.3597
63 1.4236 0.4098 33.5000 0.9275
47 1.9332 0.2128 36.0000 0.7980
62 1.4718 0.2167 34.0000 0.9637
881 1.2142 0.6975 244.0000 0.5175
66 1.6917 0.2891 37.0000 0.8847
104 1.1373 0.8971 7.5000 0.9899
120 1.1429 0.7077 8.0000 0.9913
80 1.1463 0.8654 6.0000 0.9866
104 1.1259 0.9363 8.0000 0.9899
120 1.1352 0.9195 9.0000 0.9913
80 1.1497 0.8461 10.0000 0.9866
69 1.6159 0.4058 36.0000 0.5327
69 1.6762 0.4058 36.0000 0.5073
69 1.7077 0.4131 36.5000 0.5711
69 1.7490 0.4058 36.0000 0.5398
69 1.6554 0.4058 38.0000 0.5543
69 1.6852 0.4058 36.5000 0.5398
69 1.6060 0.4203 35.0000 0.5196
69 1.6068 0.4275 35.5000 0.5261
69 1.6806 0.4275 36.5000 0.5327
69 1.6949 0.4058 37.0000 0.5789
68 1.6326 0.4265 33.5000 0.6478
72 1.7764 0.4305 36.5000 0.5679
72 1.7364 0.4445 35.5000 0.5263
72 1.6860 0.4444 36.0000 0.5549
72 1.6805 0.4444 36.5000 0.5822
87 1.2936 0.6294 31.5000 0.5853
61 1.6093 0.3167 34.5000 0.9250
52 1.6049 0.2788 29.0000 0.9786
52 1.5938 0.2596 29.0000 1.0000
52 1.5937 0.2596 29.0000 1.0000
52 1.5937 0.2596 29.0000 1.0000
52 1.5937 0.2596 29.0000 1.0000
52 1.7227 0.2596 32.0000 0.8821
52 1.7973 0.2596 30.5000 0.8872
90 1.2681 0.5277 35.5000 0.8058
95 1.3567 0.4789 43.5000 0.3182
79 1.1927 0.7089 21.5000 0.8301
