63 1.2028 0.6905 19.0000 0.6240
63 1.1866 0.6825 19.0000 0.4721
33 1.2322 0.6406 12.5000 0.5331
62 1.1817 0.7097 17.5000 0.3837
62 1.1825 0.7177 17.0000 0.3675
62 1.2267 0.7742 14.0000 0.5909
62 1.2267 0.7742 14.0000 0.5909
62 1.2266 0.7581 14.0000 0.5598
62 1.2265 0.7581 14.0000 0.4562
62 1.2258 0.7581 14.0000 0.5909
34 2.9258 0.2941 23.0000 0.2842
42 1.1421 0.7143 12.0000 0.9417
62 1.1567 0.7419 15.0000 0.3786
62 1.2366 0.7016 18.0000 0.3292
62 1.1567 0.7419 15.0000 0.3786
62 1.2366 0.7016 18.0000 0.3292
62 1.1567 0.7419 15.0000 0.3786
62 1.2366 0.7016 18.0000 0.3292
42 1.2167 0.7619 10.0000 0.9113
41 1.5658 0.6410 15.5000 0.0938
42 1.1449 0.7143 12.0000 0.8799
46 1.2279 0.5227 22.0000 0.9205
33 1.2063 0.5938 10.0000 0.8552
46 1.2632 0.5455 21.0000 0.9477
42 1.2285 0.6250 14.0000 0.8409
20 1.5332 0.3055 10.0000 0.9324
62 1.2185 0.7213 17.0000 0.3187
62 1.2198 0.7049 17.0000 0.3187
19 1.8869 0.2941 10.0000 0.9225
62 1.1708 0.7258 17.0000 0.4780
62 1.1708 0.7258 17.0000 0.4780
62 1.1952 0.6774 19.0000 0.7757
62 1.1949 0.7177 16.5000 0.5223
62 1.1991 0.6694 19.0000 0.3450
62 1.1730 0.7258 16.5000 0.3736
46 1.2684 0.5569 21.0000 0.9477
88 1.1923 0.6705 27.0000 0.6262
88 1.2305 0.6307 29.0000 0.6419
46 1.2078 0.4348 22.0000 0.5063
14 1.6107 0.5000 7.0000 0.4789
46 1.3639 0.4545 22.0000 0.9249
46 1.2555 0.4318 25.0000 0.9477
46 1.2767 0.6136 19.0000 0.9742
46 1.2727 0.5341 22.0000 0.9205
46 1.3103 0.5796 18.5000 0.9477
46 1.2791 0.4545 23.0000 0.9205
64 1.2801 0.5859 21.0000 0.5670
45 1.1870 0.6744 16.0000 0.6015
46 1.3898 0.5682 19.0000 0.9249
42 1.1182 0.7619 10.0000 0.8799
42 1.1154 0.7619 10.0000 0.8799
32 1.2331 0.7812 7.0000 0.8324
44 1.2150 0.7738 11.5000 0.9059
42 1.2219 0.6667 13.0000 0.9417
42 1.2289 0.7500 10.5000 0.8399
42 1.1666 0.6905 13.0000 0.9417
42 1.1952 0.6429 15.0000 0.9417
42 1.2250 0.6429 15.0000 0.7469
42 1.1985 0.5952 16.5000 0.8157
42 1.2907 0.6250 15.0000 0.8249
44 1.1684 0.6136 16.0000 0.8160
42 1.2252 0.6667 14.0000 0.8745
33 1.5384 0.4194 18.0000 0.5915
33 1.3180 0.3548 17.0000 0.6304
33 1.2609 0.3548 18.0000 0.5829
42 1.3787 0.4048 20.0000 0.6740
42 1.1512 0.7381 11.0000 0.9113
19 1.5820 0.3529 10.0000 0.8597
84 1.2068 0.6370 30.0000 0.3432
41 1.5880 0.4872 18.0000 0.0983
41 1.6738 0.5641 17.0000 0.1283
16 1.3742 0.3333 10.0000 0.2513
60 1.1834 0.5614 25.0000 0.4231
41 1.8611 0.5897 17.0000 0.2852
60 1.2542 0.5776 21.5000 0.7571
41 1.7622 0.5263 19.5000 0.1246
86 1.1562 0.6453 29.5000 0.8908
92 1.2998 0.5380 38.0000 0.9708
92 1.1818 0.6033 34.0000 0.9550
88 1.2470 0.5795 33.0000 0.6345
92 1.3095 0.5109 38.0000 0.9278
88 1.2845 0.6307 31.0000 0.9624
88 1.2399 0.5738 33.5000 0.9558
81 1.2704 0.5988 32.0000 0.9369
16 1.6088 0.4286 8.0000 0.9079
16 1.6219 0.4375 7.5000 0.9220
91 1.1919 0.6388 32.5000 0.8379
92 1.1694 0.5761 38.5000 0.6119
91 1.2134 0.5495 36.5000 0.8818
91 1.1806 0.5714 37.0000 0.8242
65 1.2327 0.5859 24.5000 0.8827
16 1.6274 0.5000 7.0000 0.9220
16 1.6103 0.5312 7.0000 0.9220
82 1.2061 0.5305 33.0000 0.5223
923 1.2018 0.6284 325.5000 0.3758
73 1.0524 0.9315 5.0000 0.4737
11 1.7358 0.4545 6.0000 0.7610
73 1.1981 0.7123 19.0000 0.4473
73 1.1874 0.7123 19.5000 0.4598
184 1.4183 0.3859 99.0000 0.3929
22 1.7168 0.1364 15.0000 0.9466
22 1.6055 0.1818 15.0000 0.5197
22 1.4112 0.4773 9.0000 0.9466
28 1.3754 0.5000 9.0000 0.9560
70 1.4609 0.2879 38.0000 0.8382
74 1.4494 0.3357 40.0000 0.7778
72 1.4162 0.2867 40.0000 0.8576
70 1.3948 0.3162 39.0000 0.9061
70 1.4608 0.3333 39.0000 0.9060
72 1.4396 0.3235 38.5000 0.8882
70 1.5359 0.2576 39.5000 0.8382
74 1.4453 0.3143 38.0000 0.7703
70 1.5318 0.3182 38.0000 0.8213
74 1.4544 0.3642 39.0000 0.9395
86 1.2159 0.6512 28.5000 0.7920
87 1.2759 0.5862 33.0000 0.8233
86 1.2205 0.5930 30.0000 0.7920
86 1.2330 0.5349 36.5000 0.7171
86 1.2877 0.5233 34.5000 0.7988
82 1.2231 0.4756 39.0000 0.6075
86 1.2290 0.5698 32.0000 0.7961
87 1.2007 0.5862 35.0000 0.8665
86 1.2300 0.6395 31.0000 0.7356
86 1.2089 0.5814 34.5000 0.7464
86 1.2054 0.6047 30.0000 0.7920
86 1.2017 0.5581 35.0000 0.7712
86 1.2194 0.6570 28.0000 0.7891
87 1.2799 0.5747 35.0000 0.7714
86 1.2274 0.6628 28.5000 0.7357
85 1.2368 0.5294 38.0000 0.7852
86 1.2351 0.6163 31.5000 0.7665
87 1.2345 0.5747 34.0000 0.8797
86 1.1814 0.6341 31.0000 0.8512
86 1.1978 0.6220 32.0000 0.9085
86 1.2211 0.6628 29.0000 0.7356
86 1.2025 0.6628 29.0000 0.9406
42 1.1165 0.7619 10.0000 0.8799
42 1.1643 0.8780 6.0000 0.2479
43 1.1797 0.8453 7.5000 0.2133
20 2.0656 0.3750 9.5000 0.8435
20 2.0772 0.4500 9.0000 0.8921
20 2.0701 0.3750 9.5000 0.7949
20 2.2194 0.4500 9.0000 0.7949
20 2.1305 0.3750 9.5000 0.7949
20 2.0533 0.3750 9.5000 0.7949
98 1.2644 0.6020 36.0000 0.5802
42 1.1738 0.7619 10.0000 0.9417
84 1.1431 0.7262 22.5000 0.5341
46 1.2938 0.5341 21.0000 0.9211
82 1.1614 0.8171 15.0000 0.4866
82 1.1524 0.7805 18.0000 0.6397
42 1.2289 0.7619 10.0000 0.9113
11 1.6203 0.1000 8.0000 0.6857
44 1.1795 0.7159 11.5000 0.9114
16 2.2851 0.2667 9.0000 0.6022
16 1.9391 0.3333 8.5000 1.0000
16 2.1238 0.3333 9.0000 0.8621
16 2.1048 0.3333 9.0000 0.8128
16 2.2024 0.2667 9.0000 0.8128
16 2.0785 0.3667 9.0000 0.8128
16 2.1495 0.3333 9.0000 0.8128
16 2.0460 0.3333 9.0000 0.8128
42 1.1621 0.7857 9.0000 0.9059
67 1.4905 0.3846 34.5000 0.9342
39 1.3049 0.4722 19.5000 0.9379
63 1.1967 0.7460 15.0000 0.5535
63 1.1938 0.7540 15.5000 0.8807
20 1.6306 0.4722 10.0000 0.9324
20 1.4603 0.5000 9.5000 0.9324
20 1.4950 0.3889 11.0000 0.9324
20 1.7752 0.3333 12.0000 0.9324
21 1.5782 0.4000 10.0000 0.7942
20 1.6723 0.5000 9.0000 0.7461
42 1.1612 0.6905 13.0000 0.9417
41 1.0822 0.8293 7.0000 0.2110
47 1.5540 0.5106 21.0000 0.6520
47 1.7400 0.4894 22.0000 0.6260
46 1.7933 0.5217 21.0000 0.6588
48 1.8110 0.4896 23.5000 0.6030
40 1.3010 0.6923 13.0000 0.7838
46 1.6130 0.3587 25.0000 0.7289
46 1.3721 0.4348 23.0000 0.5752
46 1.4531 0.4348 24.0000 0.7549
46 1.6435 0.3913 25.0000 0.7289
47 1.3851 0.4043 24.0000 0.6011
47 1.2697 0.4255 25.0000 0.5631
47 1.4964 0.4361 22.5000 0.5631
15 1.5285 0.4615 7.0000 0.8063
55 2.2110 0.2593 31.0000 0.2853
84 1.2986 0.5833 31.5000 0.5386
83 1.2960 0.5301 34.0000 0.3938
62 1.1856 0.6935 19.0000 0.5756
62 1.2260 0.7581 14.0000 0.5909
60 1.6479 0.3559 33.0000 1.0000
59 1.9083 0.3772 30.5000 0.7158
61 1.9463 0.3333 31.5000 0.8655
61 1.9526 0.3500 31.0000 0.8655
62 1.1567 0.7419 15.0000 0.3786
62 1.2366 0.7016 18.0000 0.3292
87 1.2411 0.5287 36.5000 0.5631
87 1.2109 0.5287 39.0000 0.2811
87 1.1323 0.5287 36.0000 0.4828
87 1.1982 0.5000 38.0000 0.4312
87 1.1805 0.5287 34.0000 0.4167
87 1.1939 0.5114 37.0000 0.3921
84 1.2258 0.5655 35.5000 0.3854
84 1.1896 0.6130 32.0000 0.4369
84 1.2091 0.6071 31.0000 0.2640
84 1.2018 0.6011 33.5000 0.4657
84 1.2316 0.5774 34.0000 0.6009
84 1.2626 0.6071 32.0000 0.6329
84 1.2502 0.5833 33.5000 0.4406
84 1.2605 0.6310 30.0000 0.5955
84 1.2004 0.5714 34.0000 0.6335
84 1.2299 0.6250 30.0000 0.6654
84 1.2631 0.5952 33.0000 0.5299
84 1.2582 0.5238 36.0000 0.6139
30 1.8561 0.3704 17.0000 0.8794
28 1.8468 0.4231 14.0000 0.9340
26 1.6250 0.4167 13.0000 0.8629
85 1.2599 0.6177 31.0000 0.2459
85 1.2260 0.5647 35.0000 0.3389
84 1.2265 0.6190 30.5000 0.3194
84 1.2063 0.6370 30.0000 0.3557
83 1.2933 0.6025 31.5000 0.5252
83 1.2054 0.6024 31.5000 0.4061
83 1.1954 0.6386 30.0000 0.5458
20 1.7193 0.3000 11.0000 0.6149
18 1.6734 0.3529 11.0000 0.9320
28 1.8166 0.3846 15.0000 0.8792
29 1.5636 0.4615 15.0000 1.0000
28 1.8009 0.4000 15.5000 0.9339
27 1.7113 0.4400 14.0000 0.9339
28 1.7437 0.3462 16.0000 0.9340
28 1.4310 0.3846 15.5000 0.9670
28 1.6902 0.3654 16.0000 0.9340
75 1.2082 0.6081 28.0000 0.4541
73 1.0524 0.9315 5.0000 0.4737
40 1.4431 0.4615 20.5000 0.7696
31 2.2074 0.3000 19.0000 0.8638
60 1.8070 0.3559 32.0000 0.5872
60 1.7866 0.3729 31.0000 0.6730
12 1.3123 0.3333 7.0000 0.3234
45 1.4192 0.3721 25.5000 0.8938
45 1.3727 0.3721 23.5000 0.9217
45 1.3531 0.3721 23.5000 0.9217
60 1.6360 0.3729 32.0000 0.9126
60 1.7875 0.3389 33.5000 0.8447
45 1.3274 0.3023 28.5000 0.8693
45 1.3694 0.2442 28.0000 0.8400
158 1.5083 0.4649 74.0000 0.0922
17 2.0925 0.2941 11.0000 0.4896
87 1.1974 0.4713 40.0000 0.5591
40 1.3994 0.5263 17.0000 0.7695
73 1.0664 0.9178 6.0000 0.4149
18 1.9403 0.3750 10.0000 0.2680
16 1.6230 0.5714 8.0000 0.8897
16 1.7390 0.5714 8.0000 0.8897
73 1.0451 0.8904 6.0000 0.4959
73 1.0450 0.9452 4.0000 0.4959
91 1.2961 0.5110 36.5000 0.6386
73 1.0515 0.9452 4.0000 0.5064
91 1.2959 0.5824 34.0000 0.5317
73 1.0474 0.9452 4.0000 0.4959
91 1.2186 0.5275 38.0000 0.5178
73 1.1467 0.7534 15.0000 0.4904
62 1.1868 0.6935 18.0000 0.3841
73 1.1591 0.7329 17.0000 0.4426
73 1.1745 0.7329 17.5000 0.4473
40 1.8518 0.4615 19.0000 0.7696
99 1.3948 0.5859 41.0000 0.3534
254 1.5797 0.5118 110.0000 0.4828
229 1.7025 0.4389 107.5000 0.4653
42 1.5964 0.4359 23.0000 0.8721
25 1.1136 0.4783 13.0000 0.7247
25 1.1621 0.4783 13.0000 0.7247
25 1.1229 0.4783 13.0000 0.6053
25 1.1712 0.4783 13.0000 0.8295
22 1.4391 0.1818 10.0000 0.9334
83 1.1547 0.7952 17.0000 0.6161
85 1.1621 0.7882 18.0000 0.6609
82 1.1204 0.7561 20.0000 0.4156
83 1.1231 0.8537 13.0000 0.4961
169 1.2074 0.4881 75.0000 0.5035
910 1.2209 0.6686 279.5000 0.1459
146 1.2431 0.5274 64.5000 0.4570
20 1.7133 0.4167 10.0000 0.9324
15 1.5994 0.4615 8.0000 0.8063
59 2.2260 0.3103 32.0000 0.8158
59 2.2521 0.3103 33.0000 0.7056
73 1.0811 0.9041 7.0000 0.4737
73 1.0993 0.9041 7.0000 0.4635
73 1.0689 0.9589 3.0000 0.4847
73 1.0564 0.9315 5.0000 0.4737
73 1.0591 0.9315 5.0000 0.4737
73 1.0604 0.9452 4.0000 0.4635
103 1.4022 0.6311 37.5000 0.6263
40 1.8414 0.5000 17.0000 0.7635
40 1.3317 0.4211 24.0000 0.8319
40 1.3735 0.4343 23.5000 0.7009
40 1.4311 0.3846 23.0000 0.8320
40 1.4392 0.3590 24.0000 0.8320
40 1.4310 0.3590 23.0000 0.8320
40 1.4548 0.3974 23.0000 0.8320
40 1.4640 0.3846 22.5000 0.8320
44 1.1939 0.8333 9.0000 0.8799
44 1.2031 0.7619 11.0000 0.8799
101 1.3511 0.6238 36.0000 0.4478
103 1.4163 0.5922 38.0000 0.5553
41 1.2799 0.6951 11.5000 0.6828
42 1.2302 0.7381 10.5000 0.8460
295 1.4286 0.4661 135.5000 0.6018
176 1.2110 0.4574 81.0000 0.5701
296 1.4655 0.4932 129.0000 0.5522
59 2.3695 0.2759 35.0000 0.5748
29 1.9598 0.3846 15.0000 0.8792
12 1.8353 0.1667 7.0000 0.3234
12 1.8796 0.1667 7.0000 0.3234
12 1.8213 0.1667 7.0000 0.3234
12 1.8924 0.1667 7.0000 0.3234
12 1.6256 0.4167 6.0000 0.3234
12 1.5267 0.4167 6.0000 0.3234
12 1.3837 0.3333 7.0000 0.6969
12 1.3811 0.3333 7.0000 0.3234
12 1.3650 0.3333 7.0000 0.6969
45 1.3627 0.2619 22.0000 0.9741
87 1.1887 0.5344 38.0000 0.3669
87 1.1711 0.5581 34.0000 0.4870
95 1.1930 0.5798 40.5000 0.8661
238 1.5065 0.5315 97.5000 0.6930
95 1.9937 0.4842 41.0000 0.3916
95 1.9430 0.4947 40.5000 0.4748
13 1.9543 0.5000 6.0000 0.8597
13 1.8947 0.4167 7.0000 1.0000
64 1.3613 0.6094 21.0000 0.6213
64 1.2887 0.5859 22.5000 0.6970
64 1.2050 0.5391 28.0000 0.6465
28 1.4142 0.3929 16.0000 0.6671
29 1.3641 0.3448 16.5000 0.6080
29 1.5391 0.4138 15.5000 0.2153
41 1.8193 0.3902 23.0000 0.8321
87 1.1661 0.5402 37.0000 0.6515
621 2.0619 0.4992 252.0000 0.1509
621 2.0587 0.4960 255.0000 0.1338
19 1.5520 0.2222 10.0000 0.8507
40 1.7237 0.4211 21.0000 0.7283
40 1.4408 0.4359 20.0000 0.9123
40 1.5711 0.4211 19.0000 0.8720
157 1.3393 0.7134 39.5000 0.3031
157 1.3214 0.7261 37.0000 0.3327
163 1.2143 0.5093 77.0000 0.7218
97 1.2241 0.6650 31.5000 0.8999
23 1.5924 0.4348 10.0000 0.5729
386 1.4655 0.4767 179.0000 0.4499
18 1.5655 0.3889 8.0000 0.9324
19 1.4329 0.3421 10.0000 0.8768
14 1.1393 0.3846 9.0000 0.3279
25 1.3524 0.4000 11.0000 0.8301
25 1.3522 0.4000 11.0000 0.8301
25 1.1896 0.4000 13.0000 0.9114
25 1.3755 0.3400 14.0000 0.7867
25 1.7870 0.4000 14.0000 0.3996
25 1.1879 0.4400 14.0000 0.8424
34 1.6753 0.4412 17.0000 0.8645
923 1.2599 0.4880 422.0000 0.3173
923 1.3188 0.4480 436.5000 0.3768
29 1.4560 0.4828 12.0000 0.8309
26 1.1939 0.4583 11.0000 0.7251
26 1.2529 0.5417 12.0000 0.7980
26 1.2529 0.5417 12.0000 0.7980
217 1.5542 0.4931 100.5000 0.4929
458 1.1280 0.8199 79.0000 0.3253
54 1.2254 0.3889 26.0000 0.8885
43 1.3455 0.2791 25.0000 0.7099
25 1.3660 0.4200 10.5000 0.3987
62 1.2262 0.6613 19.5000 0.3781
20 1.7727 0.2750 12.0000 1.0000
20 1.7694 0.1500 12.0000 1.0000
20 1.7277 0.3000 13.0000 1.0000
20 1.6113 0.3000 12.0000 1.0000
19 1.6300 0.2105 14.0000 1.0000
43 1.1987 0.3953 23.0000 0.8879
98 1.1623 0.5306 45.0000 0.4982
55 1.4311 0.6300 19.0000 0.8799
55 1.3901 0.6132 19.0000 0.3145
63 1.4003 0.2705 34.5000 0.9467
944 1.2687 0.5344 404.0000 0.2979
944 1.2597 0.5440 393.0000 0.3270
402 1.1113 0.8619 54.5000 0.3472
109 1.2780 0.4450 51.5000 0.6477
130 1.3929 0.4346 65.5000 0.6303
20 1.7281 0.4737 10.0000 0.4025
98 1.4301 0.5208 40.0000 0.7406
146 1.1519 0.7877 31.0000 0.5571
453 1.0705 0.8929 45.5000 0.4221
146 1.1347 0.8151 26.5000 0.7590
453 1.0710 0.8797 51.5000 0.3697
54 1.6224 0.4444 25.0000 0.9348
85 1.1789 0.6000 32.5000 0.4487
87 1.1495 0.5287 37.0000 0.5489
472 1.0484 0.9852 7.0000 0.0960
927 1.1880 0.5950 357.0000 0.3628
924 1.1977 0.6082 345.5000 0.3071
924 1.2048 0.6060 348.0000 0.3500
924 1.1927 0.6017 348.5000 0.4012
924 1.1885 0.6012 349.5000 0.3589
924 1.2172 0.5898 355.0000 0.3483
924 1.2009 0.6125 339.0000 0.3328
64 1.3612 0.6094 21.0000 0.6213
79 1.5629 0.5823 30.0000 0.3604
928 1.2106 0.5906 357.0000 0.3275
928 1.2075 0.6153 342.0000 0.3666
928 1.2187 0.6083 345.5000 0.3486
928 1.2125 0.5986 348.5000 0.3397
453 1.0494 0.9845 7.0000 0.4736
453 1.0453 0.9823 8.0000 0.4411
453 1.0437 0.9912 4.0000 0.4768
453 1.0467 0.9912 4.0000 0.4788
453 1.0520 0.9768 10.5000 0.3911
453 1.0514 0.9823 8.0000 0.5337
453 1.0606 0.9713 13.0000 0.4258
453 1.0573 0.9779 10.0000 0.3664
24 1.6677 0.3863 11.0000 0.9466
22 1.5231 0.5909 8.5000 0.9466
465 1.0891 0.8796 55.0000 0.5305
52 1.5267 0.3077 24.0000 1.0000
210 1.5668 0.4810 97.0000 0.4930
120 1.5974 0.4500 53.0000 0.9831
62 1.5412 0.1935 37.0000 0.5223
48 1.2255 0.6875 14.0000 0.9063
48 1.2346 0.6042 17.0000 0.8406
49 1.3365 0.5714 21.0000 0.5885
48 1.2848 0.5417 19.0000 0.5799
48 1.3154 0.4792 22.0000 0.7626
48 1.1993 0.7083 14.0000 0.4305
48 1.2766 0.4896 21.0000 0.7493
48 1.2675 0.5104 20.0000 0.8115
48 1.3069 0.5521 19.5000 0.9073
48 1.2355 0.6042 17.0000 0.7237
36 2.5463 0.3571 22.5000 0.4052
98 1.3281 0.4643 43.5000 0.2604
50 1.2608 0.3800 28.0000 0.9003
44 1.3434 0.1905 22.0000 0.9741
944 1.2208 0.6066 350.5000 0.3584
84 1.2350 0.7084 23.0000 0.8338
65 1.1940 0.6000 23.0000 0.9768
242 1.5809 0.3740 116.0000 0.3216
242 1.6019 0.3719 120.5000 0.3504
73 1.0531 0.9452 4.0000 0.5064
87 1.1521 0.6092 31.5000 0.7307
87 1.1568 0.6782 27.5000 0.2277
87 1.1228 0.6552 29.5000 0.5582
86 1.2071 0.4535 41.0000 0.6153
84 1.1785 0.5952 34.0000 0.4488
51 1.3926 0.4900 23.0000 0.7412
51 1.3175 0.4694 25.0000 0.8260
51 1.2416 0.4700 25.5000 0.7884
51 1.2414 0.4314 27.0000 0.7153
51 1.2220 0.4706 25.5000 0.8888
51 1.2211 0.4118 28.0000 0.9025
51 1.1732 0.4118 24.5000 0.7719
51 1.3262 0.4600 25.0000 0.9025
51 1.3617 0.4900 24.0000 0.9038
51 1.2916 0.5098 24.0000 0.6937
51 1.1548 0.4216 25.0000 0.7977
51 1.2606 0.4706 26.0000 0.9025
51 1.3072 0.4804 26.0000 0.9205
51 1.2287 0.5098 23.5000 0.7269
924 1.1942 0.6001 349.5000 0.3964
86 1.2081 0.3953 41.5000 0.5538
86 1.2030 0.4767 38.0000 0.5173
13 3.1025 0.3077 9.0000 0.6945
14 1.6537 0.0714 12.0000 0.9079
14 1.6806 0.0714 12.0000 0.9079
14 1.5432 0.0714 13.0000 0.9079
14 1.5514 0.0714 12.5000 0.9079
15 1.5802 0.0000 14.0000 0.9215
15 1.6045 0.1333 12.0000 0.9215
15 1.6860 0.1333 13.0000 0.9215
15 1.6621 0.2000 12.0000 0.8239
34 1.5053 0.3382 20.5000 0.4357
35 1.4120 0.3429 19.5000 0.4723
46 1.9028 0.3913 24.0000 0.2991
35 1.4848 0.4143 19.0000 0.5196
32 1.1946 0.7812 6.0000 0.7960
31 1.1462 0.8065 6.0000 0.7575
32 1.1587 0.7812 6.0000 0.7213
32 1.1302 0.7500 6.5000 0.8002
73 1.1408 0.7397 14.5000 0.4059
73 1.1197 0.8356 12.0000 0.4742
73 1.0922 0.8219 13.0000 0.4635
73 1.1305 0.8356 11.0000 0.4140
73 1.0921 0.8219 13.0000 0.4635
73 1.1302 0.8767 9.0000 0.4538
73 1.1431 0.8151 11.0000 0.5176
75 1.5360 0.3933 42.5000 0.8036
42 1.2517 0.4286 22.0000 0.9343
42 1.2544 0.4762 21.0000 0.9343
42 1.3969 0.3571 23.0000 0.9677
42 1.2679 0.3810 23.5000 0.9343
909 1.2268 0.5798 364.0000 0.3231
941 1.2302 0.5776 371.5000 0.3453
947 1.2177 0.6029 357.5000 0.3127
946 1.2146 0.6496 314.5000 0.4692
946 1.2237 0.6533 311.5000 0.4311
946 1.2157 0.6596 304.5000 0.4742
946 1.2144 0.6548 307.5000 0.4313
70 1.1654 0.6143 24.5000 0.2829
621 1.9276 0.4774 255.0000 0.2355
37 1.3294 0.3243 21.0000 0.1781
949 1.2108 0.6502 316.5000 0.3639
949 1.2234 0.6628 302.5000 0.3748
949 1.2163 0.6539 312.5000 0.3618
447 1.1276 0.8322 74.5000 0.2578
35 1.8774 0.3235 19.0000 0.8747
85 1.2043 0.6177 28.0000 0.6154
90 1.2651 0.4889 40.0000 0.5723
90 1.2394 0.4889 41.5000 0.6054
90 1.2833 0.5277 37.5000 0.5114
90 1.3072 0.5000 40.5000 0.3987
90 1.2916 0.5222 37.5000 0.6147
86 1.2236 0.6396 28.0000 0.9465
42 1.3318 0.3750 22.0000 0.9447
57 1.5884 0.2982 32.0000 0.5052
58 1.7427 0.3448 31.0000 0.6522
58 1.7020 0.3103 32.0000 0.6924
58 1.6586 0.3276 32.0000 0.7014
130 1.4125 0.5195 56.0000 0.7228
63 1.5416 0.2581 34.0000 0.9374
63 1.5394 0.2581 35.0000 0.9467
62 1.4733 0.3689 34.0000 0.9518
58 1.6868 0.2845 33.0000 0.7283
58 1.6614 0.3362 33.0000 0.6366
17 2.0320 0.3125 9.5000 0.9092
17 1.7041 0.4375 7.0000 0.9092
66 1.5637 0.4924 30.5000 0.9091
61 1.4697 0.4250 31.5000 0.9263
63 1.7425 0.3571 36.0000 0.9226
66 1.6116 0.3788 37.5000 0.9091
66 1.6351 0.3940 37.0000 0.8949
174 1.4436 0.3880 87.0000 0.4913
118 1.3552 0.3305 64.5000 0.5418
118 1.3680 0.3729 66.0000 0.4135
55 1.6193 0.3962 28.0000 0.8765
55 1.6128 0.4273 27.0000 0.8625
90 1.3041 0.6222 30.5000 0.4650
55 1.5249 0.4273 28.5000 0.9045
55 1.6069 0.4182 29.0000 0.8832
55 1.6803 0.4182 29.5000 0.8788
73 1.0531 0.9452 4.0000 0.5064
949 1.2228 0.6639 305.0000 0.3778
37 1.6484 0.3611 22.0000 0.5925
38 1.6132 0.3243 24.0000 0.4686
239 1.4994 0.4603 114.5000 0.3343
498 1.0600 0.9628 18.0000 0.5510
64 1.3504 0.6484 20.0000 0.5968
457 1.0427 0.9847 7.0000 0.4721
481 1.0496 0.9802 9.5000 0.5760
457 1.0453 0.9847 7.0000 0.4575
457 1.0454 0.9869 6.0000 0.5176
737 1.2539 0.5237 313.5000 0.4052
802 1.2555 0.5362 339.0000 0.4521
853 1.2679 0.5563 341.5000 0.4753
844 1.2567 0.5675 333.5000 0.3670
886 1.2500 0.5875 339.0000 0.3942
881 1.2425 0.5420 367.5000 0.4577
469 1.0912 0.8305 77.0000 0.1996
63 1.3791 0.4426 32.0000 0.9637
47 1.5483 0.2660 34.5000 0.7741
62 1.3537 0.2916 35.5000 0.9637
881 1.1625 0.7174 235.5000 0.5786
66 1.5806 0.3750 35.5000 0.9156
104 1.4886 0.1373 83.0000 0.9899
120 1.4408 0.1101 105.0000 0.9913
80 1.4176 0.1538 66.5000 0.9866
104 1.5507 0.1961 76.5000 0.9899
120 1.4766 0.1356 99.0000 0.9913
80 1.5123 0.2051 60.0000 0.9866
69 1.4426 0.4203 35.0000 0.5227
69 1.4127 0.4493 34.0000 0.7488
69 1.4555 0.3913 36.0000 0.5789
69 1.4497 0.3985 36.0000 0.6276
69 1.4598 0.3913 37.0000 0.6123
69 1.4659 0.4131 36.5000 0.5558
69 1.4027 0.4203 35.0000 0.6157
69 1.4085 0.4203 35.0000 0.5622
69 1.5054 0.4058 36.0000 0.6479
69 1.4351 0.4348 35.0000 0.6520
68 1.3893 0.4559 33.0000 0.6983
72 1.3467 0.4306 37.0000 0.5973
72 1.3570 0.4028 38.0000 0.5423
72 1.3923 0.4098 35.5000 0.5792
72 1.3943 0.3959 39.0000 0.5952
87 1.2506 0.7235 24.5000 0.6077
61 1.4544 0.3667 31.5000 0.9263
52 1.5853 0.3077 26.0000 1.0000
52 1.5821 0.3846 26.0000 1.0000
52 1.5825 0.3846 26.0000 1.0000
52 1.5825 0.3846 26.0000 1.0000
52 1.5825 0.3846 26.0000 1.0000
52 1.5264 0.3750 25.5000 0.9446
52 1.6168 0.2885 27.0000 0.9353
90 1.2146 0.5556 34.5000 0.6152
95 1.2397 0.4526 44.5000 0.2454
79 1.2170 0.5949 32.0000 0.5982
