63 1.2711 0.6667 21.0000 0.8121
63 1.2607 0.6429 22.5000 0.7189
33 1.3628 0.6406 12.5000 0.5989
62 1.2371 0.7419 15.0000 0.6084
62 1.2560 0.7581 13.0000 0.4957
62 1.1926 0.7823 13.5000 0.3621
62 1.1926 0.7823 13.5000 0.3621
62 1.1926 0.7823 13.5000 0.3621
62 1.1927 0.7823 13.5000 0.3621
62 1.1925 0.7823 13.5000 0.3621
42 1.3308 0.7381 10.5000 0.8799
62 1.2794 0.7419 15.0000 0.5653
62 1.2501 0.7097 17.0000 0.5557
62 1.2794 0.7419 15.0000 0.5653
62 1.2501 0.7097 17.0000 0.5557
62 1.2794 0.7419 15.0000 0.5653
62 1.2501 0.7097 17.0000 0.5557
42 1.2309 0.7500 10.0000 0.7873
41 1.6848 0.4872 20.0000 0.1036
41 1.4750 0.3589 21.5000 0.1985
42 1.1649 0.8095 6.0000 0.8799
46 1.3550 0.5909 19.0000 0.9205
33 1.1990 0.8125 6.5000 0.8552
46 1.3525 0.5909 18.5000 0.8939
42 1.2803 0.7000 12.5000 0.7546
20 1.8958 0.2778 12.0000 0.9324
62 1.2593 0.7705 15.0000 0.2406
62 1.2652 0.7541 15.0000 0.3274
19 2.0873 0.2941 10.0000 0.9225
62 1.2146 0.7097 17.0000 0.5158
62 1.2146 0.7097 17.0000 0.5158
62 1.2565 0.7258 17.0000 0.5909
62 1.2182 0.6935 19.0000 0.3535
62 1.3505 0.6774 19.5000 0.3626
62 1.2719 0.7097 18.0000 0.3736
46 1.4192 0.5682 19.5000 0.8939
88 1.2462 0.6250 30.0000 0.6419
88 1.2767 0.6193 31.0000 0.6278
46 1.3982 0.4130 23.5000 0.6425
14 1.9840 0.3333 8.0000 0.4789
46 1.2882 0.6136 18.0000 1.0000
46 1.4519 0.4545 21.0000 0.8939
46 1.3924 0.5909 19.0000 0.8939
46 1.4196 0.5227 20.0000 0.8939
46 1.5146 0.5455 20.0000 0.8939
46 1.4205 0.5227 21.0000 0.9205
64 1.2475 0.5625 23.0000 0.8076
45 1.2350 0.7326 13.0000 0.8475
46 1.2428 0.6818 15.5000 0.9603
42 1.1545 0.8095 8.0000 0.7252
42 1.1408 0.8095 8.0000 0.7252
32 1.3228 0.7344 8.0000 0.7957
44 1.3704 0.6905 14.0000 0.8725
42 1.2161 0.6905 12.0000 0.9417
42 1.2072 0.9048 4.0000 0.8399
42 1.2496 0.7143 12.0000 0.9417
42 1.2725 0.6667 14.0000 0.9417
42 1.2748 0.7619 10.0000 0.8399
42 1.2376 0.6190 16.0000 0.8474
42 1.3639 0.7250 12.0000 0.8569
44 1.2020 0.6250 16.5000 0.5610
42 1.2502 0.8333 7.0000 0.7605
33 1.6087 0.4839 14.0000 0.3872
33 1.5266 0.4839 15.5000 0.3688
42 1.3493 0.5000 18.0000 0.5305
42 1.1682 0.6905 13.0000 0.9113
19 1.9238 0.4706 10.0000 0.8597
84 1.2298 0.6667 27.0000 0.4514
41 1.6539 0.4872 21.0000 0.1277
16 1.6577 0.5000 8.0000 0.2513
60 1.2922 0.6316 22.0000 0.7771
60 1.4582 0.5517 26.0000 0.7735
41 1.6210 0.4211 19.0000 0.1219
86 1.3028 0.6047 32.0000 0.5769
92 1.3809 0.6141 33.0000 0.6543
92 1.2638 0.5000 36.5000 0.8196
88 1.3053 0.5966 31.5000 0.9558
92 1.3748 0.5435 33.0000 0.9278
88 1.2797 0.5966 33.5000 0.9699
88 1.3567 0.5113 35.5000 0.9633
81 1.3148 0.4568 40.0000 0.9369
16 1.7395 0.3928 8.5000 0.9079
16 1.7014 0.5000 7.0000 0.9220
91 1.2520 0.5834 37.0000 0.6320
92 1.3009 0.5109 38.0000 0.8392
91 1.2236 0.5440 40.0000 0.9044
91 1.2693 0.5769 35.5000 0.8311
65 1.2916 0.6328 24.0000 0.9251
16 1.8601 0.5000 7.5000 0.9220
16 1.8449 0.5312 7.0000 0.9220
82 1.2710 0.5305 34.0000 0.6828
923 1.2459 0.6240 330.0000 0.4052
73 1.1201 0.9246 5.5000 0.4637
11 1.7050 0.2727 8.0000 0.7610
73 1.2906 0.6575 23.0000 0.2323
73 1.2846 0.6438 24.5000 0.1889
184 1.6131 0.3804 99.5000 0.4130
22 1.9353 0.1818 15.0000 0.9466
22 1.6240 0.1818 13.0000 0.5197
22 1.8687 0.3409 11.5000 0.9466
28 1.7409 0.5000 11.0000 0.9560
70 1.6110 0.4242 34.0000 0.8131
74 1.5005 0.4143 37.0000 0.9657
72 1.5711 0.3529 39.0000 0.8576
70 1.5877 0.3824 36.0000 0.8882
70 1.7534 0.3939 36.5000 0.8971
72 1.6240 0.3676 36.0000 0.9061
70 1.6790 0.4242 34.0000 0.8131
74 1.5135 0.4000 38.0000 0.9657
70 1.5607 0.4848 32.0000 0.8131
74 1.5623 0.4357 37.0000 0.9657
86 1.3563 0.6279 30.0000 0.6779
87 1.4116 0.5000 39.0000 0.5857
86 1.3467 0.5814 33.0000 0.6274
86 1.3528 0.4651 40.5000 0.7093
86 1.3651 0.5523 34.5000 0.7238
82 1.3489 0.5000 38.0000 0.6905
86 1.3436 0.5639 34.0000 0.7637
87 1.3364 0.5344 38.0000 0.8249
86 1.3252 0.6279 31.0000 0.6779
86 1.3233 0.4651 41.5000 0.7166
86 1.3945 0.5756 34.5000 0.6299
86 1.3382 0.4826 40.0000 0.7047
86 1.3377 0.6279 31.0000 0.6981
87 1.4062 0.5114 38.5000 0.6940
86 1.3737 0.5349 34.5000 0.6360
85 1.3550 0.5294 37.0000 0.8150
86 1.3399 0.5930 33.5000 0.5987
87 1.3563 0.5230 38.5000 0.8151
86 1.2664 0.6829 27.0000 0.9260
86 1.3150 0.6646 29.0000 0.9260
86 1.2753 0.5407 35.0000 0.5878
86 1.2722 0.6221 31.0000 0.5336
42 1.1747 0.8095 8.0000 0.8799
42 1.3425 0.8537 7.0000 0.2112
20 1.6321 0.5250 9.0000 0.8921
20 1.7107 0.4500 9.0000 0.8921
20 1.5446 0.5500 9.0000 0.8921
20 1.6136 0.5000 9.0000 0.8921
20 1.6231 0.5000 9.0000 0.8921
20 1.6113 0.5000 9.0000 0.8921
98 1.3661 0.6122 37.0000 0.5859
42 1.2372 0.7500 10.0000 0.9417
84 1.1959 0.7976 17.0000 0.5277
46 1.4123 0.6022 18.0000 0.9205
65 1.6361 0.4262 31.5000 0.0764
82 1.1707 0.7317 20.0000 0.6939
82 1.1789 0.7683 19.0000 0.6778
42 1.2346 0.8095 8.0000 0.8799
11 2.4611 0.2000 7.0000 0.6857
44 1.1774 0.8182 8.0000 0.9114
16 1.8917 0.4000 9.0000 0.8128
16 1.9930 0.3333 9.0000 0.8128
16 1.6937 0.4000 9.0000 0.8128
16 2.1352 0.4000 9.0000 0.4866
16 1.7201 0.4000 8.5000 0.8128
16 1.9981 0.3667 9.0000 0.6022
16 1.9171 0.3667 9.0000 0.6022
16 1.7050 0.4667 9.0000 0.3917
42 1.2252 0.7738 9.5000 0.9059
67 1.6685 0.3615 37.0000 0.8956
39 1.5172 0.4444 19.0000 0.9379
63 1.2064 0.6349 21.5000 0.5262
63 1.1926 0.6349 21.5000 0.4944
20 1.7828 0.4444 10.0000 0.9324
20 1.6463 0.3889 11.5000 0.9324
20 1.6855 0.3889 9.0000 0.9324
20 1.8345 0.4444 10.0000 0.9324
21 1.7084 0.4000 11.5000 0.7942
20 1.6625 0.5000 8.5000 0.8102
42 1.1933 0.7262 11.5000 0.9417
41 1.1629 0.8293 7.0000 0.2217
47 1.2994 0.4255 24.0000 0.9254
47 1.2761 0.4043 25.5000 0.9254
46 1.2487 0.3913 25.0000 0.8562
48 1.2828 0.3854 25.5000 0.9254
40 1.2179 0.5000 18.0000 0.8951
46 1.3825 0.4348 24.0000 0.6744
46 1.3714 0.4348 23.5000 0.7549
46 1.4237 0.4348 24.0000 0.7058
46 1.4438 0.4456 24.0000 0.6744
47 1.5848 0.4149 22.0000 0.7122
47 1.6854 0.4043 22.0000 0.7290
47 1.5128 0.3617 24.0000 0.6744
15 1.8928 0.0769 9.5000 0.8063
55 1.6032 0.3982 29.0000 0.4699
84 1.3775 0.5714 34.0000 0.6070
83 1.4744 0.4879 39.0000 0.3808
62 1.2352 0.6774 19.0000 0.5223
62 1.1926 0.7823 13.5000 0.3621
60 1.5440 0.3390 33.0000 1.0000
59 1.6871 0.4386 29.0000 0.5756
61 1.4230 0.4333 33.5000 0.8655
61 1.4506 0.4167 35.0000 0.8655
62 1.2794 0.7419 15.0000 0.5653
62 1.2501 0.7097 17.0000 0.5557
87 1.2862 0.5517 35.0000 0.3962
87 1.2862 0.5575 36.0000 0.4696
87 1.2981 0.5862 34.5000 0.4567
87 1.2473 0.5287 37.0000 0.4608
87 1.2471 0.5862 34.0000 0.4831
87 1.2239 0.5690 34.0000 0.5296
84 1.2965 0.6786 26.5000 0.5467
84 1.2715 0.6489 29.5000 0.6329
84 1.2709 0.6548 27.5000 0.5976
84 1.3000 0.6310 31.0000 0.6249
84 1.2932 0.6190 29.0000 0.6194
84 1.3377 0.6250 30.5000 0.6519
84 1.3050 0.6310 28.0000 0.6278
84 1.3367 0.6250 31.0000 0.6336
84 1.2636 0.6310 29.0000 0.6675
84 1.3226 0.6905 26.0000 0.6210
84 1.2947 0.6607 27.0000 0.5573
84 1.2887 0.5476 35.0000 0.6081
30 2.0099 0.3704 17.0000 0.8794
28 1.8070 0.4231 16.0000 0.9340
26 1.8165 0.3333 15.0000 0.8629
85 1.2780 0.6471 29.0000 0.2510
85 1.4116 0.6235 30.5000 0.2417
84 1.3331 0.6667 27.5000 0.4970
84 1.2956 0.5952 31.0000 0.6201
83 1.4140 0.6325 29.0000 0.3419
83 1.3458 0.5783 34.0000 0.5097
83 1.3722 0.5482 34.5000 0.4874
20 1.7702 0.3000 12.0000 0.6149
18 1.8489 0.2353 12.0000 0.9320
28 1.7914 0.4231 15.0000 0.9340
29 1.8790 0.3269 17.5000 0.9340
28 1.8260 0.4600 15.0000 0.9339
27 1.7991 0.4000 16.0000 0.9669
28 1.7123 0.3654 16.0000 1.0000
28 1.7519 0.3654 17.0000 1.0000
28 1.7480 0.3846 16.0000 0.9670
75 1.2512 0.5337 30.5000 0.5631
73 1.1200 0.9246 5.5000 0.4637
40 1.6794 0.3590 21.0000 0.9252
31 2.1970 0.3000 24.0000 0.8638
60 1.6619 0.3051 33.0000 0.6283
60 1.6005 0.3390 30.0000 0.6203
12 1.5635 0.5000 5.0000 0.3234
45 1.7360 0.2907 26.0000 0.8938
45 1.5592 0.3604 24.5000 0.9217
45 1.5489 0.3837 23.5000 0.9217
60 1.4440 0.3051 36.0000 0.9126
60 1.5482 0.2881 36.0000 0.8447
45 1.6900 0.3372 26.0000 0.8938
45 1.6829 0.3372 26.0000 0.8938
158 1.4721 0.5032 68.0000 0.0998
17 1.6025 0.3529 10.0000 0.4896
87 1.2248 0.5402 39.0000 0.6140
40 1.8083 0.3684 21.0000 0.9252
73 1.1641 0.8356 12.0000 0.4245
18 2.1077 0.2500 13.5000 0.2680
16 1.9831 0.4286 8.0000 0.3315
16 2.1090 0.4286 8.0000 0.8615
73 1.1433 0.8699 7.0000 0.4959
73 1.0967 0.9041 7.0000 0.4959
91 1.3537 0.5714 38.5000 0.8605
73 1.1280 0.8972 7.5000 0.5064
91 1.3675 0.5330 39.5000 0.6043
73 1.0925 0.9315 5.0000 0.4959
91 1.2997 0.5934 35.0000 0.4541
73 1.2186 0.7260 20.0000 0.5064
62 1.1907 0.6694 19.5000 0.3736
73 1.2471 0.6781 22.0000 0.1914
73 1.2511 0.6712 23.0000 0.1939
40 1.7153 0.3974 21.5000 0.9252
99 1.4186 0.5657 38.0000 0.3758
254 1.6060 0.4960 114.0000 0.5793
229 1.6123 0.4803 99.5000 0.5705
42 1.4346 0.3846 24.0000 0.9252
25 1.4987 0.3478 12.5000 0.7247
25 1.4945 0.4783 12.0000 0.7604
25 1.5128 0.3913 11.5000 0.6053
25 1.4397 0.4131 13.0000 0.8295
22 1.8271 0.1364 13.0000 0.9334
83 1.1983 0.7711 19.0000 0.6799
85 1.1926 0.8059 16.5000 0.6651
82 1.1919 0.7866 17.5000 0.4887
83 1.1431 0.8049 16.0000 0.3680
169 1.2573 0.5148 73.0000 0.3381
910 1.2869 0.6720 271.0000 0.1730
146 1.3197 0.4760 69.0000 0.4293
20 1.8108 0.3333 11.5000 0.9324
15 1.8969 0.0769 10.0000 0.7501
59 1.3575 0.3966 33.5000 0.8158
59 1.4226 0.3448 36.0000 0.8655
73 1.1302 0.9041 6.5000 0.4737
73 1.1606 0.8972 7.5000 0.4635
73 1.1266 0.9178 6.0000 0.4847
73 1.1236 0.8904 7.0000 0.4737
73 1.1159 0.8836 8.0000 0.4737
73 1.1218 0.9109 6.5000 0.4635
103 1.5054 0.5437 39.0000 0.6263
40 1.3931 0.5897 14.0000 0.7987
40 1.7554 0.3158 23.0000 0.8648
40 1.8748 0.3158 21.0000 0.7889
40 1.5617 0.3333 24.0000 0.8649
40 1.5448 0.2564 25.0000 0.8649
40 1.4328 0.2564 25.0000 0.8649
40 1.5703 0.3590 25.0000 0.9252
40 1.5181 0.2692 26.0000 0.8951
44 1.2578 0.7619 11.5000 0.8799
44 1.1223 0.7262 12.5000 0.8799
101 1.4920 0.5990 38.0000 0.6002
103 1.4997 0.5728 41.0000 0.6490
41 1.1854 0.6829 13.0000 0.9058
42 1.3017 0.7024 11.0000 0.9059
295 1.5369 0.5034 123.0000 0.7580
176 1.2816 0.4745 81.5000 0.7115
296 1.5775 0.5068 131.0000 0.4309
59 1.5524 0.3793 33.0000 0.8158
29 1.9717 0.4231 17.0000 0.9340
12 2.0297 0.2500 8.0000 0.3234
12 1.9527 0.2083 8.0000 0.3234
12 2.1182 0.1667 8.0000 0.3234
12 1.9191 0.2083 8.0000 0.3234
12 1.5391 0.5000 6.0000 0.3234
12 1.8725 0.3750 6.5000 0.3234
12 1.8664 0.3333 7.0000 0.3234
12 1.8006 0.3750 7.5000 0.3234
12 1.9479 0.4167 7.0000 0.3234
45 1.6330 0.2619 25.5000 0.9741
87 1.3209 0.5517 36.0000 0.5550
87 1.3608 0.4651 39.0000 0.4143
95 1.2466 0.5745 39.0000 0.8439
238 1.5162 0.5378 98.5000 0.6531
95 1.6013 0.4632 45.0000 0.7257
95 1.5033 0.4264 46.0000 0.6127
13 1.9639 0.3333 8.0000 0.3234
13 1.9956 0.3333 8.0000 0.3234
64 1.3300 0.6016 23.5000 0.5746
64 1.2791 0.5781 22.5000 0.7155
64 1.2927 0.6406 22.0000 0.6175
28 1.3286 0.3750 15.0000 0.6671
29 1.3352 0.3620 17.0000 0.6080
29 1.6913 0.3448 15.0000 0.1787
41 1.5455 0.3902 22.0000 0.7924
87 1.2458 0.6552 29.5000 0.5109
621 1.5855 0.5040 266.0000 0.3022
621 1.5890 0.4992 265.5000 0.2945
19 1.8538 0.1667 10.0000 0.8507
40 1.4077 0.3684 22.0000 0.8440
40 1.3788 0.4103 21.0000 0.9252
40 1.3670 0.3816 22.0000 0.9252
157 1.2671 0.7006 40.0000 0.2985
157 1.2058 0.6911 44.0000 0.3128
163 1.2425 0.4783 75.5000 0.7025
97 1.2484 0.6753 30.0000 0.9002
23 1.8374 0.3043 13.5000 0.2788
386 1.5748 0.4961 168.5000 0.5275
18 1.5532 0.2778 9.5000 0.9324
19 1.4202 0.4211 10.0000 0.8768
14 1.3544 0.3846 9.0000 0.3279
25 1.3410 0.4400 12.0000 0.8707
25 1.3413 0.4400 12.0000 0.8707
25 1.3427 0.4800 12.0000 0.9114
25 1.5791 0.4800 12.0000 0.7867
25 1.5857 0.6800 8.0000 0.4645
25 1.3468 0.3600 14.5000 0.7867
34 1.4652 0.3971 20.0000 0.9121
923 1.3562 0.5276 398.5000 0.4164
923 1.3881 0.4702 433.0000 0.3292
29 1.4061 0.5172 14.0000 0.8309
26 1.3239 0.5417 13.0000 0.7251
26 1.3966 0.5417 13.0000 0.9113
26 1.3965 0.5417 13.0000 0.9113
217 1.4608 0.5207 92.0000 0.4647
458 1.1723 0.8079 84.5000 0.4337
54 1.2639 0.4537 24.0000 0.8558
43 1.4228 0.3256 25.0000 0.6720
25 1.2660 0.6400 9.0000 0.4910
62 1.2203 0.7419 16.0000 0.3725
20 1.8585 0.4000 10.5000 1.0000
20 1.8129 0.3750 11.0000 1.0000
20 1.6958 0.4000 11.5000 1.0000
20 1.7422 0.4500 11.0000 1.0000
19 1.8462 0.3684 11.5000 0.9327
43 1.3186 0.3721 23.0000 0.8433
98 1.2896 0.5612 41.0000 0.7795
55 1.4190 0.6200 20.5000 0.7550
55 1.2231 0.6604 18.5000 0.8941
63 1.6894 0.3443 30.0000 0.9467
944 1.3249 0.5753 362.5000 0.3735
944 1.2904 0.5886 356.5000 0.3734
402 1.1366 0.8471 55.5000 0.3806
109 1.3663 0.5092 45.0000 0.7242
130 1.6063 0.4884 63.5000 0.7542
20 1.6908 0.3684 13.0000 0.4594
98 1.3982 0.5677 37.0000 0.7765
146 1.1904 0.7774 32.5000 0.5412
453 1.0933 0.8852 52.0000 0.4958
146 1.1831 0.8116 27.5000 0.7586
453 1.1139 0.8786 55.0000 0.4949
54 1.7390 0.3519 25.0000 0.9348
85 1.2456 0.6118 30.0000 0.5953
87 1.2551 0.6264 31.0000 0.5582
472 1.0640 0.9915 4.0000 0.0983
927 1.2548 0.6235 326.0000 0.3926
924 1.2431 0.6385 313.5000 0.3649
924 1.2618 0.6271 323.5000 0.3804
924 1.2450 0.6325 324.0000 0.3715
924 1.2556 0.6342 317.0000 0.4152
924 1.2571 0.6169 332.0000 0.4020
924 1.2474 0.6369 316.5000 0.3754
64 1.3302 0.6016 23.5000 0.5746
79 1.3995 0.5696 29.5000 0.6988
928 1.2511 0.6104 336.5000 0.3979
928 1.2355 0.6213 326.0000 0.3725
928 1.2437 0.6185 329.0000 0.3740
928 1.2605 0.6175 327.5000 0.3978
453 1.0701 0.9801 9.0000 0.4763
453 1.0686 0.9801 9.0000 0.3753
453 1.0676 0.9834 7.5000 0.3791
453 1.0690 0.9823 8.0000 0.3944
453 1.0806 0.9669 15.0000 0.3882
453 1.0720 0.9779 10.0000 0.3648
453 1.0800 0.9614 17.5000 0.3237
453 1.0789 0.9592 18.5000 0.3490
24 1.9560 0.3637 12.0000 0.9466
22 1.8754 0.2954 12.5000 0.9466
465 1.1113 0.8839 54.0000 0.4995
52 1.7379 0.2596 24.0000 0.9786
210 1.5346 0.5262 85.5000 0.5668
120 1.6181 0.5375 48.5000 0.9658
62 1.5370 0.4194 23.0000 0.5223
48 1.2658 0.6250 17.0000 0.7061
48 1.2505 0.6458 17.0000 0.4464
49 1.2497 0.6327 17.0000 0.7029
48 1.2885 0.5833 19.0000 0.5308
48 1.3159 0.5000 21.5000 0.6005
48 1.2811 0.6562 15.5000 0.4776
48 1.3533 0.4375 21.0000 0.5391
48 1.3435 0.4688 23.0000 0.3347
48 1.2798 0.5521 20.0000 0.5308
48 1.2316 0.6458 16.0000 0.5391
36 1.7893 0.3286 21.5000 0.4052
98 1.3848 0.4694 47.0000 0.7337
50 1.2235 0.4400 26.0000 0.9003
44 1.6089 0.2143 24.5000 0.9741
944 1.2635 0.6368 325.5000 0.4030
84 1.2641 0.6071 32.0000 0.7224
65 1.3164 0.5538 27.0000 0.9298
242 1.6176 0.3409 133.5000 0.4087
242 1.6056 0.3471 130.5000 0.4042
73 1.1361 0.9041 7.0000 0.4855
87 1.2339 0.5747 34.0000 0.6424
87 1.2812 0.6035 30.0000 0.6344
87 1.2472 0.5862 34.0000 0.6181
86 1.3394 0.4651 38.0000 0.5966
84 1.3445 0.6071 32.0000 0.6268
51 1.2543 0.5400 23.0000 0.5868
51 1.3112 0.4286 26.0000 0.5314
51 1.2833 0.4300 27.0000 0.5868
51 1.3652 0.4510 26.5000 0.6224
51 1.2347 0.4804 25.5000 0.5501
51 1.3376 0.4412 27.0000 0.7885
51 1.2837 0.4510 27.0000 0.5529
51 1.2485 0.5200 23.5000 0.6636
51 1.3130 0.4900 24.5000 0.7168
51 1.2365 0.4706 26.0000 0.7331
51 1.2673 0.4706 26.0000 0.5870
51 1.2803 0.5098 24.0000 0.7885
51 1.2962 0.4706 25.5000 0.7071
51 1.1946 0.4510 27.0000 0.7885
924 1.2461 0.6315 320.0000 0.3692
86 1.3130 0.4302 42.0000 0.6455
86 1.3188 0.4709 39.5000 0.6145
13 3.2462 0.3077 8.0000 0.6945
14 1.8700 0.1429 11.0000 0.9079
14 1.9001 0.1786 11.0000 0.9079
14 1.6962 0.1429 11.0000 0.9079
14 1.8308 0.1786 11.0000 0.9079
15 1.6618 0.2000 11.5000 0.9215
15 1.6587 0.2667 10.0000 0.9215
15 1.7115 0.4000 9.0000 0.9215
15 1.6483 0.5000 7.5000 0.8239
34 1.4091 0.4265 18.5000 0.6012
35 1.4722 0.4714 17.5000 0.6251
46 1.7551 0.3043 25.0000 0.5877
35 1.3923 0.4571 18.0000 0.5662
32 1.1539 0.7812 7.0000 0.8927
31 1.1774 0.8710 4.0000 0.8501
32 1.1552 0.8125 6.0000 0.7858
32 1.1020 0.6875 10.0000 0.6894
73 1.2720 0.7534 17.0000 0.4104
73 1.2247 0.7671 16.0000 0.4847
73 1.2294 0.7534 17.0000 0.4737
73 1.1887 0.7397 18.0000 0.2670
73 1.2295 0.7534 17.0000 0.4737
73 1.1478 0.7602 15.5000 0.4538
73 1.1926 0.7397 18.0000 0.5176
75 1.6709 0.4400 38.0000 0.7906
42 1.4628 0.3095 26.0000 0.9677
42 1.5088 0.3571 25.0000 0.9677
42 1.6297 0.2738 27.0000 0.9677
42 1.4842 0.3810 24.5000 0.9677
909 1.2648 0.6001 343.0000 0.3717
941 1.2581 0.6079 349.5000 0.3676
947 1.2465 0.6299 332.5000 0.3808
946 1.2479 0.6691 292.5000 0.3457
946 1.2484 0.6707 301.0000 0.4059
946 1.2499 0.6702 297.0000 0.4204
946 1.2449 0.6754 291.5000 0.4287
70 1.2454 0.6143 24.0000 0.4605
621 1.6412 0.4578 271.5000 0.1867
37 1.3983 0.3243 19.0000 0.5928
949 1.2405 0.6918 275.5000 0.4036
949 1.2408 0.6833 287.0000 0.3688
949 1.2599 0.6860 282.0000 0.4123
447 1.1509 0.8468 67.5000 0.2290
35 1.3253 0.4412 17.0000 0.8747
85 1.3502 0.5765 32.5000 0.6828
90 1.4137 0.4389 43.5000 0.8138
90 1.4018 0.4945 41.0000 0.6244
90 1.3371 0.5111 41.0000 0.8757
90 1.4376 0.5333 39.0000 0.6201
90 1.3474 0.5000 41.0000 0.8233
86 1.2117 0.6744 26.5000 0.7970
42 1.5726 0.4250 20.0000 0.9447
57 1.7096 0.1930 31.0000 0.5364
58 1.6580 0.2328 33.0000 0.5753
58 1.5557 0.2586 33.0000 0.8649
58 1.5906 0.2759 33.0000 0.5609
130 1.5139 0.5625 49.5000 0.7570
63 1.7543 0.2903 33.5000 0.9467
63 1.7604 0.2903 33.5000 0.9467
62 1.4018 0.4590 30.5000 0.9297
58 1.4472 0.2759 31.0000 0.7509
58 1.5398 0.2672 31.0000 0.6113
17 2.0389 0.3125 10.0000 0.2680
17 1.9940 0.1562 11.0000 0.8099
66 1.2928 0.5909 24.0000 0.8744
61 1.3569 0.4750 30.5000 0.9018
63 1.3469 0.4286 30.0000 0.9379
66 1.3733 0.4697 32.5000 0.9091
66 1.3742 0.4242 34.0000 0.9264
174 1.6555 0.2989 93.0000 0.4802
118 1.4981 0.3771 61.0000 0.6871
118 1.5926 0.3305 63.0000 0.5806
55 1.7542 0.4434 28.5000 0.8765
55 1.5994 0.4818 26.5000 0.8588
90 1.3678 0.5389 36.5000 0.5171
55 1.5303 0.4545 27.0000 0.8944
55 1.6059 0.4909 26.0000 0.9141
55 1.6295 0.4818 28.0000 0.8788
73 1.1360 0.9041 7.0000 0.4855
949 1.2473 0.6891 281.5000 0.4073
37 1.4829 0.4722 20.0000 0.5529
38 1.4133 0.3784 24.0000 0.5266
239 1.5017 0.4937 105.0000 0.4872
498 1.0813 0.9639 17.0000 0.5977
64 1.3662 0.6094 21.5000 0.6119
457 1.0716 0.9792 9.5000 0.4868
481 1.0754 0.9771 11.0000 0.4451
457 1.0696 0.9825 8.0000 0.4730
457 1.0709 0.9836 7.5000 0.4886
737 1.2994 0.5563 291.5000 0.4010
802 1.2829 0.5530 320.0000 0.4230
853 1.2649 0.5680 332.0000 0.4359
844 1.2580 0.5906 311.5000 0.4276
886 1.2813 0.5948 333.5000 0.3869
881 1.2834 0.5727 344.0000 0.3947
469 1.1231 0.8102 82.5000 0.3264
63 1.6719 0.3443 30.0000 0.9637
47 1.6996 0.1702 38.0000 0.8629
62 1.5469 0.2417 30.0000 0.9637
881 1.2319 0.6946 244.0000 0.5702
66 1.3910 0.3828 34.0000 0.9245
104 1.5387 0.5539 33.5000 0.9899
120 1.5454 0.4915 43.0000 0.9913
80 1.4544 0.6346 20.5000 0.9866
104 1.5715 0.5245 35.0000 0.9899
120 1.6188 0.5042 42.5000 0.9913
80 1.5526 0.5064 28.0000 0.9866
69 1.3356 0.4566 35.5000 0.4783
69 1.2945 0.4710 35.5000 0.5034
69 1.2809 0.4783 35.0000 0.5150
69 1.3032 0.4638 35.0000 0.5469
69 1.3446 0.4566 35.0000 0.4897
69 1.3079 0.4638 34.0000 0.4775
69 1.3276 0.4783 34.0000 0.5327
69 1.3212 0.4783 33.0000 0.5196
69 1.2906 0.4783 34.0000 0.4835
69 1.2888 0.4856 34.0000 0.5255
68 1.2833 0.4779 33.0000 0.5072
72 1.3407 0.4306 35.5000 0.5138
72 1.4108 0.4444 35.5000 0.5138
72 1.3567 0.4444 36.0000 0.5077
72 1.4005 0.4167 36.0000 0.5331
87 1.2731 0.6118 33.0000 0.6019
61 1.3237 0.4750 29.5000 0.9263
52 1.7526 0.3366 26.0000 1.0000
52 1.6191 0.3462 26.0000 1.0000
52 1.6191 0.3462 26.0000 1.0000
52 1.6191 0.3462 26.0000 1.0000
52 1.6191 0.3462 26.0000 1.0000
52 1.7323 0.3366 26.5000 0.9076
52 1.7300 0.3269 25.0000 0.9353
90 1.2723 0.6333 31.5000 0.7621
95 1.3484 0.5842 36.0000 0.5394
79 1.3120 0.6456 24.0000 0.6152
