63 1.2108 0.6905 19.0000 0.5123
63 1.2329 0.7143 18.0000 0.6491
33 1.2429 0.5469 14.5000 0.4426
62 1.1473 0.8145 11.5000 0.3033
62 1.1353 0.9758 1.5000 0.5685
62 1.1393 0.8629 8.5000 0.3436
62 1.1393 0.8629 8.5000 0.3436
62 1.1395 0.8629 8.5000 0.3436
62 1.1393 0.8629 8.5000 0.3436
62 1.1366 0.8548 9.0000 0.3436
34 1.8847 0.3235 19.0000 0.1974
42 1.1552 0.8810 5.0000 0.9113
62 1.1793 0.8871 7.0000 0.3837
62 1.1897 0.9113 5.5000 0.3337
62 1.1793 0.8871 7.0000 0.3837
62 1.1897 0.9113 5.5000 0.3337
62 1.1793 0.8871 7.0000 0.3837
62 1.1897 0.9113 5.5000 0.3337
42 1.1325 0.8571 6.0000 0.9113
41 1.4821 0.5385 18.0000 0.0983
42 1.1191 0.8810 5.0000 0.8799
46 1.3472 0.5227 21.0000 0.9205
33 1.1975 0.6875 10.0000 0.7578
46 1.2975 0.5000 21.0000 0.9205
42 1.2360 0.8250 8.5000 0.8169
20 1.4337 0.3333 12.0000 0.9324
62 1.1656 0.9180 6.0000 0.2601
62 1.1477 0.8852 8.0000 0.2601
19 1.5886 0.2647 13.5000 0.9225
62 1.1350 0.8065 12.0000 0.2434
62 1.1350 0.8065 12.0000 0.2434
62 1.1964 0.7903 11.0000 0.3580
62 1.1308 0.8226 9.5000 0.3450
62 1.1753 0.7903 11.0000 0.3626
62 1.1290 0.8226 10.0000 0.3555
46 1.3430 0.5113 21.0000 0.9205
88 1.2535 0.6421 30.0000 0.6475
88 1.2424 0.6477 27.0000 0.6648
46 1.2345 0.4565 21.0000 0.6244
14 1.3246 0.5000 7.0000 0.4789
46 1.3685 0.4432 19.5000 0.9090
46 1.3735 0.4318 23.0000 0.9218
46 1.3698 0.4773 22.5000 0.9205
46 1.3256 0.5000 22.0000 0.9205
46 1.2912 0.5455 19.0000 0.9205
46 1.3212 0.4773 22.0000 0.9205
64 1.1839 0.6016 25.0000 0.6229
45 1.1737 0.7907 11.0000 0.8159
46 1.2450 0.5000 18.5000 0.9249
42 1.1243 0.9048 4.0000 0.8799
42 1.1325 0.9048 4.0000 0.8799
32 1.1456 0.7812 7.0000 0.8534
44 1.2513 0.8214 9.0000 0.8745
42 1.1832 0.7381 11.0000 0.9113
42 1.1070 0.9286 3.0000 0.8399
42 1.2107 0.8333 7.0000 0.9113
42 1.2820 0.7381 11.0000 0.9417
42 1.2229 0.8095 8.0000 0.7469
42 1.1622 0.8571 6.0000 0.8799
42 1.2453 0.8125 9.5000 0.8169
44 1.2179 0.7955 9.0000 0.5400
42 1.1701 0.9286 3.0000 0.9059
33 1.4432 0.4355 17.0000 0.4234
33 1.2559 0.3548 21.0000 0.4100
33 1.3645 0.3871 18.5000 0.4395
42 1.3632 0.5952 16.0000 0.5305
42 1.1283 0.9286 3.0000 0.9113
19 1.2465 0.4706 10.0000 0.8597
84 1.1906 0.6310 28.5000 0.4726
16 1.0911 0.3333 10.0000 0.6916
60 1.2772 0.6403 21.0000 0.7134
60 1.2096 0.5517 24.0000 0.6842
41 1.6069 0.4606 21.5000 0.2810
86 1.1885 0.6744 27.0000 0.5816
92 1.2745 0.6033 34.0000 0.9334
92 1.1820 0.5000 38.0000 0.5727
88 1.2995 0.4432 42.0000 0.9106
92 1.3275 0.4566 40.0000 0.9274
88 1.2778 0.5114 37.0000 0.9393
88 1.2942 0.4716 43.0000 0.9027
81 1.2067 0.5432 35.5000 0.9369
16 1.6066 0.3571 8.5000 0.9079
16 1.6862 0.3438 10.0000 0.9220
91 1.2269 0.6278 34.0000 0.8740
92 1.1805 0.5870 37.0000 0.8676
91 1.1721 0.5824 36.0000 0.7610
91 1.2685 0.5604 38.0000 0.5984
65 1.2477 0.5781 27.5000 0.7998
16 1.5209 0.3750 9.5000 0.9220
16 1.6364 0.4062 9.0000 0.9220
82 1.3243 0.5854 30.5000 0.5986
923 1.1718 0.6923 270.0000 0.4143
73 1.0975 0.9589 3.0000 0.4737
11 1.7630 0.3636 7.0000 0.2756
73 1.1597 0.7329 17.5000 0.5150
73 1.1869 0.7602 17.0000 0.4980
184 1.3950 0.3831 95.0000 0.4736
22 1.6842 0.1137 14.5000 0.9466
22 1.6465 0.4545 12.0000 0.5197
22 1.7280 0.2727 12.0000 0.9466
28 1.5231 0.5385 10.5000 0.9560
70 1.5915 0.5152 32.0000 0.8561
74 1.4344 0.5857 32.0000 0.8959
72 1.3516 0.5294 34.0000 0.8800
70 1.4760 0.4853 34.0000 0.8655
70 1.4085 0.5758 30.0000 0.8881
72 1.4642 0.5147 35.0000 0.8655
70 1.5024 0.6212 27.0000 0.8469
74 1.4200 0.5714 31.5000 0.9299
70 1.5599 0.5758 30.5000 0.8561
74 1.4513 0.6143 28.5000 0.8855
86 1.1682 0.5465 37.0000 0.8297
87 1.1953 0.5172 36.0000 0.8458
86 1.1806 0.5581 35.5000 0.7328
86 1.2139 0.5174 37.0000 0.8473
86 1.2371 0.5349 37.0000 0.8621
82 1.2662 0.5122 36.5000 0.6256
86 1.1940 0.5174 39.5000 0.8151
87 1.1935 0.4656 41.0000 0.8283
86 1.1976 0.5116 39.5000 0.6940
86 1.1930 0.5349 38.0000 0.7661
86 1.2202 0.5174 38.0000 0.7470
86 1.2212 0.5174 37.0000 0.7002
86 1.1748 0.5116 40.0000 0.8572
87 1.1994 0.5230 36.0000 0.8227
86 1.1445 0.5233 36.0000 0.8087
85 1.1942 0.5588 33.0000 0.7667
86 1.1570 0.4884 38.5000 0.8493
87 1.1660 0.4943 37.5000 0.7523
86 1.2464 0.7256 23.5000 0.5498
86 1.2669 0.7317 25.0000 0.9260
86 1.1944 0.6860 27.0000 0.8538
86 1.1657 0.7035 24.0000 0.8339
42 1.1367 0.9048 4.0000 0.8799
42 1.1341 0.8293 8.0000 0.2112
20 1.2558 0.6000 7.5000 0.8435
20 1.1838 0.6000 7.0000 0.8921
20 1.2510 0.6000 7.5000 0.8921
20 1.2275 0.6000 7.5000 0.8921
20 1.2870 0.6000 7.0000 0.8921
20 1.2312 0.5500 7.5000 0.8921
98 1.2837 0.5816 39.0000 0.8695
42 1.1279 0.8810 5.0000 0.9417
84 1.1182 0.7797 18.5000 0.5778
46 1.3376 0.5455 20.5000 0.9205
65 1.4673 0.4098 31.0000 0.1075
82 1.1409 0.8049 16.0000 0.1823
82 1.1578 0.8293 14.0000 0.5931
42 1.2208 0.7619 10.0000 0.8493
11 1.6644 0.3000 7.0000 0.6857
44 1.2148 0.7955 9.0000 0.9114
16 1.4340 0.7333 5.0000 0.3917
16 1.4470 0.7000 5.5000 0.4866
16 1.3658 0.8334 3.0000 0.3917
16 1.6442 0.7000 5.5000 0.4866
16 1.3056 0.8667 3.0000 0.3917
16 1.3864 0.7000 5.5000 0.3917
16 1.3658 0.7333 5.0000 0.3917
16 1.2854 0.8000 4.0000 0.3917
42 1.1515 0.8095 8.0000 0.9059
67 1.5175 0.4692 32.5000 0.8179
39 1.3693 0.3472 21.5000 0.9053
63 1.1803 0.8016 12.5000 0.6151
63 1.1984 0.7381 15.5000 0.5675
20 1.4425 0.5000 9.0000 0.9324
20 1.2479 0.3333 10.0000 0.9324
20 1.3982 0.5000 8.0000 0.9324
20 1.5305 0.5278 7.0000 0.9324
21 1.3666 0.4000 11.0000 0.7942
20 1.4103 0.4000 10.5000 0.7461
42 1.1401 0.9167 3.5000 0.9113
47 1.5985 0.4043 25.0000 0.8283
47 1.5606 0.3830 25.0000 0.8562
46 1.5735 0.3696 25.0000 0.8562
48 1.5090 0.3646 27.0000 0.8005
40 1.1877 0.6025 16.0000 0.9297
46 1.8552 0.4783 21.0000 0.5630
46 1.5098 0.5000 21.5000 0.4844
46 1.6738 0.4456 25.0000 0.6159
46 1.8474 0.4348 23.0000 0.7289
47 1.9045 0.3617 27.0000 0.6307
47 1.6742 0.4043 24.0000 0.6304
47 1.8080 0.3830 25.0000 0.6304
15 1.6332 0.1923 9.0000 0.8063
55 2.4632 0.2407 30.0000 0.2455
84 1.3119 0.5297 34.0000 0.5583
83 1.6096 0.5422 35.5000 0.3919
62 1.1780 0.8710 8.0000 0.2888
62 1.1365 0.8548 9.0000 0.3436
60 2.2792 0.3135 33.0000 0.6074
59 2.1895 0.3421 31.0000 0.4688
61 2.1684 0.4250 29.5000 0.5753
61 2.1847 0.3833 30.0000 0.6103
62 1.1793 0.8871 7.0000 0.3837
62 1.1897 0.9113 5.5000 0.3337
87 1.2973 0.5805 33.0000 0.3849
87 1.2412 0.5747 33.0000 0.4918
87 1.2976 0.5459 35.0000 0.2926
87 1.2712 0.5747 34.0000 0.4448
87 1.2676 0.5690 33.0000 0.4705
87 1.2594 0.5805 32.0000 0.5486
84 1.2685 0.5952 32.0000 0.5248
84 1.2801 0.5893 34.0000 0.4779
84 1.1999 0.5774 33.5000 0.4040
84 1.2851 0.6130 30.0000 0.6130
84 1.2423 0.5119 37.0000 0.6130
84 1.2691 0.5179 37.5000 0.3915
84 1.2431 0.5297 37.5000 0.6018
84 1.2664 0.5238 36.0000 0.4217
84 1.2967 0.5774 32.5000 0.5775
84 1.3104 0.5952 31.5000 0.3729
84 1.2554 0.5595 35.5000 0.5058
84 1.3635 0.5000 35.0000 0.3522
30 1.5874 0.4444 15.0000 0.9341
28 1.5717 0.3654 16.5000 0.9340
26 1.3347 0.4583 13.0000 0.8629
85 1.3277 0.6059 31.0000 0.2824
85 1.2443 0.6530 29.5000 0.5810
84 1.2170 0.6786 23.0000 0.4218
84 1.3100 0.5357 35.0000 0.4815
83 1.3243 0.5904 28.5000 0.2225
83 1.2769 0.6627 27.5000 0.5157
83 1.3149 0.5663 32.5000 0.5065
20 1.6921 0.3500 12.0000 0.5832
18 1.3304 0.2353 14.0000 0.8597
28 1.3513 0.4615 14.5000 1.0000
29 1.6133 0.5000 15.0000 0.9340
28 1.4587 0.4600 14.0000 0.9339
27 1.3060 0.4800 14.0000 1.0000
28 1.4948 0.4231 14.0000 0.9670
28 1.4725 0.4615 14.0000 1.0000
28 1.5545 0.4615 13.0000 1.0000
75 1.1818 0.6960 20.5000 0.6668
73 1.0976 0.9589 3.0000 0.4737
40 1.5566 0.5128 18.0000 0.6774
31 2.0763 0.5000 19.0000 0.8638
60 2.2756 0.3475 31.0000 0.4196
60 2.1651 0.3559 32.0000 0.3847
12 1.4340 0.3750 6.5000 0.3234
45 1.4300 0.3372 26.0000 0.8938
45 1.4596 0.3372 26.0000 0.9217
45 1.4346 0.3837 24.5000 0.9217
60 2.3832 0.3051 31.0000 0.5434
60 2.2040 0.3051 31.0000 0.4851
45 1.3170 0.2442 26.0000 0.9217
45 1.3535 0.3372 26.0000 0.9217
158 1.8584 0.4904 71.0000 0.0909
17 2.5793 0.2941 11.0000 0.4896
87 1.2353 0.5517 36.0000 0.5457
40 1.4767 0.5394 18.0000 0.6773
73 1.1280 0.9315 5.0000 0.4426
18 1.5587 0.1875 11.0000 0.2680
16 1.4225 0.5000 8.0000 1.0000
16 1.4993 0.5000 9.0000 1.0000
73 1.1201 0.9452 4.0000 0.4959
73 1.0915 0.9246 5.5000 0.5155
91 1.2913 0.6044 33.0000 0.8605
73 1.0991 0.9726 2.0000 0.4742
91 1.4003 0.5714 38.0000 0.9006
73 1.0762 0.9657 2.5000 0.4643
91 1.2164 0.5934 35.0000 0.8323
73 1.2423 0.6849 22.0000 0.6653
62 1.1780 0.6935 18.0000 0.3736
73 1.1713 0.8356 12.0000 0.4561
73 1.1605 0.8082 14.0000 0.4877
40 1.6915 0.5128 18.0000 0.7192
99 1.4710 0.5657 37.0000 0.5833
254 1.5301 0.5059 110.5000 0.5492
229 1.5292 0.4738 104.0000 0.4093
42 1.5884 0.4872 20.0000 0.6774
25 1.2004 0.7391 7.5000 0.7961
25 1.1077 0.7391 8.0000 0.7961
25 1.2075 0.7174 8.0000 0.6652
25 1.1125 0.7826 7.0000 0.9111
22 1.8674 0.1137 13.5000 0.9334
83 1.1624 0.8133 14.5000 0.5827
85 1.1780 0.7647 20.0000 0.5952
82 1.1607 0.7805 18.0000 0.5732
83 1.1379 0.8537 11.0000 0.4919
169 1.2793 0.4172 87.0000 0.2796
910 1.2741 0.6747 275.0000 0.2108
146 1.2898 0.4829 68.0000 0.4383
20 1.7075 0.4444 9.0000 0.9324
15 1.5577 0.1538 9.5000 0.8063
59 2.2023 0.3448 31.0000 0.5132
59 2.2571 0.3276 32.0000 0.5114
73 1.1034 0.9452 4.0000 0.4847
73 1.0834 0.9726 2.0000 0.4635
73 1.0850 0.9589 3.0000 0.4964
73 1.1012 0.9384 4.5000 0.4847
73 1.1018 0.9315 5.0000 0.4847
73 1.0987 0.9452 4.0000 0.4742
103 1.4693 0.6117 37.0000 0.4239
40 1.3772 0.5385 18.0000 0.7284
40 1.4779 0.5263 18.0000 0.7191
40 1.5073 0.5394 17.0000 0.6294
40 1.4284 0.6154 14.0000 0.6774
40 1.3967 0.6025 13.5000 0.6421
40 1.3175 0.5897 15.0000 0.6421
40 1.4402 0.6154 14.0000 0.6774
40 1.3559 0.5897 14.0000 0.6421
44 1.1959 0.8095 10.0000 0.8799
44 1.1201 0.8810 7.0000 0.8799
101 1.4108 0.6584 33.0000 0.4597
103 1.4095 0.6360 35.0000 0.4716
41 1.2498 0.7073 10.5000 0.7077
42 1.2958 0.7857 9.0000 0.7469
295 1.4705 0.5135 127.5000 0.8095
176 1.2516 0.4120 87.5000 0.4011
296 1.4594 0.5287 120.5000 0.5394
59 2.2482 0.3448 30.0000 0.4966
29 1.4425 0.4615 15.0000 0.9340
12 1.7550 0.1667 8.0000 0.3234
12 1.7491 0.1667 8.0000 0.3234
12 1.7200 0.1667 8.0000 0.3234
12 1.7913 0.1667 8.0000 0.3234
12 1.7950 0.4167 6.0000 0.3234
12 1.8579 0.0833 8.0000 0.3234
12 1.6619 0.2500 7.0000 0.3234
12 1.8191 0.2500 8.0000 0.3234
12 1.9101 0.0833 8.0000 0.3280
45 1.4353 0.4286 20.5000 0.9741
87 1.3275 0.5287 38.0000 0.5834
87 1.2750 0.5523 38.0000 0.4695
95 1.1728 0.5851 40.0000 0.9279
238 1.4342 0.5546 95.0000 0.6124
95 1.8379 0.4264 45.0000 0.5522
95 1.9006 0.4737 44.0000 0.4885
13 1.4674 0.4167 8.0000 0.8597
13 1.4954 0.3333 7.0000 0.8597
64 1.3474 0.5625 26.0000 0.6476
64 1.2366 0.5938 24.0000 0.5961
64 1.2651 0.6797 20.5000 0.5692
28 1.1110 0.6786 6.0000 0.6671
28 1.6365 0.3929 15.0000 0.4035
29 1.1514 0.4483 16.0000 0.6080
29 1.2115 0.5862 11.0000 0.1948
41 1.6710 0.5610 16.0000 0.6424
87 1.2189 0.5632 35.0000 0.5202
621 1.8487 0.5620 247.0000 0.1440
621 1.8176 0.5491 250.0000 0.1590
19 1.7043 0.1667 9.0000 0.8507
40 1.4480 0.4211 21.0000 0.5617
40 1.5238 0.4615 19.0000 0.7696
40 1.4418 0.4737 18.0000 0.6773
157 1.3975 0.7580 34.0000 0.2909
157 1.3816 0.7389 38.0000 0.2798
163 1.1975 0.4627 80.5000 0.8070
97 1.1984 0.6082 35.0000 0.7604
23 1.2344 0.3478 11.0000 0.2788
386 1.4312 0.5933 138.0000 0.4528
18 1.2847 0.1111 12.0000 0.8605
19 1.3701 0.4737 10.0000 0.8768
14 1.0797 0.3077 10.0000 0.8607
25 1.1155 0.8000 5.0000 0.9114
25 1.1156 0.8000 5.0000 0.9114
25 1.1029 0.7600 6.0000 1.0000
25 1.2023 0.7600 6.0000 1.0000
25 1.1515 0.7200 7.0000 0.4645
25 1.1526 0.7200 7.0000 0.7255
34 1.4815 0.3824 18.0000 1.0000
923 1.2652 0.5629 373.0000 0.3422
923 1.3220 0.4886 417.0000 0.3910
29 1.1330 0.6897 9.0000 0.9118
26 1.1133 0.8750 5.0000 0.7965
26 1.1302 0.8125 6.5000 0.9113
26 1.1303 0.8125 6.5000 0.9113
217 1.3580 0.5645 85.0000 0.3311
458 1.1376 0.8952 47.0000 0.4508
54 1.2503 0.5185 23.5000 0.7541
43 1.2667 0.4651 18.0000 0.6399
25 1.1778 0.6000 9.0000 0.4910
62 1.1185 0.9516 3.0000 0.4954
20 1.3737 0.4500 11.0000 1.0000
20 1.3472 0.3500 13.0000 1.0000
20 1.4051 0.4500 11.0000 1.0000
20 1.3964 0.4500 11.0000 1.0000
19 1.6114 0.5263 9.0000 1.0000
43 1.1679 0.5349 18.0000 0.8033
98 1.1925 0.6429 33.0000 0.6215
55 1.4283 0.6200 22.0000 0.9079
55 1.4130 0.6038 20.0000 0.3145
63 1.5222 0.3525 36.0000 0.9281
944 1.2453 0.6103 338.0000 0.3828
944 1.2310 0.6246 324.5000 0.4148
402 1.1136 0.8483 60.5000 0.4121
109 1.3251 0.4587 50.0000 0.8101
130 1.5747 0.4077 65.5000 0.7929
20 1.4595 0.4211 11.0000 0.2741
98 1.2346 0.7969 19.5000 0.6784
146 1.1410 0.7603 34.5000 0.7143
453 1.0781 0.8830 51.0000 0.3932
146 1.1308 0.8014 28.5000 0.5891
453 1.0887 0.8565 63.0000 0.3935
54 1.5675 0.3241 32.0000 0.9348
85 1.2786 0.5529 34.0000 0.5895
87 1.2450 0.5632 34.5000 0.5486
472 1.0602 0.9852 7.0000 0.0604
927 1.1750 0.6833 275.5000 0.3419
924 1.1792 0.6900 273.5000 0.3730
924 1.1746 0.6991 267.5000 0.3468
924 1.1961 0.6872 275.0000 0.3495
924 1.1750 0.6948 270.5000 0.3296
924 1.1864 0.6824 279.5000 0.3861
924 1.1732 0.6905 273.5000 0.3662
64 1.3475 0.5625 26.0000 0.6476
79 1.4997 0.5949 29.0000 0.4781
928 1.1820 0.6816 282.5000 0.3969
928 1.1765 0.6945 270.5000 0.4255
928 1.1708 0.6940 274.5000 0.3950
928 1.1837 0.6729 285.5000 0.3591
453 1.0578 0.9812 8.5000 0.3815
453 1.0573 0.9868 6.0000 0.4524
453 1.0559 0.9868 6.0000 0.3585
453 1.0593 0.9868 6.0000 0.4647
453 1.0669 0.9779 10.0000 0.3782
453 1.0669 0.9857 6.5000 0.4070
453 1.0749 0.9625 17.0000 0.3746
453 1.0691 0.9779 10.0000 0.4684
24 1.2324 0.2727 15.0000 0.9466
22 1.4301 0.2046 13.0000 0.9466
465 1.1040 0.8710 60.0000 0.5442
52 1.4438 0.1923 30.0000 0.9786
210 1.5448 0.4834 92.0000 0.5341
120 1.2006 0.6625 18.0000 0.9259
62 1.1497 0.8871 7.0000 0.5317
48 1.3603 0.6250 17.0000 0.8467
48 1.3605 0.6354 17.5000 0.8291
49 1.3800 0.5510 22.0000 0.8554
48 1.3740 0.5729 19.5000 0.8338
48 1.4518 0.5208 20.5000 0.8209
48 1.3749 0.6250 16.0000 0.5391
48 1.4611 0.4688 22.5000 0.6098
48 1.3188 0.5417 21.0000 0.5224
48 1.4547 0.5729 18.0000 0.8467
48 1.3828 0.6458 16.0000 0.8129
36 2.1056 0.1714 28.0000 0.4052
98 1.2785 0.4643 45.5000 0.6080
50 1.3101 0.5400 21.0000 0.8520
44 1.5075 0.2619 23.0000 0.9741
944 1.1875 0.6898 273.5000 0.4092
84 1.2343 0.6965 24.5000 0.7464
65 1.3214 0.5461 27.0000 0.9038
242 1.5995 0.3347 129.5000 0.3601
242 1.6349 0.3140 131.0000 0.3402
73 1.0886 0.9315 5.0000 0.5064
71 1.1707 0.3000 50.0000 0.0683
87 1.1823 0.6552 28.0000 0.6786
87 1.1823 0.6667 27.0000 0.6235
87 1.1562 0.7011 26.0000 0.6291
86 1.2420 0.5058 39.0000 0.6400
84 1.2536 0.6190 32.0000 0.6404
51 1.2372 0.4600 26.0000 0.5792
51 1.2428 0.5102 23.5000 0.8804
51 1.2521 0.4600 27.0000 0.7166
51 1.1983 0.3922 30.0000 0.4667
51 1.2525 0.4804 26.0000 0.5650
51 1.1911 0.3922 29.0000 0.5270
51 1.2248 0.4706 24.5000 0.6435
51 1.2450 0.5500 22.5000 0.5923
51 1.2711 0.5200 23.5000 0.5715
51 1.1761 0.4706 25.0000 0.8954
51 1.2079 0.4510 26.5000 0.7885
51 1.2362 0.4706 26.0000 0.6850
51 1.2640 0.4902 25.0000 0.6850
51 1.1914 0.4706 23.0000 0.9252
924 1.1847 0.6931 274.0000 0.3305
86 1.2346 0.4651 40.5000 0.6104
86 1.2664 0.5058 37.5000 0.6582
13 2.6676 0.3077 8.0000 0.6945
14 1.7603 0.2500 10.5000 0.9079
14 1.8333 0.3571 9.0000 0.9079
14 1.7716 0.2143 11.0000 0.9079
14 1.6151 0.0714 13.0000 0.9079
15 1.6603 0.1667 12.5000 0.9215
15 1.7002 0.1333 12.5000 0.9215
15 1.4277 0.0667 14.0000 0.9215
15 1.6234 0.3000 10.0000 0.8239
34 1.2580 0.4706 17.0000 0.4635
35 1.3703 0.5429 15.0000 0.5196
46 1.4948 0.3913 22.0000 0.4742
35 1.3890 0.6000 12.0000 0.6251
32 1.2087 0.7500 8.0000 0.7960
31 1.2168 0.7097 9.0000 0.7575
32 1.1623 0.7031 9.5000 0.7213
32 1.2063 0.6562 11.0000 0.7578
73 1.1752 0.7534 18.0000 0.3765
73 1.1399 0.8151 12.5000 0.7256
73 1.1683 0.7602 15.5000 0.5459
73 1.1437 0.8630 10.0000 0.5096
73 1.1683 0.7602 15.5000 0.5459
73 1.1269 0.7534 17.0000 0.4538
73 1.1545 0.7740 14.0000 0.5422
75 1.5338 0.4133 41.0000 0.7982
42 1.4451 0.4524 21.5000 0.9049
42 1.2542 0.6428 15.0000 0.9677
42 1.3483 0.4881 21.0000 0.9682
42 1.3891 0.5714 17.5000 0.9363
909 1.1983 0.6618 297.0000 0.3939
941 1.1957 0.6573 305.5000 0.4002
947 1.1873 0.6668 302.5000 0.3143
946 1.1666 0.7505 230.0000 0.4069
946 1.1717 0.7368 243.0000 0.3501
946 1.1672 0.7537 226.5000 0.4271
946 1.1562 0.7643 218.5000 0.3608
70 1.2402 0.6143 26.0000 0.3711
621 1.6900 0.4859 278.5000 0.1737
37 1.3016 0.4595 19.0000 0.4686
949 1.1655 0.7518 225.0000 0.3710
949 1.1616 0.7508 230.0000 0.3446
949 1.1720 0.7587 220.5000 0.3864
447 1.1339 0.8501 66.0000 0.3001
35 1.4823 0.3824 18.5000 0.8930
85 1.2945 0.6765 26.0000 0.6332
90 1.2653 0.5000 38.0000 0.5860
90 1.3205 0.5277 39.5000 0.8941
90 1.3093 0.4723 40.0000 0.8459
90 1.3418 0.4556 41.0000 0.7654
90 1.2358 0.5222 36.0000 0.6094
86 1.1915 0.6395 28.0000 0.7486
42 1.3120 0.4750 21.0000 0.9447
57 1.6514 0.3509 34.0000 0.5480
58 1.8593 0.3103 35.0000 0.5222
58 1.7530 0.3793 32.0000 0.5643
58 1.7479 0.3448 35.0000 0.5678
130 1.4170 0.7188 34.0000 0.7419
63 1.2932 0.2823 39.5000 0.9467
63 1.3093 0.2823 39.0000 0.9467
62 1.2816 0.3443 32.0000 0.9518
58 1.7938 0.3448 31.5000 0.6011
58 1.7833 0.3707 32.5000 0.5345
17 1.6793 0.4375 9.5000 0.9092
17 1.4026 0.4062 9.0000 0.9092
66 1.2738 0.7046 19.5000 0.8836
61 1.2349 0.4416 31.0000 0.9257
63 1.4042 0.4444 31.0000 0.9263
66 1.3106 0.4697 31.0000 0.9298
66 1.2881 0.4697 31.0000 0.9264
174 1.7493 0.3621 92.0000 0.4472
118 1.5976 0.4915 54.5000 0.5079
118 1.5430 0.4534 56.5000 0.6280
55 1.6927 0.3019 31.0000 0.9044
55 1.7513 0.4091 29.0000 0.8551
90 1.2556 0.5722 34.0000 0.6657
55 1.7029 0.4000 31.0000 0.8766
55 1.6340 0.3545 31.5000 0.8832
55 1.6046 0.3727 32.0000 0.9077
73 1.0886 0.9315 5.0000 0.5064
949 1.1694 0.7524 222.5000 0.3963
37 1.3683 0.4167 17.0000 0.7044
38 1.3525 0.3784 22.0000 0.6712
239 1.3918 0.5628 97.5000 0.3046
498 1.0686 0.9558 21.0000 0.6311
64 1.3548 0.5469 26.5000 0.6281
457 1.0558 0.9847 7.0000 0.4202
481 1.0615 0.9751 12.0000 0.5370
457 1.0555 0.9814 8.5000 0.4188
457 1.0582 0.9781 10.0000 0.4257
737 1.2288 0.5576 300.0000 0.4829
802 1.2195 0.5524 325.5000 0.4984
853 1.2062 0.6038 308.5000 0.5060
844 1.1963 0.6285 287.5000 0.5282
886 1.2095 0.6444 295.5000 0.4671
881 1.2231 0.6237 304.5000 0.4512
469 1.0916 0.8380 73.0000 0.5789
63 1.5369 0.4016 34.0000 0.9637
47 1.6287 0.1595 39.5000 0.9179
62 1.5821 0.3167 31.5000 0.9637
881 1.1906 0.7474 203.0000 0.6402
66 1.2898 0.4062 35.5000 0.9495
104 1.2203 0.7843 24.0000 0.5146
120 1.2438 0.8051 25.0000 0.4912
80 1.2530 0.7308 22.0000 0.7256
104 1.2333 0.7843 24.0000 0.6758
120 1.2228 0.8559 19.0000 0.8995
80 1.2385 0.7692 20.0000 0.7589
69 1.5001 0.3043 40.0000 0.6856
69 1.4549 0.3768 38.0000 0.6141
69 1.4691 0.3768 40.0000 0.5789
69 1.4762 0.3623 38.0000 0.5879
69 1.5534 0.3260 41.5000 0.6635
69 1.5289 0.3333 40.0000 0.6170
69 1.5095 0.3043 42.0000 0.5970
69 1.5377 0.3188 42.0000 0.5469
69 1.5228 0.3623 39.0000 0.6070
69 1.5678 0.3333 42.0000 0.6163
68 1.4480 0.3824 36.0000 0.6335
72 1.4337 0.3820 39.0000 0.6282
72 1.4042 0.3889 40.0000 0.6151
72 1.4374 0.4098 37.5000 0.6312
72 1.4288 0.4444 36.0000 0.5758
87 1.2807 0.6353 30.5000 0.5861
61 1.2233 0.4000 32.5000 0.9507
52 1.5067 0.2981 30.5000 1.0000
52 1.5105 0.3173 31.0000 1.0000
52 1.5109 0.3173 31.0000 1.0000
52 1.5109 0.3173 31.0000 1.0000
52 1.5109 0.3173 31.0000 1.0000
52 1.6436 0.2115 35.0000 0.9324
52 1.6564 0.3366 30.0000 0.9353
90 1.2190 0.5889 34.5000 0.3690
95 1.2978 0.5158 43.5000 0.7208
79 1.2115 0.6709 24.0000 0.5573
