63 1.1558 0.7302 17.0000 0.4589
63 1.0997 0.7778 14.0000 0.3033
33 1.1858 0.5625 12.5000 0.8142
62 1.1229 0.7419 15.0000 0.6254
62 1.1254 0.7742 13.0000 0.5481
62 1.1342 0.8065 12.0000 0.5673
62 1.1342 0.8065 12.0000 0.5673
62 1.1343 0.8065 12.0000 0.5673
62 1.1343 0.8065 12.0000 0.5673
62 1.1341 0.8065 12.0000 0.5673
34 1.7119 0.4118 16.0000 0.2842
42 1.1327 0.8214 7.5000 0.8799
62 1.1442 0.7823 13.5000 0.5246
62 1.1975 0.7258 17.0000 0.3381
62 1.1442 0.7823 13.5000 0.5246
62 1.1975 0.7258 17.0000 0.3381
62 1.1442 0.7823 13.5000 0.5246
62 1.1975 0.7258 17.0000 0.3381
42 1.1070 0.8333 7.0000 0.8799
42 1.1122 0.8095 7.5000 0.8799
46 1.2155 0.5113 21.0000 0.8099
33 1.1764 0.6875 10.5000 0.8552
46 1.2349 0.4318 25.0000 0.8099
42 1.1450 0.6750 13.5000 0.8927
20 1.5048 0.2778 12.0000 0.9324
62 1.1417 0.7705 14.0000 0.5333
62 1.1417 0.7705 14.0000 0.5333
19 1.5682 0.3823 11.0000 0.9225
62 1.1414 0.7903 13.0000 0.5385
62 1.1414 0.7903 13.0000 0.5385
62 1.1554 0.7258 17.0000 0.5756
62 1.1488 0.7419 16.0000 0.3626
62 1.1365 0.6774 18.0000 0.7172
62 1.1358 0.6774 18.0000 0.3555
46 1.2496 0.3864 25.0000 0.8939
88 1.1773 0.6477 29.0000 0.6211
88 1.1859 0.6307 29.0000 0.6531
46 1.2313 0.4456 24.5000 0.5406
14 1.0836 0.4167 9.0000 0.4789
46 1.2799 0.5455 20.0000 0.8930
46 1.1576 0.2727 29.0000 0.8695
46 1.2769 0.4318 25.0000 0.8695
46 1.2850 0.3750 25.5000 0.9477
46 1.2700 0.3636 26.0000 0.8939
46 1.2618 0.2727 26.0000 0.9477
64 1.1808 0.5625 23.0000 0.6079
45 1.1412 0.7674 12.0000 0.8800
46 1.2282 0.6137 18.0000 0.9249
42 1.1126 0.8333 7.0000 0.8799
42 1.1176 0.8810 5.0000 0.8799
32 1.2130 0.7031 8.0000 0.8287
44 1.1656 0.8095 9.5000 0.8725
42 1.1476 0.8333 7.0000 0.8799
42 1.1391 0.8690 5.5000 0.8399
42 1.1057 0.7857 9.0000 0.8799
42 1.1010 0.7857 9.0000 0.8799
42 1.1875 0.7857 9.0000 0.8201
42 1.1624 0.7738 9.5000 0.6796
42 1.1752 0.6750 15.0000 0.7717
44 1.1589 0.7841 9.5000 0.6638
42 1.1194 0.7976 8.5000 0.8902
33 1.2667 0.5806 14.0000 0.7326
33 1.2246 0.5806 11.0000 0.3872
33 1.3000 0.6129 12.0000 0.5507
42 1.4133 0.3810 22.0000 0.4995
42 1.1633 0.8333 7.0000 0.8816
19 1.4665 0.3529 12.0000 0.8597
84 1.1526 0.6310 28.5000 0.4917
41 1.3103 0.5128 17.0000 0.1097
16 1.2230 0.3333 10.0000 0.6916
60 1.2032 0.6228 21.0000 0.7139
60 1.2372 0.6897 20.0000 0.6320
41 1.5653 0.4079 18.0000 0.1061
86 1.1256 0.6744 26.0000 0.5472
92 1.1660 0.6522 29.0000 0.6397
92 1.1562 0.6087 33.5000 0.8071
88 1.1633 0.7159 22.5000 0.9558
92 1.1756 0.5217 37.5000 0.9140
88 1.1370 0.6364 31.0000 0.9699
88 1.1387 0.6023 31.0000 0.9558
81 1.1668 0.5617 35.0000 0.8872
16 1.6734 0.4286 8.0000 0.9079
16 1.1402 0.5000 4.0000 0.9220
91 1.1307 0.6278 34.5000 0.5878
92 1.1475 0.6630 31.0000 0.8805
91 1.1531 0.5604 39.0000 0.6721
91 1.1738 0.6813 29.0000 0.8110
65 1.1733 0.6406 21.5000 0.6474
16 1.3209 0.5625 6.0000 0.9220
16 1.1841 0.5625 6.0000 0.9220
82 1.1644 0.5976 28.0000 0.5726
923 1.1448 0.6842 274.0000 0.3891
73 1.0713 0.9589 3.0000 0.4737
11 1.7008 0.2727 8.0000 0.2756
73 1.1522 0.6027 29.0000 0.4726
73 1.1683 0.6917 22.0000 0.4488
184 1.2096 0.3696 96.0000 0.5342
22 1.5920 0.2273 12.0000 0.9466
22 1.4497 0.3182 14.0000 0.5587
22 1.2748 0.5455 10.0000 0.9466
28 1.1463 0.7692 4.0000 0.9560
70 1.3687 0.4470 32.0000 0.8295
74 1.2334 0.5571 32.5000 0.7495
72 1.3407 0.3824 34.5000 0.8336
70 1.3786 0.3971 36.0000 0.8634
70 1.3965 0.3863 36.5000 0.9060
72 1.3357 0.4192 35.5000 0.8634
70 1.3718 0.4015 34.0000 0.8213
74 1.2800 0.4571 35.0000 0.7428
70 1.3409 0.4697 33.0000 0.8131
74 1.3398 0.5000 35.5000 0.8690
86 1.1904 0.4884 38.5000 0.7199
87 1.1594 0.4368 42.0000 0.6766
86 1.1945 0.5116 37.5000 0.7597
86 1.1482 0.5000 38.0000 0.7920
86 1.1914 0.4826 42.0000 0.7026
82 1.1606 0.4878 38.0000 0.7235
86 1.1810 0.4767 39.0000 0.7328
87 1.1646 0.4483 42.5000 0.7316
86 1.1936 0.5058 37.0000 0.6758
86 1.1583 0.4535 42.0000 0.5322
86 1.1659 0.4884 40.0000 0.6860
86 1.1690 0.4826 40.0000 0.5390
86 1.1768 0.5116 39.0000 0.7239
87 1.1367 0.4368 41.0000 0.7312
86 1.1891 0.4884 42.0000 0.7026
85 1.1563 0.4529 41.0000 0.7072
86 1.1871 0.5233 39.0000 0.6991
87 1.1491 0.4483 40.0000 0.7921
86 1.1697 0.6341 30.0000 0.8886
86 1.1666 0.6524 30.0000 0.9064
86 1.1580 0.6977 26.0000 0.8487
86 1.1128 0.6861 27.0000 0.8629
42 1.0906 0.8333 7.0000 0.8799
20 1.3794 0.5250 9.0000 0.7949
20 1.4122 0.5000 9.0000 0.7949
20 1.3834 0.5500 8.5000 0.7949
20 1.3762 0.5000 9.0000 0.7949
20 1.3982 0.5000 9.5000 0.7949
20 1.3653 0.5000 9.0000 0.7949
98 1.1155 0.5306 42.0000 0.5973
42 1.0966 0.8095 8.0000 0.7014
84 1.0878 0.8393 13.5000 0.5680
46 1.3133 0.3636 25.0000 0.8939
82 1.0916 0.8354 13.5000 0.6245
82 1.1124 0.8354 13.5000 0.6147
42 1.1217 0.7976 8.5000 0.7014
11 1.4484 0.3000 7.0000 0.6857
44 1.2048 0.7273 12.0000 0.8219
16 1.1463 0.8667 3.0000 0.3917
16 1.2028 0.7333 5.0000 0.4866
16 1.1376 0.7333 5.0000 0.3917
16 1.5063 0.6000 7.0000 0.4866
16 1.1436 0.8000 4.0000 0.3917
16 1.2449 0.7333 5.0000 0.3917
16 1.2269 0.7333 5.0000 0.3917
16 1.2549 0.6000 7.0000 0.3917
42 1.1254 0.8810 5.0000 0.9059
67 1.3828 0.5308 28.0000 0.8966
39 1.1932 0.4722 19.0000 0.9379
63 1.1513 0.7302 17.0000 0.5404
63 1.1425 0.7143 18.0000 0.7719
20 1.4137 0.4444 8.5000 0.9324
20 1.2056 0.3333 13.0000 0.8605
20 1.2776 0.6111 7.5000 0.9324
20 1.6915 0.3889 11.0000 0.9324
21 1.2100 0.3500 11.0000 0.8615
20 1.1953 0.4500 10.0000 0.8102
42 1.1372 0.8333 7.0000 0.8799
47 1.3360 0.4043 24.0000 0.8004
47 1.2962 0.4681 23.0000 0.8004
46 1.3043 0.4348 23.0000 0.7346
48 1.3251 0.4375 24.0000 0.8005
40 1.1220 0.5385 15.0000 0.7544
46 1.3277 0.3913 27.0000 0.5630
46 1.2471 0.4783 23.0000 0.2974
46 1.2791 0.4565 23.0000 0.6010
46 1.2561 0.4130 25.0000 0.5132
47 1.3661 0.5106 21.0000 0.7058
47 1.2436 0.5319 22.0000 0.5940
47 1.4262 0.4681 23.0000 0.6524
15 1.6107 0.1538 8.0000 0.8063
84 1.1677 0.5119 35.0000 0.2858
83 1.3267 0.5241 36.5000 0.4396
62 1.1251 0.7581 14.0000 0.5677
62 1.1340 0.8065 12.0000 0.5673
60 1.3531 0.2542 34.5000 0.7061
59 1.3411 0.2807 32.5000 0.5142
61 1.2465 0.3500 34.0000 0.6103
61 1.2635 0.3333 34.0000 0.6103
62 1.1442 0.7823 13.5000 0.5246
62 1.1975 0.7258 17.0000 0.3381
87 1.1698 0.5575 36.0000 0.5156
87 1.1810 0.5287 39.0000 0.4616
87 1.1044 0.5690 36.0000 0.6155
87 1.1699 0.4886 40.0000 0.4323
87 1.1742 0.5459 35.5000 0.4281
87 1.1727 0.5517 34.5000 0.5837
84 1.1745 0.5357 35.5000 0.4512
84 1.1202 0.5952 34.0000 0.7084
84 1.1294 0.5833 35.0000 0.6009
84 1.1378 0.6071 32.5000 0.6777
84 1.1453 0.5833 34.0000 0.6518
84 1.1452 0.5893 34.0000 0.6886
84 1.1323 0.5595 36.0000 0.6272
84 1.1622 0.5714 34.5000 0.6764
84 1.1625 0.5893 33.0000 0.6400
84 1.1361 0.6071 32.0000 0.6950
84 1.1760 0.5774 34.0000 0.5573
84 1.1486 0.5714 34.0000 0.6295
30 1.3811 0.4815 15.0000 0.8794
28 1.2452 0.5000 14.0000 0.8329
26 1.4313 0.4583 11.0000 0.8629
85 1.1874 0.5471 37.5000 0.2824
85 1.1716 0.6118 31.0000 0.6036
84 1.1607 0.5833 31.0000 0.4735
84 1.1704 0.5952 34.0000 0.6007
83 1.1871 0.5904 34.0000 0.2035
83 1.1593 0.5964 32.0000 0.3914
83 1.1242 0.5121 38.0000 0.4874
20 1.6070 0.2000 11.5000 0.5712
18 1.5890 0.2353 12.5000 0.9320
28 1.3764 0.5000 14.0000 0.9670
29 1.2500 0.3846 16.5000 0.9340
28 1.4258 0.3800 16.0000 0.9339
27 1.1936 0.5600 13.0000 0.8790
28 1.2228 0.3077 16.5000 0.9340
28 1.1919 0.3077 17.0000 0.8792
28 1.2046 0.3462 16.0000 0.9340
75 1.1614 0.6486 23.5000 0.5436
73 1.0713 0.9589 3.0000 0.4737
40 1.2452 0.2821 21.5000 0.6654
31 1.4784 0.3000 18.0000 0.3990
60 1.2970 0.3390 30.0000 0.4684
60 1.3222 0.2712 34.0000 0.4736
12 1.2951 0.4167 7.0000 0.3234
45 1.1956 0.4186 24.0000 0.8938
45 1.2093 0.5116 20.0000 0.9217
45 1.1639 0.4768 21.0000 0.9217
60 1.3251 0.2373 34.0000 0.5757
60 1.3323 0.2203 33.0000 0.5432
45 1.2623 0.3256 26.0000 0.8938
45 1.2010 0.3488 27.0000 0.8938
158 1.3238 0.4522 70.0000 0.0758
17 1.4775 0.3529 10.5000 0.4896
87 1.1479 0.5747 36.5000 0.6297
40 1.2987 0.3158 23.0000 0.6443
73 1.0664 0.9726 2.0000 0.4149
18 1.2744 0.1875 11.0000 0.2680
16 1.3412 0.5714 7.0000 1.0000
16 1.5785 0.5000 8.0000 0.8897
73 1.0655 0.9521 3.5000 0.5155
73 1.0655 0.9178 6.0000 0.5155
91 1.2267 0.5550 38.5000 0.8473
73 1.0730 0.9452 4.0000 0.4955
91 1.2430 0.5110 39.5000 0.5985
73 1.0857 0.9452 4.0000 0.4959
91 1.1690 0.5714 37.0000 0.5552
73 1.1171 0.7740 15.5000 0.6498
62 1.1764 0.7500 15.0000 0.6439
73 1.1471 0.6849 23.0000 0.4783
73 1.1399 0.7123 21.0000 0.5026
40 1.2514 0.3333 21.0000 0.9123
99 1.1625 0.7273 25.0000 0.5555
254 1.2345 0.6122 88.5000 0.5251
229 1.2768 0.4541 106.5000 0.4690
42 1.3725 0.3333 23.0000 0.6774
25 1.1022 0.5652 11.0000 0.7961
25 1.1309 0.5652 11.0000 0.7961
25 1.1213 0.5434 12.0000 0.6652
25 1.1320 0.5217 12.0000 0.9111
22 1.3517 0.1818 13.0000 0.9334
83 1.1030 0.8193 15.0000 0.6161
85 1.1320 0.8235 15.0000 0.5681
82 1.1128 0.8415 13.0000 0.5897
83 1.1273 0.8659 12.0000 0.6209
169 1.1835 0.4379 80.0000 0.5277
910 1.1896 0.6868 263.0000 0.2155
146 1.2357 0.4863 67.0000 0.3960
20 1.5960 0.4445 10.5000 0.9324
15 1.6482 0.1923 9.0000 0.8063
59 1.2465 0.2759 34.0000 0.6649
59 1.2431 0.2759 34.0000 0.7056
73 1.0776 0.9726 2.0000 0.4847
73 1.0785 0.9657 2.5000 0.4742
73 1.0568 0.9863 1.0000 0.4847
73 1.0701 0.9726 2.0000 0.4847
73 1.0812 0.9589 3.0000 0.4737
73 1.0793 0.9589 3.0000 0.4852
103 1.1698 0.6796 32.0000 0.6812
40 1.2263 0.4103 21.5000 0.7987
40 1.3937 0.3684 21.0000 0.7443
40 1.3814 0.3684 21.0000 0.5443
40 1.3867 0.4359 20.0000 0.6139
40 1.2627 0.3846 21.0000 0.6640
40 1.2974 0.3846 21.0000 0.6640
40 1.4049 0.3846 21.0000 0.7238
40 1.4335 0.4103 21.0000 0.7673
44 1.1122 0.8571 8.0000 0.8799
44 1.1441 0.7857 11.0000 0.8799
101 1.1402 0.7673 23.0000 0.6296
103 1.1844 0.6990 31.0000 0.6164
41 1.1195 0.8293 7.0000 0.7077
42 1.2201 0.6548 13.0000 0.5430
295 1.2296 0.5492 113.5000 0.7036
176 1.2093 0.4545 82.0000 0.4328
296 1.2429 0.5625 112.5000 0.5097
59 1.2608 0.3621 31.0000 0.6649
29 1.4606 0.5000 14.5000 0.8792
12 1.1432 0.0833 9.0000 0.3234
12 1.1681 0.0000 9.0000 0.3234
12 1.2060 0.0833 9.0000 0.3234
12 1.1405 0.0833 9.0000 0.3234
12 1.5742 0.4167 7.0000 0.3234
12 1.2082 0.3333 8.0000 0.6969
12 1.2737 0.2500 7.0000 0.7161
12 1.1186 0.2500 8.0000 0.3234
12 1.3125 0.2500 8.0000 0.3234
45 1.1898 0.3095 26.0000 0.9741
87 1.1631 0.5287 37.0000 0.4270
87 1.1506 0.6279 29.0000 0.3846
95 1.1443 0.4894 48.5000 0.8661
238 1.2499 0.5903 83.5000 0.5967
95 1.3750 0.4737 37.0000 0.3338
95 1.4123 0.4632 42.5000 0.2878
13 1.7886 0.4167 5.0000 0.8597
13 1.9015 0.4167 7.0000 0.8597
64 1.2123 0.5312 24.0000 0.6119
64 1.2008 0.5625 25.0000 0.8526
64 1.1894 0.5938 24.5000 0.5887
28 1.3118 0.4643 14.0000 0.5613
28 1.5304 0.3928 16.5000 0.4035
29 1.2376 0.3793 15.0000 0.4934
29 1.2030 0.3793 16.0000 0.2428
41 1.4636 0.4024 18.5000 0.8722
87 1.1213 0.6437 30.0000 0.4472
621 1.3036 0.5105 265.5000 0.1810
621 1.3033 0.5137 262.5000 0.1658
19 1.5539 0.1667 11.0000 0.8507
40 1.2774 0.2632 23.0000 0.6735
40 1.2988 0.2821 22.0000 0.6983
40 1.3054 0.3158 23.0000 0.7695
157 1.3943 0.7102 39.0000 0.3307
157 1.3952 0.6879 43.0000 0.3433
163 1.1415 0.4503 81.0000 0.6417
97 1.1460 0.6495 33.0000 0.8999
23 1.3708 0.3913 11.5000 0.2851
386 1.2921 0.5894 138.5000 0.3490
18 1.5210 0.1389 8.0000 0.9324
19 1.5595 0.3158 10.0000 0.8768
14 1.2281 0.2308 11.0000 0.6985
25 1.2479 0.5600 11.0000 0.8707
25 1.2481 0.5600 11.0000 0.8707
25 1.2707 0.6000 10.0000 1.0000
25 1.3712 0.6400 9.0000 0.9114
25 1.3402 0.6800 8.0000 0.4875
25 1.3005 0.5600 11.0000 0.8424
34 1.2747 0.3824 18.0000 0.7932
923 1.2018 0.5216 400.0000 0.3114
923 1.2458 0.4750 439.5000 0.3558
29 1.3285 0.5517 13.0000 0.9118
26 1.1675 0.5000 14.0000 0.7251
26 1.1398 0.5000 14.0000 0.8298
26 1.1397 0.5000 14.0000 0.8298
217 1.2536 0.5783 84.5000 0.3422
458 1.1148 0.8777 54.0000 0.4745
54 1.1643 0.3982 26.0000 0.6445
43 1.1713 0.4186 19.0000 0.5870
25 1.1536 0.6000 8.0000 0.2830
62 1.1225 0.6613 18.0000 0.5598
20 1.5232 0.4500 10.0000 1.0000
20 1.6124 0.4500 10.0000 1.0000
20 1.3794 0.4500 10.0000 1.0000
20 1.4524 0.4750 10.5000 1.0000
19 1.7789 0.2632 12.0000 1.0000
43 1.2223 0.4070 20.0000 0.8433
98 1.1888 0.5918 36.5000 0.6379
55 1.3700 0.6200 20.5000 0.5534
55 1.2010 0.6226 19.0000 0.3145
63 1.2576 0.3279 33.0000 0.9467
944 1.1869 0.5763 365.5000 0.3433
944 1.1957 0.6018 346.5000 0.3846
402 1.1009 0.8507 56.5000 0.5516
109 1.2252 0.4312 56.5000 0.6142
130 1.2210 0.3692 71.0000 0.5694
20 1.3739 0.4737 10.0000 0.2741
98 1.2130 0.6667 32.0000 0.6667
146 1.1084 0.7534 36.0000 0.7293
453 1.0667 0.8852 49.0000 0.4581
146 1.0982 0.7671 34.0000 0.8025
453 1.0728 0.8819 50.0000 0.4410
54 1.6739 0.2963 30.0000 0.8936
85 1.1317 0.5353 37.0000 0.4525
87 1.1173 0.5862 35.0000 0.5737
472 1.0442 0.9936 3.0000 0.0583
927 1.1448 0.6526 298.0000 0.3161
924 1.1517 0.6407 306.0000 0.3319
924 1.1568 0.6558 300.0000 0.3205
924 1.1467 0.6602 294.0000 0.3397
924 1.1487 0.6494 296.0000 0.3226
924 1.1501 0.6515 298.5000 0.3387
924 1.1469 0.6509 302.0000 0.3514
64 1.2123 0.5312 24.0000 0.6119
79 1.1970 0.6266 27.0000 0.2903
928 1.1557 0.6676 287.0000 0.3728
928 1.1423 0.6826 282.0000 0.4285
928 1.1495 0.6762 280.5000 0.3331
928 1.1602 0.6595 294.5000 0.2734
453 1.0497 0.9845 7.0000 0.5294
453 1.0467 0.9890 5.0000 0.4798
453 1.0458 0.9890 5.0000 0.4768
453 1.0440 0.9912 4.0000 0.5034
453 1.0501 0.9823 8.0000 0.3424
453 1.0488 0.9834 7.5000 0.3897
453 1.0613 0.9647 16.0000 0.3789
453 1.0532 0.9691 14.0000 0.2535
24 1.4451 0.4318 12.0000 0.9466
22 1.4851 0.4091 11.0000 0.9466
465 1.0801 0.8688 61.0000 0.5317
52 1.2128 0.3846 24.0000 1.0000
210 1.2952 0.5333 85.0000 0.5342
120 1.2446 0.5834 37.5000 0.9831
62 1.3041 0.2742 24.0000 0.5223
48 1.1866 0.6042 17.0000 0.5224
48 1.2067 0.5625 18.0000 0.5020
49 1.1993 0.5204 22.0000 0.6052
48 1.2466 0.5833 17.0000 0.3718
48 1.2519 0.4583 23.0000 0.3959
48 1.1793 0.5208 20.0000 0.5172
48 1.2230 0.4271 23.0000 0.4739
48 1.2606 0.4375 23.0000 0.5575
48 1.2836 0.5000 21.0000 0.3959
48 1.1959 0.5833 18.0000 0.5575
36 1.7238 0.3143 21.0000 0.4052
98 1.1877 0.4235 47.0000 0.6159
50 1.1411 0.5400 20.5000 0.8371
44 1.1717 0.3095 24.5000 0.9741
944 1.1640 0.6728 297.0000 0.3889
84 1.1539 0.6548 25.0000 0.7258
65 1.2486 0.5077 30.0000 0.9519
242 1.2719 0.3637 122.5000 0.3388
242 1.2677 0.3574 124.0000 0.3337
73 1.0667 0.9452 4.0000 0.5064
71 1.1267 0.2286 55.0000 0.0801
87 1.1284 0.6035 32.5000 0.6258
87 1.1306 0.5690 35.0000 0.6235
87 1.1124 0.6207 29.0000 0.5582
86 1.1553 0.4651 40.5000 0.6022
84 1.1746 0.5655 35.0000 0.5560
51 1.2184 0.5000 22.5000 0.7069
51 1.2952 0.5408 21.5000 0.6889
51 1.1566 0.6000 21.0000 0.7483
51 1.1869 0.6078 19.5000 0.6259
51 1.2420 0.5490 23.0000 0.6652
51 1.3285 0.5392 23.0000 0.7170
51 1.2599 0.5098 24.0000 0.7033
51 1.1858 0.5000 24.0000 0.6839
51 1.1944 0.5100 24.0000 0.7069
51 1.2059 0.4510 24.0000 0.6937
51 1.2668 0.4510 26.0000 0.7269
51 1.2292 0.5294 23.5000 0.6888
51 1.3034 0.4902 25.0000 0.7269
51 1.2314 0.4804 25.5000 0.4187
924 1.1513 0.6488 307.0000 0.2949
86 1.1597 0.4593 43.0000 0.7612
86 1.1456 0.4942 37.5000 0.5978
13 2.6771 0.3077 8.0000 0.6945
14 1.2981 0.0714 13.0000 0.9079
14 1.3330 0.0714 13.0000 0.9079
14 1.4538 0.1429 12.0000 0.9079
14 1.4041 0.0714 13.0000 0.9079
15 1.2457 0.0000 15.0000 0.9215
15 1.4329 0.1333 13.0000 0.9215
15 1.1643 0.0667 14.0000 0.9215
15 1.4742 0.2000 11.0000 0.8239
34 1.2854 0.4118 16.5000 0.4357
35 1.2330 0.3429 20.0000 0.4943
46 1.3225 0.4674 21.5000 0.5672
35 1.2390 0.3714 18.0000 0.3060
32 1.1300 0.7812 7.0000 0.8403
31 1.1110 0.8065 5.0000 0.7575
32 1.1503 0.7500 7.5000 0.7213
32 1.0728 0.6875 9.0000 0.8002
73 1.1194 0.7671 16.5000 0.3209
73 1.0599 0.9452 4.0000 0.4847
73 1.0789 0.8767 9.0000 0.8175
73 1.1180 0.8904 8.0000 0.7695
73 1.0789 0.8767 9.0000 0.8175
73 1.0621 0.8493 11.0000 0.4751
73 1.0899 0.7397 18.0000 0.3421
75 1.2769 0.4267 38.0000 0.6382
42 1.2676 0.3929 23.0000 0.9353
42 1.1872 0.5000 18.0000 0.9363
42 1.2408 0.3571 24.0000 0.9182
42 1.2590 0.4286 21.5000 0.9020
909 1.1445 0.6293 316.5000 0.2399
941 1.1587 0.6243 327.5000 0.3602
947 1.1457 0.6489 314.5000 0.2754
946 1.1408 0.7442 233.0000 0.3864
946 1.1325 0.7447 234.0000 0.4254
946 1.1266 0.7632 218.0000 0.3672
946 1.1304 0.7669 215.0000 0.4169
70 1.1642 0.5429 25.0000 0.3764
621 1.3153 0.4230 306.5000 0.1704
37 1.2873 0.2703 20.0000 0.4410
949 1.1368 0.7729 205.5000 0.2994
949 1.1338 0.7692 208.5000 0.2812
949 1.1328 0.7655 216.0000 0.2667
447 1.1057 0.8345 73.0000 0.3114
35 1.3358 0.4412 15.5000 0.4969
85 1.1406 0.6118 31.0000 0.7488
90 1.1623 0.5111 38.0000 0.6380
90 1.1995 0.4222 45.0000 0.8941
90 1.1728 0.5444 36.0000 0.5892
90 1.2018 0.5333 38.0000 0.5002
90 1.1549 0.5667 35.0000 0.8779
86 1.1199 0.7558 20.5000 0.9465
42 1.1891 0.5250 18.0000 0.9447
57 1.4211 0.2982 32.0000 0.6141
58 1.5225 0.3448 33.0000 0.5678
58 1.6032 0.3793 29.0000 0.6143
58 1.5547 0.3190 32.0000 0.6049
130 1.3116 0.6641 39.0000 0.5075
63 1.3210 0.2823 34.0000 0.9467
63 1.3167 0.2823 34.0000 0.9467
62 1.2134 0.5000 30.5000 0.9518
58 1.5241 0.3621 32.0000 0.5897
58 1.4188 0.2931 32.0000 0.6124
17 1.9114 0.4375 9.0000 0.9092
17 1.3934 0.5625 7.5000 0.9092
66 1.1734 0.6061 24.0000 0.8496
61 1.2000 0.5333 29.0000 0.9263
63 1.2442 0.3810 31.5000 0.9263
66 1.2189 0.3636 33.5000 0.8898
66 1.2582 0.3939 33.5000 0.8848
174 1.3224 0.3822 89.5000 0.4860
118 1.2677 0.3729 61.0000 0.5301
118 1.2758 0.3390 64.0000 0.4385
55 1.2507 0.3207 28.0000 0.8765
55 1.3230 0.3909 28.0000 0.8625
90 1.1658 0.5778 31.5000 0.8152
55 1.3901 0.4273 26.5000 0.8843
55 1.2676 0.4455 28.0000 0.9249
55 1.2793 0.4000 28.5000 0.9506
73 1.0666 0.9452 4.0000 0.5064
949 1.1323 0.7555 221.0000 0.3316
37 1.2719 0.3889 21.5000 0.5925
38 1.3591 0.3108 23.0000 0.4976
239 1.3113 0.5335 99.5000 0.3561
498 1.0617 0.9578 21.0000 0.4485
64 1.2370 0.5859 22.0000 0.6251
457 1.0452 0.9847 7.0000 0.5051
481 1.0524 0.9834 8.0000 0.5779
457 1.0421 0.9891 5.0000 0.5669
457 1.0424 0.9869 6.0000 0.5740
737 1.1769 0.5692 285.0000 0.3731
802 1.1755 0.5910 297.0000 0.4547
853 1.1601 0.6266 296.0000 0.3574
844 1.1572 0.6534 278.5000 0.4518
886 1.1605 0.6676 276.0000 0.3301
881 1.1603 0.6305 299.5000 0.4597
469 1.0711 0.8337 76.0000 0.4052
63 1.2274 0.4836 28.5000 0.9637
47 1.3233 0.2553 34.5000 0.8354
62 1.2297 0.3167 30.5000 0.9637
881 1.1321 0.7333 215.5000 0.5897
66 1.2397 0.4844 32.5000 0.9264
104 1.2499 0.7108 24.0000 0.9899
120 1.2342 0.5805 46.0000 0.9913
80 1.2504 0.6154 28.0000 0.9866
104 1.1909 0.8676 14.5000 0.9899
120 1.2101 0.5085 58.0000 0.9913
80 1.2654 0.5897 31.0000 0.9866
69 1.2673 0.3043 39.5000 0.2107
69 1.2770 0.3188 39.0000 0.4066
69 1.2808 0.3478 37.0000 0.5602
69 1.2913 0.3478 38.0000 0.5602
69 1.3081 0.3550 37.0000 0.5469
69 1.2902 0.3623 37.0000 0.4954
69 1.3327 0.3986 34.5000 0.5262
69 1.3234 0.3913 34.5000 0.4970
69 1.3313 0.4058 36.0000 0.4722
69 1.2956 0.3913 37.0000 0.5970
68 1.2454 0.4412 31.0000 0.6025
72 1.2677 0.4167 36.0000 0.5423
72 1.2799 0.4028 36.0000 0.5805
72 1.2395 0.3959 34.5000 0.4973
72 1.2382 0.3750 38.5000 0.6481
87 1.1610 0.6059 28.0000 0.5861
61 1.2236 0.5000 30.0000 0.9036
52 1.2972 0.3750 26.0000 1.0000
52 1.2259 0.3462 26.5000 1.0000
52 1.2259 0.3462 26.5000 1.0000
52 1.2259 0.3462 26.5000 1.0000
52 1.2259 0.3462 26.5000 1.0000
52 1.3257 0.3654 27.5000 0.8821
52 1.3582 0.2692 28.0000 0.9353
90 1.1703 0.5055 39.0000 0.7467
95 1.2468 0.4264 48.0000 0.3348
79 1.1812 0.6456 27.5000 0.2623
