63 1.1318 0.6984 19.0000 0.4602
63 1.2123 0.7143 17.5000 0.4825
33 1.2332 0.6875 11.0000 0.8142
62 1.1686 0.6935 16.0000 0.3642
62 1.1292 0.7419 12.0000 0.3535
62 1.1384 0.6613 19.0000 0.3525
62 1.1383 0.6613 19.0000 0.3525
62 1.1384 0.6613 19.0000 0.3525
62 1.1384 0.6613 19.0000 0.3525
62 1.1387 0.6613 19.0000 0.3525
34 1.7147 0.3089 21.0000 0.2842
34 1.8056 0.4118 18.0000 0.2842
42 1.1599 0.8333 7.0000 0.8956
62 1.1071 0.7097 16.0000 0.3642
62 1.1361 0.6774 18.0000 0.3209
62 1.1071 0.7097 16.0000 0.3642
62 1.1361 0.6774 18.0000 0.3209
62 1.1071 0.7097 16.0000 0.3642
62 1.1361 0.6774 18.0000 0.3209
42 1.1348 0.7143 12.0000 0.9113
42 1.1093 0.7619 10.0000 0.8799
46 1.2335 0.6022 19.0000 0.9205
33 1.1393 0.6875 11.0000 0.8552
46 1.2399 0.5455 21.5000 0.9205
42 1.2382 0.7000 14.0000 0.7546
20 1.2094 0.1667 11.0000 0.9324
62 1.1407 0.7377 14.5000 0.3187
62 1.1287 0.7049 15.0000 0.3187
19 1.7279 0.2059 10.5000 0.9225
62 1.1699 0.7016 15.0000 0.3725
62 1.1699 0.7016 15.0000 0.3725
62 1.1568 0.7419 14.0000 0.3535
62 1.1214 0.8065 12.0000 0.3492
62 1.1055 0.7903 13.0000 0.3450
62 1.1067 0.8065 12.0000 0.3555
46 1.1817 0.6136 19.0000 0.9205
88 1.2137 0.7045 25.5000 0.5402
88 1.1854 0.6421 29.0000 0.7871
46 1.2315 0.3804 24.0000 0.5826
14 1.3554 0.4584 8.0000 0.4789
46 1.2112 0.5113 22.5000 1.0000
46 1.3417 0.4659 22.0000 0.9477
46 1.2577 0.4773 23.0000 0.9205
46 1.2044 0.5455 22.0000 0.9205
46 1.2277 0.5113 22.0000 0.9205
46 1.2665 0.4773 23.0000 0.9205
64 1.2319 0.5703 23.5000 0.6306
45 1.1533 0.7907 11.0000 0.8800
46 1.2492 0.5455 20.0000 0.9603
42 1.0815 0.7619 10.0000 0.8799
42 1.0723 0.7619 10.0000 0.8799
32 1.2100 0.7500 8.0000 0.7468
44 1.1306 0.8095 10.0000 0.7740
42 1.1610 0.7857 8.5000 0.9417
42 1.1087 0.9048 4.0000 0.8399
42 1.1388 0.7976 8.5000 0.9417
42 1.1868 0.6786 13.5000 0.9417
42 1.1570 0.7381 10.0000 0.8745
42 1.1455 0.7619 10.0000 0.8493
42 1.2567 0.7250 13.0000 0.8569
44 1.1805 0.7727 9.0000 0.6019
42 1.1971 0.7857 9.0000 0.9059
33 1.3068 0.4677 16.0000 0.7786
33 1.1758 0.4194 16.0000 0.6647
33 1.2586 0.4516 15.5000 0.6647
42 1.1785 0.5714 17.0000 0.6740
42 1.0964 0.7381 11.0000 0.9113
19 1.3662 0.4412 10.0000 0.8597
84 1.1953 0.5833 33.0000 0.1928
16 1.2415 0.3333 10.0000 0.6916
60 1.1660 0.7544 17.0000 0.5157
60 1.1825 0.5517 25.0000 0.8237
41 1.6355 0.3158 21.0000 0.2634
86 1.1625 0.7558 20.0000 0.8908
92 1.2268 0.5543 34.0000 0.6640
92 1.2305 0.4674 39.0000 0.5471
88 1.2008 0.6364 27.0000 0.6444
92 1.2067 0.6304 30.5000 0.6305
88 1.2237 0.5795 32.5000 0.9017
88 1.2217 0.5512 33.5000 0.6207
81 1.1930 0.5432 34.5000 0.9369
16 1.6285 0.2857 8.0000 0.9079
16 1.3723 0.5000 7.0000 0.9220
91 1.1864 0.5944 34.0000 0.7532
92 1.1688 0.6250 31.0000 0.8067
91 1.1714 0.5824 35.0000 0.8818
91 1.2002 0.6154 34.0000 0.8524
65 1.2291 0.5234 28.5000 0.6221
16 1.2964 0.5625 7.0000 0.9220
16 1.3917 0.5000 7.0000 0.9220
82 1.1704 0.6220 28.0000 0.6964
923 1.1637 0.7313 237.0000 0.4182
73 1.0967 0.9041 6.0000 0.4737
11 1.5664 0.2727 8.0000 0.2756
73 1.2059 0.6849 22.0000 0.7129
73 1.1922 0.6712 22.0000 0.6069
184 1.3197 0.3478 97.5000 0.4164
22 1.5841 0.1818 15.5000 0.9466
22 1.2647 0.4091 11.0000 0.6176
22 1.4880 0.4545 11.0000 0.9466
28 1.3022 0.8461 5.5000 0.9560
70 1.2636 0.5000 28.0000 0.8295
74 1.2796 0.5928 24.0000 0.9303
72 1.3602 0.4118 33.0000 0.8576
70 1.3198 0.5000 30.0000 0.9250
70 1.3504 0.4546 31.0000 0.8881
72 1.3641 0.4412 32.0000 0.9061
70 1.3514 0.5303 29.0000 0.8131
74 1.3176 0.5571 26.0000 0.9481
70 1.3529 0.5152 27.0000 0.8469
74 1.2839 0.5500 28.5000 0.9481
86 1.2245 0.5349 33.0000 0.8002
87 1.2148 0.5402 38.0000 0.8070
86 1.2228 0.5233 34.0000 0.8339
86 1.1644 0.5698 37.0000 0.7600
86 1.2359 0.5523 37.5000 0.7614
82 1.1925 0.5061 37.0000 0.6799
86 1.1818 0.4651 38.0000 0.8339
87 1.1875 0.5000 39.0000 0.8283
86 1.1948 0.4535 39.0000 0.7335
86 1.1808 0.5291 38.5000 0.6318
86 1.1975 0.5291 33.5000 0.7920
86 1.1938 0.5756 33.5000 0.7572
86 1.2215 0.5116 35.0000 0.8180
87 1.2248 0.4943 39.0000 0.6951
86 1.1972 0.5116 34.0000 0.8131
85 1.2225 0.5059 39.0000 0.7852
86 1.1919 0.5000 37.0000 0.7496
87 1.1929 0.5402 37.0000 0.8611
86 1.1783 0.5854 35.0000 0.8262
86 1.1785 0.5854 35.0000 0.6084
86 1.1538 0.7151 24.5000 0.8145
86 1.1106 0.7442 21.5000 0.9100
42 1.1208 0.7619 10.0000 0.8799
42 1.1452 0.7805 10.0000 0.2437
20 1.1042 0.8000 4.0000 0.7949
20 1.1234 0.8000 4.0000 0.7949
20 1.1136 0.8000 4.0000 0.7949
20 1.1116 0.8000 4.0000 0.7949
20 1.1177 0.8000 4.0000 0.7949
20 1.1062 0.8000 4.0000 0.7949
98 1.2631 0.5051 46.0000 0.8998
42 1.1421 0.7381 11.0000 0.9417
84 1.1191 0.9048 8.0000 0.6799
46 1.1919 0.5455 20.0000 0.8939
82 1.1766 0.8537 11.0000 0.4316
82 1.1251 0.7988 15.5000 0.5897
42 1.1005 0.8095 8.0000 0.8799
11 1.6054 0.3000 8.0000 0.6857
44 1.1606 0.7613 9.0000 0.9114
16 1.4114 0.6000 6.0000 0.3917
16 1.4900 0.6667 6.0000 0.4866
16 1.4413 0.6333 6.0000 0.3917
16 1.4055 0.6000 7.0000 0.4866
16 1.4974 0.6667 6.0000 0.3917
16 1.5078 0.6000 7.0000 0.3917
16 1.5254 0.6000 7.0000 0.3917
16 1.3808 0.5333 8.0000 0.3917
42 1.1432 0.6905 11.0000 0.9059
67 1.4331 0.6154 25.0000 0.8859
39 1.2825 0.5000 17.0000 0.9379
63 1.0955 0.7778 14.0000 0.8515
63 1.1225 0.8095 12.0000 0.7912
20 1.5229 0.5556 7.5000 0.9324
20 1.4150 0.3889 11.0000 0.9324
20 1.3603 0.4722 8.0000 0.9324
20 1.4297 0.4444 8.0000 0.9324
21 1.3682 0.3000 12.0000 0.8615
20 1.2989 0.2500 10.0000 0.8102
42 1.1555 0.7143 12.0000 0.9417
41 1.1457 0.8049 8.0000 0.4012
47 1.5641 0.4575 21.5000 0.7542
47 1.4764 0.4681 21.0000 0.7347
46 1.4908 0.4565 21.0000 0.7541
48 1.4679 0.4792 22.0000 0.7543
40 1.2218 0.6154 15.0000 0.9297
46 1.5149 0.3696 26.0000 0.5364
46 1.6686 0.4239 23.0000 0.6307
46 1.6249 0.4891 20.0000 0.6651
46 1.5467 0.4022 25.5000 0.7289
47 1.4499 0.4043 22.0000 0.7058
47 1.4488 0.5319 21.0000 0.7991
47 1.5006 0.4894 20.0000 0.6304
15 1.3893 0.1538 7.0000 0.8063
84 1.1766 0.5893 28.5000 0.7640
83 1.2753 0.5181 33.5000 0.3648
62 1.1806 0.6532 18.0000 0.3580
62 1.1387 0.6613 19.0000 0.3525
60 1.4263 0.3051 30.0000 0.5251
59 1.4147 0.2281 30.0000 0.4335
61 1.3580 0.3833 30.5000 0.5451
61 1.4050 0.3833 30.0000 0.5276
62 1.1071 0.7097 16.0000 0.3642
62 1.1361 0.6774 18.0000 0.3209
87 1.2124 0.5977 33.5000 0.3828
87 1.2097 0.5747 34.0000 0.4781
87 1.2634 0.5862 35.0000 0.4668
87 1.2235 0.5632 36.0000 0.4920
87 1.2267 0.5690 35.5000 0.5786
87 1.2380 0.5747 34.5000 0.5389
84 1.1627 0.6429 30.0000 0.5323
84 1.2597 0.6190 31.5000 0.6733
84 1.1914 0.6190 30.0000 0.5794
84 1.2449 0.5774 34.0000 0.6267
84 1.1342 0.6250 30.0000 0.6044
84 1.2812 0.5238 36.0000 0.6645
84 1.1609 0.6250 30.0000 0.5987
84 1.2856 0.5119 37.0000 0.5826
84 1.1616 0.6548 28.0000 0.6519
84 1.2945 0.5357 37.0000 0.6641
84 1.1646 0.6667 27.0000 0.5152
84 1.2918 0.4940 37.0000 0.4645
30 1.3277 0.2963 18.5000 0.9341
28 1.1150 0.1923 20.0000 0.8329
26 1.3268 0.1667 16.0000 0.8121
85 1.2061 0.6471 27.0000 0.2697
85 1.2798 0.6000 33.0000 0.2800
84 1.2563 0.6071 31.0000 0.2657
84 1.2678 0.6071 33.0000 0.5125
83 1.2609 0.5783 32.0000 0.3138
83 1.2310 0.6446 29.5000 0.4668
83 1.2521 0.4578 39.5000 0.6189
20 1.3209 0.6000 7.0000 0.6149
18 1.4563 0.1765 10.5000 0.9320
28 1.3327 0.2692 18.0000 0.9066
29 1.3624 0.4039 16.5000 0.9340
28 1.3570 0.4400 16.0000 0.9339
27 1.2535 0.4800 15.0000 0.8790
28 1.2838 0.2692 18.0000 0.8360
28 1.2482 0.2308 19.0000 0.8792
28 1.3721 0.2692 18.0000 0.8792
75 1.1830 0.6149 24.0000 0.4188
73 1.0967 0.9041 6.0000 0.4737
40 1.4385 0.4103 19.0000 0.7696
31 1.7222 0.4500 20.0000 0.8638
60 1.3855 0.3220 30.0000 0.4196
60 1.3790 0.2712 31.0000 0.3847
12 1.6380 0.3750 6.0000 0.3234
45 1.2961 0.2907 24.5000 0.8938
45 1.3007 0.3721 24.0000 0.9217
45 1.2595 0.3604 23.5000 0.9217
60 1.4330 0.2881 30.0000 0.5079
60 1.4173 0.2373 31.0000 0.4552
45 1.3598 0.3256 26.0000 0.9217
45 1.3477 0.3023 26.5000 0.8938
158 1.3390 0.5382 64.0000 0.0866
17 1.6853 0.3529 11.0000 0.4896
87 1.2090 0.5517 35.0000 0.6643
40 1.4612 0.3158 21.0000 0.7695
73 1.1196 0.9109 6.5000 0.4245
18 1.6083 0.4688 9.0000 0.9092
16 1.5525 0.3571 10.0000 1.0000
16 2.0285 0.2143 9.5000 0.8897
73 1.1039 0.8767 7.0000 0.4959
73 1.0757 0.8767 7.0000 0.5155
91 1.2995 0.5385 38.0000 0.6697
73 1.0949 0.9178 6.0000 0.5264
91 1.2864 0.5275 38.0000 0.5723
73 1.0797 0.9178 6.0000 0.4959
91 1.1829 0.6264 30.0000 0.3866
73 1.1867 0.7260 18.0000 0.8900
62 1.1623 0.6935 16.0000 0.5927
73 1.1960 0.6712 22.0000 0.4619
73 1.1962 0.6849 21.0000 0.5089
40 1.4257 0.5128 18.0000 0.8320
99 1.2145 0.6768 30.0000 0.3572
254 1.2763 0.6457 79.0000 0.5850
229 1.3516 0.5022 90.0000 0.4441
42 1.3148 0.4103 22.5000 0.7192
25 1.3745 0.4566 12.0000 0.7961
25 1.3537 0.5217 12.0000 0.7961
25 1.3969 0.4348 13.0000 0.6652
25 1.4021 0.4348 12.0000 0.9111
22 1.3161 0.2273 10.0000 0.9334
83 1.1574 0.7590 19.0000 0.4743
85 1.1616 0.7765 17.0000 0.6103
82 1.1431 0.8049 15.0000 0.5785
83 1.2287 0.7988 16.0000 0.5469
169 1.2235 0.4497 78.5000 0.3746
910 1.1755 0.7066 247.5000 0.2081
146 1.2588 0.4623 69.0000 0.4408
20 1.3363 0.3333 10.0000 0.9324
15 1.4194 0.1538 8.0000 0.8063
59 1.3746 0.3966 30.5000 0.5132
59 1.3577 0.3966 29.0000 0.5449
73 1.0741 0.8904 6.0000 0.4847
73 1.0687 0.9246 5.0000 0.4742
73 1.0694 0.8904 7.0000 0.4964
73 1.0897 0.8767 7.0000 0.4847
73 1.0928 0.8904 7.0000 0.4847
73 1.0774 0.8904 7.0000 0.4857
103 1.2902 0.6796 31.0000 0.6263
40 1.3225 0.5385 17.5000 0.7987
40 1.5395 0.3816 19.0000 0.6982
40 1.5469 0.4211 19.0000 0.6735
40 1.5247 0.4359 20.0000 0.7192
40 1.4790 0.4103 20.5000 0.6598
40 1.4611 0.3077 18.0000 0.6774
40 1.5490 0.4359 21.0000 0.6774
40 1.5635 0.4103 20.0000 0.7192
44 1.1240 0.8333 9.0000 0.8799
44 1.1429 0.7857 10.0000 0.8474
101 1.2625 0.7475 22.5000 0.4940
103 1.2902 0.6747 31.0000 0.6013
41 1.1904 0.7683 9.5000 0.7077
42 1.1766 0.8095 8.0000 0.9059
295 1.2461 0.5983 105.5000 0.7675
176 1.2382 0.4176 84.0000 0.5687
296 1.2673 0.5997 107.0000 0.4208
59 1.3769 0.3448 31.0000 0.5223
29 1.2103 0.2692 19.0000 1.0000
12 1.2952 0.3333 6.5000 0.3234
12 1.2568 0.3333 6.0000 0.3234
12 1.2278 0.3333 6.0000 0.3234
12 1.3998 0.3333 7.0000 0.3234
12 1.7611 0.3333 7.5000 0.3234
12 1.8510 0.3333 7.0000 0.3234
12 1.4122 0.2500 7.0000 0.6969
12 1.7770 0.3333 7.5000 0.5101
12 1.4711 0.2500 7.0000 0.6969
45 1.3261 0.3810 21.0000 0.9741
87 1.2384 0.5057 37.0000 0.5744
87 1.2579 0.5465 35.0000 0.5900
95 1.2161 0.5532 42.5000 0.8708
238 1.2647 0.6471 78.0000 0.6771
95 1.4506 0.4264 42.5000 0.3100
95 1.3935 0.4737 41.5000 0.2927
13 1.3398 0.5833 6.0000 0.9299
13 1.2914 0.7500 4.0000 1.0000
64 1.1850 0.4844 27.0000 0.5814
64 1.2569 0.5234 26.5000 0.5961
64 1.2030 0.5391 26.0000 0.6020
28 1.3029 0.3571 15.0000 0.3481
29 1.5108 0.3793 16.0000 0.3485
29 1.4037 0.3448 14.0000 0.2153
41 1.2887 0.3902 23.5000 0.6120
87 1.1937 0.5459 37.5000 0.5202
621 1.2297 0.7705 129.0000 0.1613
621 1.2360 0.7609 132.0000 0.1512
19 1.3969 0.4444 10.0000 0.8507
40 1.5002 0.3553 23.0000 0.7009
40 1.3786 0.3718 22.0000 0.6774
40 1.4989 0.3684 23.0000 0.7191
157 1.2525 0.6975 39.0000 0.2602
157 1.2504 0.7038 40.0000 0.2980
163 1.1982 0.4720 77.5000 0.7804
97 1.1534 0.7113 25.0000 0.9159
23 1.2332 0.5652 8.0000 0.3179
386 1.3467 0.5712 147.0000 0.4348
18 1.3720 0.5000 9.0000 0.9324
19 1.2557 0.7368 5.0000 0.8768
14 1.1254 0.2308 11.0000 0.8607
25 1.2816 0.6000 10.0000 0.8301
25 1.2816 0.6000 10.0000 0.8301
25 1.4333 0.5600 11.0000 1.0000
25 1.3973 0.4400 11.5000 0.8769
25 1.4167 0.5600 10.5000 0.4286
25 1.3102 0.4200 14.0000 0.8424
34 1.4668 0.2941 19.0000 0.9121
923 1.2130 0.5439 379.5000 0.4158
923 1.2296 0.4956 417.0000 0.4173
29 1.3416 0.4483 14.0000 0.9118
26 1.3397 0.4167 14.0000 0.7965
26 1.2703 0.4167 14.0000 0.9113
26 1.2705 0.4167 14.0000 0.9113
217 1.2329 0.6198 75.0000 0.3029
458 1.1031 0.8908 48.5000 0.3870
54 1.3138 0.4537 25.0000 0.7115
43 1.3257 0.4186 20.0000 0.6399
62 1.1299 0.6935 17.0000 0.3436
20 1.2400 0.4000 10.5000 1.0000
20 1.1351 0.3000 12.0000 1.0000
20 1.2620 0.4000 11.0000 1.0000
20 1.2921 0.3750 11.0000 1.0000
19 1.2051 0.6316 7.0000 1.0000
43 1.3117 0.4884 19.0000 0.8033
98 1.1633 0.6276 32.0000 0.6811
55 1.2516 0.6200 19.0000 0.3519
55 1.1830 0.6038 19.0000 0.3145
63 1.2771 0.2459 37.0000 0.9371
944 1.2142 0.6077 343.0000 0.4040
944 1.2035 0.6156 330.0000 0.3814
402 1.0999 0.8905 44.0000 0.4460
109 1.3382 0.4404 54.0000 0.6111
130 1.3117 0.3808 70.0000 0.7240
20 1.3317 0.5263 8.0000 0.2741
98 1.2752 0.6927 29.0000 0.6410
146 1.1572 0.6952 43.0000 0.7433
453 1.0693 0.8985 45.5000 0.2592
146 1.1221 0.7740 32.0000 0.7960
453 1.0743 0.8797 52.5000 0.4627
54 1.4983 0.3333 31.5000 0.9348
85 1.2273 0.4647 38.0000 0.5895
87 1.1787 0.5747 37.0000 0.5409
472 1.0594 0.9798 9.5000 0.0866
927 1.1619 0.6888 275.0000 0.3994
924 1.1456 0.6786 283.5000 0.4463
924 1.1635 0.6726 289.0000 0.3994
924 1.1568 0.6781 285.5000 0.4623
924 1.1555 0.6797 282.0000 0.4543
924 1.1662 0.6699 295.0000 0.4503
924 1.1524 0.6775 280.5000 0.4386
64 1.1849 0.4844 27.0000 0.5814
79 1.2685 0.6392 24.5000 0.4510
928 1.1701 0.6907 274.0000 0.3511
928 1.1619 0.7085 259.0000 0.4082
928 1.1618 0.6918 271.0000 0.4044
928 1.1806 0.6816 279.0000 0.3925
453 1.0493 0.9890 5.0000 0.4301
453 1.0458 0.9912 4.0000 0.4824
453 1.0435 0.9868 6.0000 0.5565
453 1.0430 0.9823 8.0000 0.4766
453 1.0482 0.9735 12.0000 0.4046
453 1.0503 0.9757 11.0000 0.3853
453 1.0517 0.9724 12.5000 0.4699
453 1.0636 0.9625 17.0000 0.5053
24 1.5537 0.3636 13.5000 0.9466
22 1.6221 0.5000 9.0000 0.9466
465 1.0867 0.9107 39.5000 0.5194
52 1.3425 0.3173 22.0000 0.9786
210 1.3375 0.5667 81.5000 0.5015
120 1.2700 0.6292 33.0000 0.9745
62 1.1564 0.6774 8.0000 0.5223
48 1.1948 0.6042 19.0000 0.3035
48 1.1808 0.6875 15.0000 0.9063
49 1.1618 0.6326 18.0000 0.8054
48 1.1760 0.5208 23.0000 0.3035
48 1.2389 0.4792 23.0000 0.6980
48 1.1821 0.6250 18.0000 0.6878
48 1.1872 0.5104 22.0000 0.4305
48 1.2423 0.7396 12.5000 0.5575
48 1.2415 0.6042 18.5000 0.8750
48 1.2244 0.6146 18.5000 0.9234
36 1.5340 0.1857 26.5000 0.4052
98 1.2388 0.5102 43.0000 0.4266
50 1.2133 0.5600 20.0000 0.8371
44 1.2859 0.1905 25.0000 0.9741
944 1.1823 0.6724 291.5000 0.3886
84 1.1549 0.6548 26.0000 0.8675
65 1.3023 0.5615 27.5000 0.9020
242 1.3693 0.3182 132.5000 0.3330
242 1.3684 0.3099 133.0000 0.3609
73 1.1221 0.9109 6.0000 0.5064
71 1.1771 0.2714 52.0000 0.0723
87 1.1593 0.6149 32.0000 0.4961
87 1.1504 0.5862 32.5000 0.5789
87 1.1478 0.6207 32.5000 0.7596
86 1.1932 0.4767 36.5000 0.6439
84 1.2054 0.5476 36.0000 0.5952
51 1.2791 0.5200 24.0000 0.7375
51 1.3422 0.4694 25.0000 0.6701
51 1.2318 0.4800 26.5000 0.7267
51 1.3399 0.5294 22.0000 0.7241
51 1.2749 0.4706 24.0000 0.7071
51 1.3173 0.5490 23.0000 0.7802
51 1.2613 0.5490 22.5000 0.7469
51 1.2645 0.4200 28.0000 0.7741
51 1.2569 0.4300 26.5000 0.7375
51 1.2144 0.5098 22.0000 0.7033
51 1.3026 0.5686 21.0000 0.7719
51 1.2944 0.5686 22.0000 0.7376
51 1.3417 0.5098 25.0000 0.7494
51 1.1744 0.5098 24.0000 0.7277
924 1.1582 0.6829 282.0000 0.3578
86 1.1900 0.4419 39.0000 0.3806
86 1.2144 0.4651 41.0000 0.6345
13 1.9786 0.2308 8.0000 0.6945
14 1.3202 0.2143 11.0000 0.9079
14 1.2970 0.2143 11.0000 0.9079
14 1.3900 0.0714 13.0000 0.9079
14 1.3434 0.0714 13.0000 0.9079
15 1.3812 0.2000 12.0000 0.9215
15 1.3069 0.2000 12.0000 0.9215
15 1.2490 0.2000 12.0000 0.9215
15 1.4028 0.3333 10.0000 0.8239
34 1.3594 0.4559 17.0000 0.5178
35 1.3412 0.4286 16.0000 0.4943
46 1.3690 0.3804 24.0000 0.5811
35 1.3453 0.4286 17.0000 0.5835
32 1.1879 0.6875 10.0000 0.8403
31 1.1852 0.7581 7.5000 0.7209
32 1.1353 0.7344 8.5000 0.8503
32 1.1476 0.6875 10.0000 0.8503
73 1.1439 0.8972 7.5000 0.3599
73 1.1208 0.8151 13.0000 0.8693
73 1.1456 0.7808 15.0000 0.6111
73 1.1164 0.8082 14.0000 0.4046
73 1.1456 0.7808 15.0000 0.6111
73 1.1381 0.8287 11.5000 0.4643
73 1.1210 0.8836 8.5000 0.4635
75 1.3277 0.4667 37.0000 0.6164
42 1.3015 0.3571 25.5000 0.9677
42 1.3022 0.3571 26.0000 0.9696
42 1.3113 0.3571 23.0000 0.9192
42 1.3417 0.3333 25.0000 0.9696
909 1.1520 0.7272 237.0000 0.4150
941 1.1517 0.7285 240.0000 0.3602
947 1.1482 0.7614 213.5000 0.3513
946 1.1502 0.7548 223.0000 0.4017
946 1.1582 0.7606 218.0000 0.4007
946 1.1581 0.7732 204.0000 0.4466
946 1.1484 0.7748 204.0000 0.4137
70 1.2698 0.6571 22.5000 0.3504
621 1.3071 0.5553 263.5000 0.2152
37 1.2472 0.3514 19.0000 0.6956
949 1.1529 0.8041 183.5000 0.4279
949 1.1520 0.8051 182.0000 0.3507
949 1.1482 0.7972 184.0000 0.3927
447 1.1098 0.8423 68.0000 0.3528
35 1.3983 0.4706 18.5000 0.5069
85 1.1860 0.6118 31.5000 0.4578
90 1.2578 0.5000 40.5000 0.8605
90 1.1997 0.4889 41.0000 0.6300
90 1.2430 0.4667 41.5000 0.8303
90 1.2709 0.4778 43.0000 0.5475
90 1.2023 0.5000 38.0000 0.9096
86 1.1613 0.7500 20.0000 0.8998
42 1.2744 0.5875 17.0000 0.9447
57 1.4703 0.3158 31.0000 0.7430
58 1.4670 0.3621 31.0000 0.5141
58 1.3636 0.3880 30.0000 0.6450
58 1.4125 0.3362 31.0000 0.6868
130 1.3155 0.6641 41.0000 0.7143
63 1.2669 0.2581 41.5000 0.9467
63 1.2666 0.2581 41.5000 0.9467
62 1.1758 0.4754 30.0000 0.9518
58 1.3797 0.3621 31.0000 0.5509
58 1.4180 0.3621 29.5000 0.5085
17 1.3690 0.5625 7.0000 0.9092
17 1.5891 0.3125 10.0000 0.9092
66 1.1555 0.6515 17.0000 0.8932
61 1.1877 0.5500 24.0000 0.9018
63 1.2495 0.3651 35.0000 0.9263
66 1.2319 0.4091 34.5000 0.8898
66 1.2127 0.3939 37.0000 0.8659
174 1.3561 0.3477 94.0000 0.3907
118 1.3533 0.4407 59.0000 0.4279
118 1.3475 0.4576 56.0000 0.4525
55 1.3046 0.3396 28.0000 0.9044
55 1.3363 0.3636 29.0000 0.8625
90 1.1898 0.5834 33.0000 0.7958
55 1.3390 0.3545 29.0000 0.8607
55 1.3490 0.3545 29.5000 0.8181
55 1.3458 0.3636 30.0000 0.8392
73 1.1222 0.9109 6.0000 0.5064
949 1.1536 0.8024 185.5000 0.3548
37 1.3046 0.4167 18.0000 0.4681
38 1.3303 0.3784 19.0000 0.4473
239 1.2709 0.5691 91.0000 0.2779
498 1.0657 0.9689 15.5000 0.5699
64 1.2333 0.5000 27.0000 0.5968
457 1.0462 0.9923 3.5000 0.4721
481 1.0478 0.9854 7.0000 0.5386
457 1.0451 0.9934 3.0000 0.4689
457 1.0452 0.9934 3.0000 0.4774
737 1.1934 0.5699 281.5000 0.4590
802 1.1943 0.5941 302.5000 0.4817
853 1.1904 0.6166 305.0000 0.4378
844 1.1885 0.6457 278.0000 0.3831
886 1.1728 0.6518 287.5000 0.4673
881 1.1874 0.6266 303.0000 0.4657
469 1.0851 0.8252 78.0000 0.3966
63 1.2826 0.4426 32.0000 0.9637
47 1.3745 0.1915 37.5000 0.8079
62 1.2217 0.3417 31.0000 0.9637
881 1.1636 0.7310 220.0000 0.6191
66 1.2515 0.4688 30.0000 0.9495
104 1.1542 0.7843 16.5000 0.9899
120 1.0992 0.9492 8.0000 0.9913
80 1.0772 0.9231 7.0000 0.9866
104 1.1866 0.7353 20.0000 0.9899
120 1.1542 0.8347 14.0000 0.9913
80 1.1191 0.9231 7.0000 0.9866
69 1.3197 0.3768 42.0000 0.6151
69 1.3122 0.3623 42.0000 0.6276
69 1.2982 0.3913 40.0000 0.6898
69 1.2860 0.4203 39.0000 0.6276
69 1.3087 0.3768 40.5000 0.6882
69 1.3043 0.3768 42.0000 0.6650
69 1.3413 0.3985 38.0000 0.6155
69 1.3497 0.4203 39.0000 0.5469
69 1.3369 0.3913 40.0000 0.6190
69 1.3216 0.4203 39.0000 0.5622
68 1.2837 0.3676 40.0000 0.7177
72 1.2926 0.3889 41.0000 0.6747
72 1.2627 0.3611 42.0000 0.5791
72 1.2903 0.3472 42.0000 0.5791
72 1.2685 0.3472 41.0000 0.5265
87 1.1669 0.6941 24.0000 0.9229
61 1.2271 0.5084 26.5000 0.9263
52 1.4627 0.3462 26.5000 1.0000
52 1.3565 0.3558 24.0000 1.0000
52 1.3564 0.3558 24.0000 1.0000
52 1.3564 0.3558 24.0000 1.0000
52 1.3564 0.3558 24.0000 1.0000
52 1.3453 0.3269 30.0000 0.9076
52 1.4387 0.3654 27.0000 0.9353
90 1.2254 0.5834 33.0000 0.8278
95 1.2198 0.5158 43.0000 0.7101
79 1.1658 0.6076 31.0000 0.8669
