63 1.3445 0.5397 29.0000 0.4843
63 1.3214 0.6508 22.0000 0.4728
33 1.3432 0.3750 18.0000 0.3497
62 1.4923 0.6613 19.0000 0.5246
62 1.4925 0.7258 17.0000 0.5476
62 1.4716 0.7419 15.5000 0.5148
62 1.4718 0.7419 15.5000 0.5148
62 1.4718 0.7419 15.5000 0.5148
62 1.4717 0.7419 15.5000 0.5148
62 1.4717 0.7419 15.5000 0.5148
34 2.3408 0.3235 23.0000 0.2842
34 2.2218 0.3529 19.5000 0.2842
42 1.2499 0.3571 22.5000 0.8216
62 1.4668 0.7419 16.0000 0.5599
62 1.5048 0.7419 16.0000 0.4985
62 1.4668 0.7419 16.0000 0.5599
62 1.5048 0.7419 16.0000 0.4985
62 1.4668 0.7419 16.0000 0.5599
62 1.5048 0.7419 16.0000 0.4985
42 1.2321 0.4048 22.0000 0.5702
41 1.4614 0.3846 24.0000 0.1097
42 1.2475 0.4167 19.5000 0.7873
46 1.4536 0.4887 21.0000 0.9205
33 1.1831 0.4688 15.0000 0.7578
46 1.4270 0.5000 22.0000 0.9211
42 1.2262 0.4125 18.0000 0.7546
20 1.2260 0.2222 14.0000 0.9324
62 1.5225 0.6885 19.0000 0.3072
62 1.5475 0.6885 19.0000 0.3187
19 1.3566 0.4706 8.0000 0.9225
62 1.5549 0.6694 18.0000 0.5094
62 1.5549 0.6694 18.0000 0.5094
62 1.5860 0.6290 21.0000 0.5363
62 1.4543 0.7097 17.5000 0.5833
62 1.5349 0.6694 20.0000 0.5229
62 1.4978 0.7097 17.0000 0.4348
46 1.4980 0.4545 21.0000 0.9205
88 1.4747 0.6250 33.0000 0.6589
88 1.5009 0.6591 28.5000 0.6531
46 1.1949 0.4130 23.0000 0.6609
14 1.5112 0.4167 8.0000 0.4789
46 1.5090 0.1704 28.0000 0.8740
46 1.4133 0.3296 22.5000 0.9072
46 1.4543 0.4545 22.5000 0.9477
46 1.5094 0.4887 21.0000 0.9477
46 1.4255 0.4659 22.0000 0.9477
46 1.4338 0.5227 19.0000 0.9205
64 1.4045 0.5625 27.5000 0.6006
45 1.2242 0.6744 16.0000 0.8494
46 1.4022 0.2500 29.0000 0.9090
42 1.1488 0.5714 18.0000 0.6012
42 1.1721 0.5476 18.0000 0.6823
32 1.4220 0.5156 15.5000 0.8324
44 1.2836 0.4524 19.5000 0.6606
42 1.2776 0.5357 18.0000 0.8816
42 1.2776 0.4524 21.0000 0.5988
42 1.2180 0.3333 21.0000 0.8090
42 1.3035 0.4167 20.0000 0.7314
42 1.2770 0.4048 22.0000 0.7469
42 1.2658 0.3452 21.5000 0.7252
42 1.2759 0.4000 19.0000 0.7546
44 1.2377 0.4773 19.0000 0.6019
42 1.2873 0.3810 21.0000 0.7605
33 1.2714 0.3226 19.0000 0.8057
33 1.2944 0.3710 19.5000 0.6512
42 1.3413 0.3095 23.0000 0.4995
42 1.2917 0.4524 21.0000 0.7789
19 1.4152 0.4118 10.0000 0.8597
84 1.4879 0.6370 29.0000 0.4363
16 1.1742 0.4167 10.0000 0.6916
60 1.2134 0.4649 28.0000 0.7139
41 1.3644 0.3333 23.0000 0.1349
60 1.1613 0.4396 32.5000 0.6499
86 1.3454 0.5930 34.0000 0.8599
92 1.5772 0.5217 40.5000 0.9558
92 1.4256 0.4728 38.5000 0.9088
88 1.4022 0.4773 36.0000 0.9407
92 1.5278 0.4294 41.0000 0.9127
88 1.6009 0.4262 43.0000 0.9699
88 1.3857 0.4773 37.0000 0.9633
81 1.3511 0.4444 40.0000 0.9369
16 1.3580 0.2857 8.0000 0.9079
16 1.4073 0.3750 9.5000 0.9220
91 1.3371 0.5000 42.5000 0.8379
92 1.3365 0.5054 41.0000 0.8518
91 1.3852 0.4615 46.5000 0.8891
91 1.4321 0.5055 42.0000 0.8110
65 1.2905 0.4062 34.0000 0.8427
16 1.2433 0.3125 10.5000 0.9220
16 1.2903 0.3750 9.5000 0.9220
82 1.3777 0.5915 33.0000 0.6780
923 1.6428 0.5839 352.0000 0.3926
73 1.2201 0.8699 9.5000 0.4737
11 1.6306 0.5455 5.0000 0.6160
73 1.4018 0.6232 26.0000 0.4783
73 1.4138 0.6027 27.0000 0.4726
184 1.5550 0.3641 95.0000 0.2913
22 1.2082 0.0455 15.0000 0.9466
22 1.4945 0.1364 16.0000 0.2555
22 1.3674 0.2954 10.0000 0.9466
28 1.2546 0.5577 12.0000 0.9560
70 1.4791 0.3106 41.0000 0.8131
74 1.4326 0.3857 37.0000 0.9487
72 1.5600 0.3235 42.0000 0.8592
70 1.4667 0.3235 40.0000 0.8478
70 1.5862 0.2803 42.5000 0.8712
72 1.5038 0.2941 44.0000 0.8554
70 1.4094 0.3106 39.0000 0.8131
74 1.4531 0.4143 37.0000 0.9487
70 1.4923 0.3636 38.5000 0.8131
74 1.4764 0.4286 36.5000 0.7703
86 1.1054 0.5000 38.0000 0.6910
87 1.1762 0.5402 33.5000 0.8208
86 1.1379 0.5058 38.0000 0.6910
86 1.1520 0.5174 38.0000 0.8442
86 1.1860 0.5116 38.5000 0.8362
82 1.2642 0.5366 33.0000 0.7311
86 1.1502 0.5174 37.5000 0.7122
87 1.1273 0.5575 37.5000 0.8283
86 1.1648 0.5407 38.0000 0.6528
86 1.1955 0.5116 39.0000 0.8063
86 1.1697 0.5698 35.0000 0.7022
86 1.1583 0.6279 32.0000 0.8222
86 1.1299 0.5000 38.0000 0.7932
87 1.1814 0.5919 33.0000 0.8222
86 1.1391 0.5000 39.0000 0.7300
85 1.1865 0.5706 33.0000 0.8282
86 1.1189 0.5116 38.0000 0.6910
87 1.1683 0.4943 39.5000 0.8283
86 1.2136 0.5488 38.5000 0.7392
86 1.2275 0.5610 38.0000 0.7159
86 1.3280 0.5465 38.0000 0.7551
86 1.3016 0.5639 36.0000 0.8779
42 1.2240 0.5833 16.0000 0.7014
42 1.2388 0.5854 15.5000 0.3660
20 1.3829 0.3000 11.0000 0.7949
20 1.3551 0.3000 12.0000 0.7949
20 1.3810 0.3000 11.0000 0.7949
20 1.3412 0.3000 11.0000 0.7949
20 1.3594 0.3000 11.0000 0.7949
20 1.3821 0.3000 11.0000 0.7949
98 1.3491 0.5255 42.0000 0.8831
42 1.1794 0.4167 22.0000 0.7014
84 1.2460 0.6905 26.0000 0.5637
46 1.4165 0.4432 21.0000 0.9205
82 1.3236 0.7012 24.0000 0.5678
82 1.3110 0.6890 25.5000 0.6079
42 1.3363 0.5476 19.0000 0.8841
11 1.2249 0.3000 7.0000 0.6857
44 1.3120 0.6931 13.5000 0.7019
16 1.3237 0.4667 9.0000 0.3917
16 1.5293 0.5333 8.0000 0.4866
16 1.6176 0.4667 8.5000 0.3917
16 1.4539 0.5333 7.5000 0.4866
16 1.5630 0.4667 9.0000 0.3917
16 1.6177 0.4667 9.0000 0.3917
16 1.6809 0.5333 8.0000 0.3917
16 1.5642 0.4667 9.0000 0.3917
42 1.3039 0.5119 19.5000 0.7605
67 1.5074 0.3231 37.0000 0.8591
39 1.1138 0.3889 25.0000 0.9053
63 1.3264 0.6032 24.0000 0.7450
63 1.3847 0.6190 22.5000 0.7912
20 1.1726 0.5556 9.0000 0.7830
20 1.1980 0.4444 10.0000 0.9324
20 1.2563 0.5000 9.0000 0.9324
20 1.3228 0.3055 11.0000 0.9324
21 1.2932 0.3500 10.0000 0.5165
20 1.2378 0.4500 11.0000 0.7461
42 1.1492 0.4048 19.0000 0.6413
41 1.1716 0.7317 11.0000 0.5442
47 1.9282 0.3191 26.0000 0.6814
47 2.0594 0.3191 26.0000 0.6520
46 1.9852 0.3478 24.0000 0.6813
48 1.9758 0.3333 27.0000 0.6391
40 1.2198 0.6667 13.0000 0.7409
46 1.4261 0.3369 26.5000 0.7991
46 1.8677 0.3043 29.0000 0.6010
46 1.6060 0.3478 29.0000 0.5320
46 1.5056 0.3261 27.0000 0.7739
47 1.8736 0.3617 26.0000 0.6011
47 1.6620 0.2979 27.0000 0.6342
47 1.9245 0.3617 27.0000 0.6304
15 1.2566 0.6923 6.0000 0.8063
55 1.8415 0.2963 32.0000 0.2954
84 1.4975 0.4405 39.5000 0.5712
83 1.4209 0.4638 40.0000 0.5685
62 1.5636 0.6774 18.0000 0.4488
62 1.4716 0.7419 15.5000 0.5148
60 1.6976 0.2881 34.5000 1.0000
59 1.6157 0.2982 30.5000 0.7158
61 1.6428 0.3500 33.5000 0.8655
61 1.6153 0.3667 33.5000 0.8655
62 1.4668 0.7419 16.0000 0.5599
62 1.5048 0.7419 16.0000 0.4985
87 1.3176 0.5344 37.5000 0.3595
87 1.3094 0.4598 42.0000 0.4540
87 1.2667 0.5057 39.0000 0.4923
87 1.3222 0.4943 40.0000 0.4345
87 1.2870 0.5057 38.0000 0.4883
87 1.2992 0.5058 39.0000 0.5329
84 1.3997 0.5774 33.0000 0.5008
84 1.4709 0.6310 31.0000 0.6336
84 1.4352 0.5476 32.0000 0.5102
84 1.4315 0.6190 31.0000 0.4561
84 1.4588 0.5476 33.5000 0.6087
84 1.5248 0.5357 36.5000 0.6773
84 1.4754 0.5476 34.0000 0.5468
84 1.5373 0.5535 36.0000 0.6580
84 1.4636 0.5952 32.0000 0.6335
84 1.4387 0.6011 32.5000 0.6711
84 1.5364 0.5535 35.0000 0.4916
84 1.5423 0.5238 37.0000 0.5720
30 1.6069 0.2963 15.5000 0.8331
28 1.6408 0.3077 15.5000 0.9340
26 1.5368 0.2917 13.5000 0.9242
85 1.5360 0.5706 35.0000 0.1634
85 1.5367 0.5882 35.0000 0.5504
84 1.6237 0.5595 33.5000 0.3501
84 1.5105 0.5774 34.0000 0.4395
83 1.6269 0.5542 32.0000 0.4053
83 1.5386 0.5181 37.0000 0.6371
83 1.4488 0.4819 40.5000 0.5388
20 1.5128 0.2500 13.0000 0.6149
18 1.2117 0.4706 9.0000 0.9320
28 1.4129 0.2692 13.0000 0.8329
29 1.5623 0.3269 15.0000 0.9340
28 1.4030 0.2800 13.0000 0.8790
27 1.5507 0.4800 13.0000 1.0000
28 1.5739 0.2884 15.0000 0.9066
28 1.5740 0.2692 15.0000 0.9340
28 1.6222 0.3077 15.0000 0.9340
75 1.3616 0.5135 32.0000 0.5042
73 1.2200 0.8699 9.5000 0.4737
40 2.0072 0.4103 19.0000 0.7696
31 1.7033 0.4500 21.0000 0.8638
60 1.6220 0.2797 34.0000 0.7445
60 1.6410 0.2627 35.0000 0.6730
12 1.2809 0.5000 6.0000 0.3234
45 1.2511 0.3372 26.5000 0.9476
45 1.3431 0.4186 23.5000 0.9217
45 1.3222 0.4303 24.0000 0.9217
60 1.5973 0.2881 37.0000 0.9126
60 1.6458 0.3051 36.0000 0.8447
45 1.3127 0.2326 30.0000 0.9217
45 1.2498 0.2442 29.0000 0.9204
158 2.2608 0.4076 79.0000 0.1223
17 2.4367 0.3529 11.0000 0.4896
87 1.3288 0.5287 37.0000 0.4920
40 2.0150 0.4211 21.0000 0.8319
73 1.3006 0.7808 16.0000 0.4245
18 1.4430 0.1875 10.0000 0.2680
16 1.4324 0.5000 9.0000 0.8897
16 1.4051 0.6072 6.5000 0.8897
73 1.2823 0.7740 16.0000 0.4959
73 1.1763 0.8425 11.5000 0.5155
91 1.4537 0.4835 41.0000 0.4760
73 1.2257 0.8082 14.0000 0.5064
91 1.4946 0.5055 39.5000 0.8936
73 1.1696 0.8972 7.5000 0.5155
91 1.4710 0.5769 36.0000 0.5989
73 1.4196 0.6232 26.0000 0.6916
62 1.4253 0.6774 19.0000 0.6270
73 1.4143 0.6232 27.0000 0.4716
73 1.3973 0.6164 26.0000 0.4726
40 1.7489 0.4103 22.0000 0.7696
99 1.6370 0.4444 48.0000 0.3974
254 2.0072 0.3917 125.5000 0.6437
229 1.9878 0.4105 117.0000 0.4703
42 2.0280 0.4359 22.0000 0.8320
25 1.3887 0.4348 12.5000 0.7961
25 1.3520 0.4131 12.5000 0.7961
25 1.3725 0.4783 12.0000 0.6652
25 1.4547 0.4131 13.0000 0.9111
22 1.2377 0.0909 13.0000 0.9334
83 1.2906 0.6988 25.0000 0.5807
85 1.2389 0.6588 26.5000 0.6070
82 1.2401 0.7134 23.0000 0.6155
83 1.2140 0.7439 22.0000 0.5230
169 1.3194 0.4260 84.5000 0.4376
910 1.6001 0.6165 318.0000 0.2376
146 1.3760 0.4589 69.5000 0.3537
20 1.2349 0.2778 13.0000 0.9324
15 1.2873 0.6539 6.5000 0.8063
59 1.6724 0.2759 40.0000 0.8158
59 1.6576 0.2845 40.0000 0.8655
73 1.2166 0.8836 8.5000 0.4737
73 1.1742 0.9041 7.0000 0.4852
73 1.2610 0.8630 10.0000 0.4792
73 1.2056 0.8904 8.0000 0.4737
73 1.1845 0.9041 7.0000 0.4737
73 1.2061 0.8630 10.0000 0.4744
103 1.9028 0.4272 52.0000 0.7106
40 1.5471 0.5128 18.5000 0.7987
40 1.9183 0.3947 21.0000 0.7116
40 1.9632 0.3947 21.0000 0.6294
40 1.9006 0.4615 17.0000 0.8320
40 1.8510 0.4359 19.0000 0.7192
40 1.8759 0.4615 19.0000 0.7192
40 1.8320 0.3846 20.0000 0.6774
40 1.8010 0.5385 17.0000 0.8320
44 1.2852 0.5952 17.5000 0.7265
44 1.1668 0.6190 17.0000 0.8799
101 1.9554 0.4306 51.0000 0.6585
103 1.8332 0.4272 51.5000 0.5510
41 1.2580 0.5610 18.0000 0.7077
42 1.4547 0.5238 16.0000 0.7224
295 2.1291 0.3932 149.5000 0.6982
176 1.2321 0.4176 89.0000 0.6889
296 2.0371 0.3851 152.0000 0.4825
59 1.6422 0.2759 41.0000 0.8158
29 1.4501 0.2500 15.0000 0.8329
12 1.3204 0.0833 9.0000 0.3234
12 1.1773 0.0833 8.0000 0.3234
12 1.2292 0.0833 8.5000 0.3234
12 1.3129 0.0833 9.0000 0.3234
12 1.1649 0.5000 6.0000 0.3234
12 1.2282 0.0833 8.0000 0.3234
12 1.2802 0.0000 8.0000 0.4893
12 1.2959 0.0000 9.0000 0.3234
12 1.3282 0.0833 7.5000 0.5101
45 1.2500 0.3571 18.5000 0.9741
87 1.5810 0.4656 40.5000 0.5539
87 1.5105 0.4302 43.0000 0.4173
95 1.1903 0.5426 40.0000 0.8467
238 2.0382 0.3908 123.0000 0.6690
95 1.8894 0.3789 48.0000 0.3434
95 1.9850 0.3948 48.0000 0.4159
13 1.4087 0.3333 8.0000 0.8597
13 1.3164 0.3333 9.0000 0.8597
64 1.4619 0.5391 27.0000 0.6883
64 1.3861 0.5625 27.0000 0.5814
64 1.4551 0.5391 26.5000 0.6564
28 1.5500 0.5714 11.0000 0.6671
29 2.0941 0.4483 13.5000 0.6080
29 2.0596 0.4138 15.0000 0.2828
41 2.0261 0.4024 21.5000 0.7238
87 1.2998 0.5459 36.5000 0.4976
621 2.0407 0.5177 249.0000 0.1844
621 2.0156 0.5185 249.0000 0.1985
19 1.4116 0.1667 11.5000 0.8507
40 2.1662 0.3684 23.5000 0.7634
40 1.9180 0.3333 23.5000 0.7696
40 2.1459 0.3421 24.0000 0.7191
157 1.8253 0.5700 61.0000 0.2909
157 1.8968 0.5128 69.0000 0.3155
163 1.3045 0.4845 78.5000 0.7995
97 1.3300 0.6804 30.5000 0.8774
23 1.6300 0.3913 12.0000 0.3046
386 1.9787 0.4132 187.0000 0.4395
18 1.2327 0.3333 9.0000 0.9324
19 1.2915 0.5263 8.0000 0.8768
14 1.3972 0.3077 8.0000 0.3279
25 1.4626 0.4400 14.0000 0.8301
25 1.4625 0.4400 14.0000 0.8301
25 1.4425 0.5000 12.5000 0.9114
25 1.4768 0.6200 9.5000 1.0000
25 1.5070 0.6800 8.0000 0.5727
25 1.4139 0.6400 9.0000 0.7967
34 1.6792 0.2941 21.0000 0.9121
923 1.6382 0.4880 412.5000 0.3523
923 1.7241 0.4540 441.0000 0.4279
29 1.5766 0.6035 11.0000 0.8309
26 1.3424 0.5417 13.0000 0.7965
26 1.3529 0.5417 13.0000 0.9113
26 1.3526 0.5417 13.0000 0.9113
217 2.0189 0.4631 105.5000 0.4524
458 1.2651 0.7948 89.0000 0.4576
54 1.7416 0.2963 31.0000 0.8337
43 1.5400 0.2326 27.0000 0.6560
25 1.2569 0.2400 14.0000 0.4910
62 1.5064 0.6774 18.5000 0.5363
20 1.3031 0.3000 11.0000 1.0000
20 1.2370 0.4000 11.0000 1.0000
20 1.2736 0.2500 13.0000 1.0000
20 1.2655 0.3000 13.0000 1.0000
19 1.3722 0.3158 12.0000 0.9327
43 1.4748 0.3488 24.5000 0.9063
98 1.2491 0.5612 39.0000 0.8195
55 2.4425 0.3400 30.0000 0.7550
55 2.4782 0.3019 33.0000 0.5945
63 1.2530 0.3770 36.0000 0.9111
944 1.7521 0.5111 405.0000 0.4138
944 1.7387 0.5323 395.5000 0.4247
402 1.2713 0.8172 72.0000 0.4617
109 1.6336 0.4312 53.5000 0.7374
130 2.0774 0.3692 69.0000 0.6046
20 1.2163 0.1053 15.0000 0.2741
98 1.8597 0.4688 45.5000 0.7100
146 1.2351 0.7294 39.0000 0.8031
453 1.1058 0.9007 43.5000 0.4265
146 1.2367 0.7671 34.0000 0.7718
453 1.1215 0.8896 46.5000 0.4012
54 1.5783 0.2314 29.5000 0.9065
85 1.3060 0.4235 43.0000 0.3487
87 1.4987 0.5517 36.0000 0.5534
472 1.0767 0.9778 9.5000 0.1026
927 1.5848 0.5777 358.5000 0.3368
924 1.5989 0.5790 356.0000 0.4154
924 1.6267 0.5746 356.0000 0.3680
924 1.6012 0.5839 352.0000 0.4012
924 1.6029 0.5817 357.0000 0.3713
924 1.6242 0.5676 364.0000 0.3866
924 1.6074 0.5882 353.5000 0.3705
64 1.4623 0.5391 27.0000 0.6883
79 1.7039 0.5063 35.0000 0.4823
928 1.6606 0.5712 369.0000 0.3380
928 1.6401 0.5819 355.5000 0.3738
928 1.6482 0.5852 351.5000 0.3904
928 1.6978 0.5679 367.0000 0.3167
453 1.0701 0.9735 11.5000 0.4216
453 1.0673 0.9823 8.0000 0.5291
453 1.0635 0.9801 9.0000 0.4830
453 1.0675 0.9823 8.0000 0.4499
453 1.0789 0.9713 13.0000 0.3659
453 1.0791 0.9735 11.0000 0.4531
453 1.1038 0.9481 23.5000 0.4385
453 1.0860 0.9680 14.5000 0.3766
24 1.2558 0.4091 11.0000 0.9466
22 1.3312 0.4545 11.0000 0.9466
465 1.1641 0.8462 70.0000 0.3740
52 1.4436 0.2308 30.5000 0.9786
210 2.0318 0.3929 102.5000 0.4686
120 1.3082 0.2583 77.5000 0.9831
62 1.4012 0.1855 42.5000 0.5223
48 1.2645 0.5417 22.0000 0.5821
48 1.2872 0.6146 18.5000 0.5736
49 1.3575 0.6224 18.0000 0.8308
48 1.2221 0.4792 23.0000 0.7237
48 1.3563 0.4271 25.0000 0.8162
48 1.2798 0.5521 20.0000 0.5651
48 1.3834 0.4375 24.0000 0.7852
48 1.2506 0.5000 22.0000 0.8209
48 1.3394 0.4375 25.0000 0.7852
48 1.2445 0.5417 22.0000 0.5821
36 1.9861 0.4286 16.0000 0.4052
98 1.5993 0.4745 47.0000 0.4659
50 1.4028 0.5400 21.0000 0.8371
44 1.2571 0.4286 20.0000 0.9741
944 1.6640 0.5716 377.5000 0.4075
84 1.3849 0.5833 33.0000 0.5863
65 1.2807 0.6154 25.0000 0.9768
242 1.9720 0.3306 136.5000 0.4266
242 1.9974 0.3409 135.0000 0.4929
73 1.1940 0.8493 11.0000 0.5064
71 1.3001 0.2714 52.0000 0.0741
87 1.3649 0.5690 35.0000 0.4501
87 1.1862 0.5230 39.0000 0.5935
87 1.3580 0.6092 33.5000 0.6099
86 1.4034 0.4419 42.5000 0.6155
84 1.3851 0.5476 36.0000 0.6172
51 1.3301 0.5600 21.0000 0.8371
51 1.3716 0.5102 24.0000 0.4467
51 1.3444 0.5100 22.5000 0.8238
51 1.2361 0.5686 20.0000 0.9084
51 1.2791 0.5294 22.5000 0.8752
51 1.2728 0.5588 20.0000 0.7671
51 1.3116 0.4314 25.0000 0.8227
51 1.3979 0.6000 20.0000 0.7354
51 1.3733 0.5000 23.0000 0.7718
51 1.2843 0.5882 20.5000 0.8469
51 1.3287 0.4118 26.0000 0.8752
51 1.3007 0.5392 20.5000 0.8935
51 1.3261 0.4706 24.0000 0.9118
51 1.2712 0.5294 21.0000 0.8752
924 1.6114 0.5758 355.0000 0.3870
86 1.6058 0.3953 45.0000 0.5829
86 1.5934 0.4709 42.5000 0.6072
13 2.8668 0.4615 7.0000 0.6945
14 1.5926 0.1429 11.0000 0.9079
14 1.5627 0.1786 11.0000 0.9079
14 1.5588 0.1071 12.0000 0.9079
14 1.5766 0.1071 12.0000 0.9079
15 1.3965 0.2667 11.0000 0.9215
15 1.6381 0.2667 10.0000 0.9215
15 1.6544 0.2667 11.0000 0.9215
15 1.6321 0.2000 12.0000 0.8239
34 1.4497 0.3677 19.5000 0.4496
35 1.4164 0.4857 17.0000 0.6767
46 1.7171 0.3478 23.5000 0.4707
35 1.6052 0.4571 18.0000 0.5835
32 1.1616 0.7344 8.0000 0.8927
31 1.1559 0.8387 5.0000 0.8251
32 1.1291 0.6562 11.0000 0.8503
32 1.1625 0.7031 9.0000 0.8503
73 1.4632 0.6781 21.0000 0.3639
73 1.2893 0.7260 18.0000 0.5074
73 1.2613 0.6438 23.0000 0.4302
73 1.3848 0.7260 18.5000 0.4093
73 1.2613 0.6438 23.0000 0.4302
73 1.2943 0.7397 19.0000 0.4802
73 1.3288 0.6781 23.0000 0.5295
75 1.6229 0.3200 43.0000 0.7756
42 1.4028 0.2619 29.0000 0.9677
42 1.5868 0.3810 24.0000 0.9848
42 1.5050 0.2857 28.0000 0.9677
42 1.4209 0.4167 23.0000 0.9020
909 1.5658 0.6106 328.0000 0.3305
941 1.5721 0.6147 334.5000 0.3748
947 1.5336 0.6325 319.0000 0.3776
946 1.5639 0.5973 354.5000 0.4276
946 1.5288 0.6015 345.5000 0.4261
946 1.5892 0.5946 355.5000 0.3845
946 1.5583 0.6083 348.5000 0.3926
70 1.4383 0.5214 29.5000 0.4785
621 1.9426 0.5000 251.5000 0.1278
37 1.6720 0.4054 19.0000 0.4135
949 1.5164 0.6306 324.0000 0.3806
949 1.5414 0.6201 332.5000 0.3992
949 1.4508 0.6322 319.5000 0.4230
447 1.1947 0.8098 81.5000 0.2504
35 1.8493 0.3088 22.0000 0.8747
85 1.4592 0.5529 33.0000 0.5449
90 1.4510 0.5111 37.0000 0.8022
90 1.4611 0.4667 43.0000 0.6056
90 1.4524 0.4556 41.5000 0.6183
90 1.4342 0.4667 41.0000 0.6854
90 1.3847 0.5111 38.0000 0.8233
86 1.5058 0.6744 26.5000 0.7487
42 1.3264 0.5000 21.0000 0.9447
57 1.7753 0.2105 33.0000 0.5486
58 1.7351 0.2931 32.0000 0.5545
58 1.6926 0.2931 33.0000 0.7546
58 1.7103 0.2672 33.5000 0.5227
130 1.7042 0.4375 62.0000 0.7679
63 1.3261 0.2258 36.0000 0.9467
63 1.3285 0.2258 36.0000 0.9467
62 1.7589 0.2541 36.0000 0.9263
58 1.6816 0.3362 32.0000 0.6124
58 1.8560 0.3276 31.0000 0.5341
17 1.3881 0.2500 11.0000 0.9092
17 1.3420 0.3125 10.0000 0.9092
66 1.8056 0.3560 37.0000 0.9319
61 1.7024 0.3333 34.0000 0.9000
63 1.9065 0.2698 38.0000 0.9108
66 1.9234 0.2651 39.0000 0.9091
66 1.8186 0.2878 40.5000 0.9245
174 1.6844 0.3994 87.0000 0.5075
118 2.0499 0.4279 57.0000 0.5247
118 2.1946 0.3771 63.0000 0.6647
55 1.3489 0.3396 29.0000 0.9260
55 1.5206 0.3909 28.0000 0.8823
90 1.4108 0.4945 40.0000 0.5252
55 1.4666 0.3909 28.0000 0.8843
55 1.5590 0.3455 29.0000 0.8832
55 1.4909 0.3273 29.0000 0.9077
73 1.1941 0.8493 11.0000 0.5064
949 1.5618 0.6159 339.0000 0.3729
37 1.4826 0.4444 19.0000 0.4681
38 1.5560 0.3243 21.5000 0.4952
239 2.0792 0.4184 119.5000 0.3178
498 1.0901 0.9548 22.5000 0.4482
64 1.4493 0.5078 27.5000 0.5968
457 1.0632 0.9759 11.0000 0.4204
481 1.0672 0.9740 12.5000 0.5060
457 1.0615 0.9759 11.0000 0.4501
457 1.0669 0.9759 11.0000 0.4060
737 1.6031 0.5211 319.0000 0.4959
802 1.4518 0.4950 355.5000 0.5441
853 1.5418 0.5352 356.0000 0.4803
844 1.5762 0.5480 347.5000 0.4346
886 1.5613 0.5576 354.0000 0.4839
881 1.6088 0.5340 369.0000 0.5112
469 1.1172 0.8145 81.0000 0.3426
63 1.2794 0.4262 34.0000 0.9637
47 1.7871 0.1064 42.0000 0.8629
62 1.3001 0.3500 36.5000 0.9637
881 1.3377 0.7072 242.5000 0.6208
66 1.8353 0.3359 36.0000 0.9264
104 1.3229 0.1520 86.0000 0.9899
120 1.3175 0.1738 99.0000 0.9913
80 1.2466 0.1154 68.5000 0.9866
104 1.3049 0.1422 87.5000 0.9899
120 1.3447 0.1356 99.0000 0.9913
80 1.2628 0.0769 69.0000 0.9866
69 1.6534 0.3768 39.0000 0.4402
69 1.7101 0.3768 39.5000 0.4680
69 1.7026 0.3623 40.0000 0.5278
69 1.6677 0.3623 40.0000 0.5255
69 1.7233 0.3623 40.0000 0.5421
69 1.7056 0.3768 39.0000 0.5179
69 1.6643 0.3623 39.0000 0.5104
69 1.6557 0.3478 40.0000 0.5104
69 1.7006 0.3768 39.0000 0.5104
69 1.6741 0.3550 38.5000 0.5503
68 1.7161 0.3382 41.0000 0.5973
72 2.2677 0.2917 46.0000 0.5037
72 2.2164 0.2778 45.5000 0.5013
72 2.2181 0.2917 45.0000 0.5791
72 2.1392 0.3194 45.0000 0.5341
87 1.3660 0.5176 39.5000 0.8653
61 1.7659 0.3500 34.0000 0.9000
52 1.6605 0.2596 30.0000 0.9786
52 1.5103 0.2212 28.0000 1.0000
52 1.5102 0.2212 28.0000 1.0000
52 1.5102 0.2212 28.0000 1.0000
52 1.5102 0.2212 28.0000 1.0000
52 1.4327 0.3077 26.0000 0.9076
52 1.6607 0.2596 29.0000 0.9115
90 1.5466 0.4889 40.0000 0.7259
95 1.4335 0.4842 46.0000 0.6592
79 1.1492 0.6076 30.0000 0.6022
