63 1.1304 0.6825 20.0000 0.4594
63 1.1214 0.6032 25.0000 0.5423
33 1.2358 0.4688 15.0000 0.4466
62 1.0722 0.8387 9.0000 0.3189
62 1.0862 0.8548 9.0000 0.5707
62 1.0872 0.8145 11.0000 0.4617
62 1.0872 0.8145 11.0000 0.4617
62 1.0872 0.8145 11.0000 0.4617
62 1.0872 0.8145 11.0000 0.4617
62 1.0873 0.8145 11.0000 0.4617
34 1.4043 0.4118 16.0000 0.1447
34 1.4496 0.2941 18.0000 0.2842
34 1.5557 0.4412 13.5000 0.2842
42 1.2111 0.4286 23.0000 0.7252
62 1.0863 0.8387 10.0000 0.5522
62 1.1064 0.8548 9.0000 0.5262
62 1.0863 0.8387 10.0000 0.5522
62 1.1064 0.8548 9.0000 0.5262
62 1.0863 0.8387 10.0000 0.5522
62 1.1064 0.8548 9.0000 0.5262
42 1.2191 0.5238 20.0000 0.7615
41 1.3192 0.3846 20.0000 0.1137
42 1.1429 0.5238 20.0000 0.7252
46 1.3394 0.2841 25.0000 0.9477
33 1.1937 0.5625 12.0000 0.8552
46 1.2959 0.3182 26.0000 0.9205
42 1.2751 0.4625 22.0000 0.7411
20 1.3174 0.3333 10.0000 0.9324
62 1.1042 0.8197 12.0000 0.2632
62 1.0980 0.8197 12.0000 0.2632
19 1.3403 0.4706 7.0000 0.9225
62 1.0897 0.8226 10.0000 0.3094
62 1.0897 0.8226 10.0000 0.3094
62 1.1010 0.7903 12.0000 0.3626
62 1.1403 0.8952 6.5000 0.3821
62 1.1222 0.8790 7.5000 0.5909
62 1.1500 0.8871 6.5000 0.6029
46 1.2495 0.2841 26.0000 0.9477
88 1.2149 0.5682 36.0000 0.6523
88 1.1784 0.5455 35.0000 0.6366
46 1.1657 0.4783 23.0000 0.6609
14 1.0960 0.3333 8.0000 0.8106
46 1.2711 0.3636 26.0000 0.9205
46 1.3322 0.2727 30.0000 0.9205
46 1.3666 0.2955 27.0000 0.9477
46 1.3537 0.3068 26.0000 0.9065
46 1.3636 0.2727 27.0000 0.9477
64 1.2064 0.6094 23.0000 0.4227
45 1.1849 0.6279 18.0000 0.6717
46 1.2900 0.3637 21.5000 0.8243
42 1.1243 0.6667 14.0000 0.8799
42 1.1225 0.6548 14.5000 0.8799
32 1.1401 0.5312 14.0000 0.7847
44 1.2523 0.5119 21.0000 0.7842
42 1.1388 0.5000 21.0000 0.7014
42 1.1994 0.5476 19.0000 0.7224
42 1.2550 0.4643 20.5000 0.9113
42 1.2612 0.5476 19.0000 0.8816
42 1.1240 0.5952 17.0000 0.7224
42 1.2065 0.5238 19.0000 0.8216
42 1.2621 0.4250 23.0000 0.7282
44 1.2478 0.5909 18.0000 0.6841
42 1.2433 0.5000 21.0000 0.7923
33 1.3748 0.3387 17.0000 0.4982
33 1.2362 0.2903 20.0000 0.3676
42 1.2370 0.4881 20.0000 0.4864
42 1.1917 0.5357 19.5000 0.8681
19 1.3279 0.4706 9.5000 0.7395
84 1.2046 0.4703 41.0000 0.4767
41 1.4243 0.3846 21.0000 0.1097
16 1.2322 0.0416 10.0000 0.2513
60 1.2131 0.5965 23.0000 0.3801
41 1.4249 0.4615 21.0000 0.1470
60 1.1642 0.6293 21.5000 0.8024
41 1.4886 0.4737 22.0000 0.1163
86 1.1502 0.6337 31.0000 0.8514
92 1.2020 0.4783 43.5000 0.9558
92 1.1926 0.4239 46.0000 0.9394
88 1.1522 0.4659 39.0000 0.9558
92 1.2613 0.4130 48.5000 0.9140
88 1.1957 0.4886 40.0000 0.6538
88 1.1735 0.4943 39.5000 0.6345
81 1.1559 0.4629 41.0000 0.8716
16 1.2759 0.3928 9.0000 0.8078
16 1.2160 0.4375 9.0000 0.9220
91 1.2051 0.5667 35.0000 0.7201
92 1.1767 0.5870 37.0000 0.6175
91 1.2161 0.5604 36.0000 0.6174
91 1.1458 0.5440 39.0000 0.3965
65 1.2647 0.5703 26.5000 0.6079
16 1.1163 0.0625 10.0000 0.9220
16 1.1387 0.0625 10.0000 0.9220
82 1.2027 0.6220 27.0000 0.3886
923 1.2067 0.7194 243.5000 0.4481
73 1.0639 0.9041 7.0000 0.4538
11 1.1958 0.1818 9.0000 0.2756
73 1.2041 0.6575 25.0000 0.5118
73 1.2052 0.6575 25.0000 0.5486
184 1.2291 0.3451 99.0000 0.4580
22 1.2915 0.1818 15.0000 0.8313
22 1.3795 0.4091 12.0000 0.6576
22 1.3180 0.1364 12.0000 0.8906
28 1.2858 0.3462 12.5000 0.9101
70 1.3176 0.2879 34.0000 0.7607
74 1.2836 0.4714 33.5000 0.6625
72 1.3250 0.2647 39.0000 0.8259
70 1.3527 0.1397 37.5000 0.8425
70 1.3037 0.2424 38.0000 0.8553
72 1.2754 0.1691 40.0000 0.7917
70 1.3251 0.3333 33.0000 0.7467
74 1.3311 0.4286 35.5000 0.7388
70 1.2817 0.3788 34.0000 0.7976
74 1.2739 0.4286 37.0000 0.7889
86 1.1631 0.5814 33.0000 0.5774
87 1.1826 0.5172 38.0000 0.6763
86 1.1636 0.6047 32.0000 0.6094
86 1.1683 0.5233 38.0000 0.6934
86 1.1938 0.5465 34.5000 0.7887
82 1.1463 0.5488 31.0000 0.5300
86 1.1591 0.5174 38.5000 0.7264
87 1.1381 0.5344 37.5000 0.5854
86 1.1793 0.5523 34.5000 0.7572
86 1.1658 0.5407 36.0000 0.5788
86 1.1667 0.5291 36.0000 0.7789
86 1.1697 0.5523 35.0000 0.6779
86 1.1761 0.5756 34.0000 0.6149
87 1.1954 0.5172 39.0000 0.6651
86 1.2180 0.5581 36.0000 0.6764
85 1.1648 0.5294 37.5000 0.7209
86 1.1505 0.6279 30.5000 0.6537
87 1.1290 0.5287 37.0000 0.5101
86 1.1172 0.6341 32.0000 0.4492
86 1.1315 0.6402 31.0000 0.4403
86 1.1229 0.6279 30.5000 0.8867
86 1.1548 0.5872 34.5000 0.8785
42 1.1847 0.6667 14.0000 0.8646
20 1.1577 0.4000 11.0000 0.3042
20 1.1528 0.4000 11.0000 0.3042
20 1.1843 0.4000 11.0000 0.3042
20 1.2000 0.4000 11.0000 0.3042
20 1.1606 0.4000 11.0000 0.3042
20 1.1994 0.4000 11.0000 0.3042
98 1.1791 0.5204 42.5000 0.9160
42 1.2113 0.5595 18.0000 0.8816
84 1.1527 0.7084 24.0000 0.4876
46 1.3490 0.2955 26.5000 0.9341
82 1.0922 0.7927 17.0000 0.6007
82 1.1975 0.7012 23.0000 0.4598
42 1.1568 0.6667 14.0000 0.8493
11 1.3337 0.2000 5.0000 0.6857
44 1.2841 0.5227 19.0000 0.6802
16 1.2500 0.5000 7.0000 0.3917
16 1.3423 0.6000 6.0000 0.4866
16 1.2215 0.5333 6.0000 0.3917
16 1.2838 0.5333 8.0000 0.4866
16 1.1970 0.4667 6.0000 0.3917
16 1.2422 0.5333 6.0000 0.3917
16 1.2521 0.6000 6.0000 0.3917
16 1.2931 0.4667 6.5000 0.3917
42 1.2369 0.5119 20.5000 0.7842
67 1.2956 0.3385 36.0000 0.7687
39 1.3407 0.4028 21.5000 0.9053
63 1.1159 0.6349 21.0000 0.8515
63 1.1330 0.7460 16.0000 0.8515
20 1.3402 0.1667 12.0000 0.2311
20 1.2377 0.3889 11.0000 0.8964
20 1.1740 0.4444 10.0000 0.8605
20 1.2896 0.1111 12.0000 0.8605
21 1.1082 0.4000 11.0000 0.8615
20 1.1659 0.3000 10.0000 0.8102
42 1.1797 0.5000 21.0000 0.7615
41 1.1736 0.7317 11.0000 0.2633
47 1.2889 0.4468 23.0000 0.7542
47 1.2779 0.4255 24.0000 0.6520
46 1.2663 0.4565 22.0000 0.8004
48 1.2737 0.4375 24.0000 0.6261
40 1.1530 0.5641 17.0000 0.8029
46 1.4195 0.4456 22.5000 0.5939
46 1.4892 0.4348 24.0000 0.4492
46 1.4204 0.4565 24.0000 0.7058
46 1.3787 0.5000 21.0000 0.5939
47 1.3435 0.3191 24.5000 0.5752
47 1.4240 0.4894 22.0000 0.6744
47 1.3784 0.3724 26.0000 0.5940
15 1.0913 0.3846 8.0000 0.8063
55 1.4732 0.3704 31.0000 0.2685
84 1.2235 0.4405 37.0000 0.3780
83 1.2603 0.4036 41.0000 0.3489
62 1.0962 0.8226 10.0000 0.3094
62 1.0873 0.8145 11.0000 0.4617
60 1.3569 0.4237 28.5000 0.5859
59 1.3893 0.3597 31.5000 0.4418
61 1.3375 0.4000 30.5000 0.6103
61 1.3501 0.4167 30.0000 0.6240
62 1.0863 0.8387 10.0000 0.5522
62 1.1064 0.8548 9.0000 0.5262
87 1.1658 0.5172 35.0000 0.5631
87 1.1609 0.5690 35.5000 0.3849
87 1.1850 0.5230 39.0000 0.2672
87 1.1321 0.5287 39.0000 0.4733
87 1.1785 0.5805 35.0000 0.5796
87 1.1587 0.5575 37.0000 0.5659
84 1.1244 0.4643 39.0000 0.5587
84 1.1603 0.5238 38.0000 0.5895
84 1.1199 0.5000 36.0000 0.6125
84 1.1570 0.5000 36.5000 0.4716
84 1.1814 0.4881 38.0000 0.6081
84 1.1491 0.5357 36.0000 0.5420
84 1.1947 0.5060 37.0000 0.6153
84 1.1723 0.5357 36.0000 0.5420
84 1.1596 0.5238 39.0000 0.4589
84 1.1543 0.5238 37.5000 0.6905
84 1.1211 0.5000 38.0000 0.5248
84 1.1469 0.5238 38.0000 0.4402
30 1.3701 0.3333 17.0000 0.8794
28 1.2731 0.3846 17.0000 0.8792
26 1.3112 0.4791 13.5000 0.9242
85 1.1619 0.5412 37.0000 0.1617
85 1.2173 0.4588 41.0000 0.4365
84 1.1825 0.5952 32.0000 0.3343
84 1.1954 0.5476 36.5000 0.3307
83 1.1777 0.5181 37.0000 0.5190
83 1.1957 0.5663 34.0000 0.4474
83 1.1847 0.5000 38.5000 0.6073
20 1.1421 0.3000 12.0000 0.6581
18 1.1686 0.2353 10.0000 0.8597
28 1.2907 0.3462 17.0000 0.8792
29 1.3275 0.4231 16.0000 0.9340
28 1.2279 0.5200 13.0000 0.9339
27 1.2410 0.4800 15.0000 0.9339
28 1.2555 0.3846 15.0000 0.9340
28 1.2487 0.4231 14.0000 0.9340
28 1.2600 0.3846 16.0000 0.9340
75 1.1917 0.6622 20.5000 0.3930
73 1.0639 0.9041 7.0000 0.4538
40 1.3422 0.3205 20.0000 0.6774
31 1.2816 0.5000 19.0000 0.3990
60 1.4246 0.3390 31.0000 0.4419
60 1.4145 0.3220 31.0000 0.5677
12 1.3891 0.6667 4.0000 0.3234
45 1.3399 0.2907 25.5000 0.9217
45 1.3319 0.3023 22.5000 0.8938
45 1.3817 0.3023 26.0000 0.9217
60 1.4049 0.2797 33.5000 0.3251
60 1.3017 0.2373 33.0000 0.2656
45 1.3563 0.3721 25.0000 0.9476
45 1.3953 0.3023 25.0000 0.9204
158 1.2974 0.4586 74.0000 0.0884
17 1.3196 0.3235 11.5000 0.4896
87 1.1312 0.5747 37.0000 0.6132
40 1.3437 0.3553 20.0000 0.6596
73 1.1385 0.8904 8.0000 0.4059
18 1.1274 0.1250 9.0000 0.2680
16 1.3531 0.5714 7.0000 0.8897
16 1.2560 0.3571 9.5000 0.5621
73 1.0948 0.9246 5.5000 0.4959
73 1.0988 0.8972 7.5000 0.4959
91 1.2293 0.4615 43.0000 0.4772
73 1.0995 0.9246 5.5000 0.4852
91 1.2177 0.5220 38.5000 0.4233
73 1.0696 0.9589 3.0000 0.4959
91 1.1802 0.5440 35.5000 0.5398
73 1.1904 0.6301 26.0000 0.7550
62 1.1807 0.6613 20.0000 0.3837
73 1.1903 0.6096 27.5000 0.5298
73 1.1891 0.6164 27.0000 0.4980
40 1.4397 0.3077 21.0000 0.7192
99 1.3264 0.4545 45.5000 0.3461
254 1.2631 0.4114 119.0000 0.4960
229 1.2721 0.4519 104.5000 0.2844
42 1.3850 0.5385 18.0000 0.8154
25 1.1414 0.6957 8.0000 0.7961
25 1.2081 0.4783 10.5000 0.7961
25 1.2071 0.6522 9.0000 0.6652
25 1.2489 0.6522 9.0000 0.9111
22 1.3696 0.0455 13.0000 0.9334
83 1.1376 0.6867 24.0000 0.4838
85 1.1662 0.7765 19.0000 0.6070
82 1.1679 0.6951 22.5000 0.4238
83 1.1442 0.7439 20.5000 0.2395
169 1.2208 0.4438 82.5000 0.4514
910 1.2174 0.6901 256.0000 0.1830
146 1.2101 0.4829 69.0000 0.4726
20 1.2085 0.2778 11.0000 0.8605
15 1.1042 0.6154 7.0000 0.8063
59 1.3864 0.2845 32.0000 0.5634
59 1.3801 0.3621 30.5000 0.6239
73 1.0954 0.8767 9.0000 0.4737
73 1.0949 0.8836 8.5000 0.2432
73 1.0985 0.9041 7.0000 0.2544
73 1.0832 0.8904 8.0000 0.4737
73 1.0785 0.9109 6.5000 0.4737
73 1.0771 0.9041 7.0000 0.2432
103 1.2119 0.5049 47.0000 0.6808
40 1.3394 0.2564 23.0000 0.7987
40 1.3773 0.3816 18.5000 0.7464
40 1.3317 0.3947 17.5000 0.5927
40 1.4517 0.5385 18.0000 0.5758
40 1.4813 0.5256 17.0000 0.3280
40 1.4264 0.5128 20.0000 0.2852
44 1.2675 0.4524 21.0000 0.6012
44 1.2810 0.5238 20.0000 0.8137
101 1.2434 0.5297 43.5000 0.5547
103 1.2298 0.5049 47.0000 0.4686
41 1.2979 0.4634 20.0000 0.7077
42 1.3176 0.5357 17.0000 0.7001
295 1.2462 0.5153 123.0000 0.6757
176 1.2132 0.4148 83.5000 0.3660
296 1.2649 0.4662 138.0000 0.5358
59 1.3729 0.3103 32.0000 0.5132
29 1.3775 0.3846 15.5000 0.9066
12 1.3942 0.1667 8.0000 0.3234
12 1.2589 0.0000 8.5000 0.3234
12 1.2115 0.1667 7.0000 0.3234
12 1.2950 0.1667 8.5000 0.3234
12 1.2544 0.4584 6.5000 0.3234
12 1.2268 0.2500 8.0000 0.6969
12 1.2522 0.2500 8.0000 0.6969
12 1.1735 0.5000 6.0000 0.6969
12 1.1293 0.2500 8.0000 0.6969
45 1.2698 0.3214 20.0000 0.9204
87 1.1623 0.5344 37.0000 0.5444
87 1.1995 0.6104 32.0000 0.4654
95 1.1812 0.5532 41.0000 0.8320
238 1.2584 0.4580 103.5000 0.6413
95 1.3744 0.4632 42.0000 0.2659
95 1.3328 0.5368 39.0000 0.1048
13 1.0559 0.1667 11.0000 0.8597
13 1.0538 0.2500 8.0000 0.8597
64 1.2001 0.4688 32.0000 0.5961
64 1.2187 0.3984 32.5000 0.5961
64 1.2017 0.4219 31.0000 0.3436
28 1.3093 0.6429 9.0000 0.6671
28 1.2905 0.3571 13.5000 0.4035
29 1.1708 0.5862 10.0000 0.2428
29 1.2725 0.3793 15.0000 0.3485
41 1.4022 0.4390 19.0000 0.6191
87 1.1242 0.6322 32.0000 0.5154
621 1.4305 0.5684 244.5000 0.1375
621 1.4094 0.5716 245.0000 0.1444
19 1.1121 0.2222 8.0000 0.7621
40 1.3784 0.4474 20.0000 0.5139
40 1.4150 0.4615 19.0000 0.6139
40 1.4445 0.4737 18.0000 0.6419
157 1.2161 0.6688 44.0000 0.3525
157 1.2424 0.6274 52.0000 0.2569
163 1.1606 0.5062 73.0000 0.7917
97 1.1724 0.5670 36.0000 0.8563
23 1.3969 0.4783 10.0000 0.2788
386 1.2573 0.5933 139.5000 0.3513
18 1.2757 0.1111 11.0000 0.2311
19 1.2315 0.2632 9.5000 0.8768
14 1.2412 0.2308 10.0000 0.8607
25 1.2085 0.8200 4.5000 0.9114
25 1.2083 0.8200 4.5000 0.9114
25 1.1814 0.7600 6.0000 1.0000
25 1.2167 0.8400 4.0000 1.0000
25 1.2782 0.7600 6.0000 0.5727
25 1.1018 0.8400 4.0000 0.7967
34 1.2592 0.4118 20.0000 0.8395
923 1.2437 0.5433 379.5000 0.3095
923 1.3289 0.4903 410.5000 0.3831
29 1.2450 0.6552 10.0000 0.9118
26 1.2246 0.6875 8.0000 0.7311
26 1.3006 0.7291 7.5000 0.9113
26 1.3004 0.7291 7.5000 0.9113
217 1.2799 0.5276 90.0000 0.3582
458 1.1120 0.8941 46.5000 0.4356
54 1.3707 0.3797 30.0000 0.7433
43 1.3279 0.3953 22.0000 0.6720
25 1.3121 0.3600 15.0000 0.4208
62 1.1132 0.8065 11.0000 0.5216
20 1.2195 0.4000 11.0000 1.0000
20 1.2612 0.2500 10.0000 1.0000
20 1.2588 0.5000 10.0000 1.0000
20 1.2727 0.5500 9.0000 1.0000
19 1.2046 0.3158 13.0000 1.0000
43 1.2845 0.4303 20.0000 0.8879
98 1.1626 0.5714 40.5000 0.4936
55 1.4146 0.3300 31.0000 0.9470
55 1.3906 0.2453 29.0000 0.5095
63 1.3370 0.4426 30.5000 0.9281
944 1.2124 0.6283 323.5000 0.4045
944 1.1938 0.6517 309.5000 0.4047
402 1.1013 0.8869 45.5000 0.4414
109 1.1512 0.3899 53.0000 0.7835
130 1.2591 0.4000 68.0000 0.5276
20 1.2208 0.3158 14.0000 0.2741
98 1.2102 0.6510 31.5000 0.5797
146 1.1237 0.6884 45.5000 0.6938
453 1.0783 0.8797 51.0000 0.5357
146 1.1370 0.7123 42.0000 0.8286
453 1.0734 0.8797 50.5000 0.4615
54 1.1766 0.2963 32.0000 0.8807
85 1.1635 0.5412 34.0000 0.6010
87 1.1939 0.5517 37.0000 0.5736
472 1.0462 0.9831 8.0000 0.1440
927 1.1618 0.7006 262.5000 0.3254
924 1.1569 0.6959 266.0000 0.3271
924 1.1551 0.6981 265.0000 0.3682
924 1.1679 0.6959 263.5000 0.3605
924 1.1561 0.7100 252.0000 0.3498
924 1.1668 0.6894 267.0000 0.3846
924 1.1631 0.6986 264.5000 0.3390
64 1.2001 0.4688 32.0000 0.5961
79 1.2860 0.5823 33.0000 0.2995
928 1.1820 0.7037 253.5000 0.4156
928 1.1715 0.7209 243.0000 0.4090
928 1.1692 0.7285 241.0000 0.4078
928 1.1657 0.6886 273.0000 0.3046
453 1.0540 0.9812 8.5000 0.4894
453 1.0541 0.9812 8.5000 0.4365
453 1.0529 0.9868 6.0000 0.5148
453 1.0501 0.9779 10.0000 0.4815
453 1.0617 0.9823 8.0000 0.3781
453 1.0557 0.9790 8.5000 0.4331
453 1.0588 0.9735 12.0000 0.3614
453 1.0595 0.9790 9.5000 0.4746
24 1.1474 0.2727 11.0000 0.8906
22 1.2481 0.3636 12.0000 0.9466
465 1.0907 0.8968 47.5000 0.4401
52 1.3335 0.1634 31.0000 0.9567
210 1.3010 0.5143 87.0000 0.4989
120 1.3399 0.2709 84.5000 0.9745
62 1.3443 0.2419 43.5000 0.5223
48 1.2664 0.6458 15.5000 0.4551
48 1.2247 0.6667 14.0000 0.4353
49 1.2509 0.4898 22.0000 0.3058
48 1.1621 0.5625 20.0000 0.1293
48 1.2813 0.5208 20.0000 0.8406
48 1.2082 0.5833 17.0000 0.3277
48 1.2767 0.5000 18.0000 0.5778
48 1.3027 0.5417 19.0000 0.3727
48 1.2636 0.4792 21.5000 0.5121
48 1.3093 0.6250 17.0000 0.3035
36 1.3240 0.3429 19.0000 0.4052
98 1.1806 0.3673 51.0000 0.2464
50 1.1839 0.6000 18.5000 0.8670
44 1.4095 0.2619 23.0000 0.9476
944 1.1713 0.7179 254.5000 0.3871
84 1.1476 0.6429 30.0000 0.6584
65 1.2196 0.5154 27.0000 0.9768
242 1.3035 0.3244 125.0000 0.3272
242 1.2857 0.3223 125.0000 0.3295
73 1.0652 0.8356 12.0000 0.4852
87 1.1349 0.6207 32.0000 0.5389
87 1.1218 0.6380 31.5000 0.5138
87 1.1336 0.5862 35.0000 0.6402
86 1.1482 0.5233 36.0000 0.7215
84 1.1803 0.4643 41.0000 0.3461
51 1.2712 0.5000 23.0000 0.7884
51 1.2329 0.5306 21.0000 0.4941
51 1.2724 0.5500 21.0000 0.7884
51 1.2637 0.4314 26.0000 0.5603
51 1.2425 0.5294 24.0000 0.5717
51 1.1807 0.5784 21.5000 0.6036
51 1.1945 0.4412 24.5000 0.5534
51 1.3145 0.4800 24.0000 0.7628
51 1.3121 0.4800 24.0000 0.7069
51 1.2132 0.4804 23.0000 0.6840
51 1.2056 0.4804 24.5000 0.5794
51 1.2004 0.5000 24.5000 0.5575
51 1.2168 0.4510 26.0000 0.4970
51 1.2108 0.5294 21.0000 0.6394
924 1.1612 0.6921 263.5000 0.3423
86 1.1509 0.5000 41.5000 0.8153
86 1.1734 0.4767 44.0000 0.5020
13 1.2916 0.2308 10.0000 0.6945
14 1.3659 0.0714 11.5000 0.8579
14 1.1869 0.2143 11.0000 0.9079
14 1.2457 0.0714 12.0000 0.9079
14 1.2611 0.1429 11.0000 0.9079
15 1.1274 0.2000 12.0000 0.9215
15 1.1237 0.2000 11.0000 0.9215
15 1.1432 0.0667 13.0000 0.9215
15 1.2893 0.1333 12.0000 0.8239
34 1.3811 0.3824 17.0000 0.4238
35 1.2839 0.5000 15.0000 0.4943
46 1.2906 0.3043 26.0000 0.2874
35 1.3395 0.3715 17.0000 0.4534
32 1.1657 0.6562 10.5000 0.7960
31 1.1488 0.6935 9.5000 0.8501
32 1.1832 0.6875 10.0000 0.7946
32 1.1395 0.5625 11.0000 0.8503
73 1.1176 0.7397 19.0000 0.6885
73 1.1161 0.7945 15.0000 0.8210
73 1.1398 0.6849 18.0000 0.4737
73 1.1258 0.7808 16.0000 0.4046
73 1.1397 0.6849 18.0000 0.4737
73 1.0932 0.8356 12.0000 0.2379
73 1.1204 0.8219 13.0000 0.5120
75 1.2240 0.4133 37.0000 0.8427
42 1.2891 0.4048 22.0000 0.9696
42 1.2130 0.3690 25.0000 0.9363
42 1.2732 0.4286 24.0000 0.9696
42 1.2508 0.3571 25.0000 0.9696
909 1.1591 0.6645 277.0000 0.3242
941 1.1993 0.6748 276.5000 0.3610
947 1.1767 0.7133 258.5000 0.3191
946 1.1674 0.7707 208.5000 0.3571
946 1.1610 0.7748 202.5000 0.3347
946 1.1574 0.7833 197.5000 0.3775
946 1.1502 0.7859 196.0000 0.3400
70 1.1759 0.4571 33.0000 0.4844
621 1.5205 0.5337 268.5000 0.1653
37 1.4032 0.3784 18.0000 0.2749
949 1.1509 0.7977 181.5000 0.3002
949 1.1441 0.7882 188.5000 0.2850
949 1.1496 0.7840 189.5000 0.3830
447 1.1192 0.8523 64.0000 0.2741
35 1.3045 0.1765 20.5000 0.9526
85 1.1718 0.5412 36.0000 0.5278
90 1.1643 0.4389 43.5000 0.8718
90 1.1269 0.4667 43.0000 0.6040
90 1.1983 0.4333 44.0000 0.7804
90 1.1854 0.4556 44.0000 0.7340
90 1.1784 0.5167 41.0000 0.8867
86 1.1621 0.5814 33.0000 0.7994
42 1.3425 0.3625 25.0000 0.9447
57 1.3830 0.2105 34.0000 0.5701
58 1.3513 0.1897 35.0000 0.4797
58 1.3257 0.2586 33.5000 0.5037
58 1.4206 0.2069 34.0000 0.4797
130 1.2552 0.6211 43.0000 0.7218
63 1.2716 0.2984 32.0000 0.9281
63 1.2866 0.3065 32.0000 0.9374
62 1.2353 0.3934 32.5000 0.9297
58 1.3334 0.2586 31.5000 0.6119
58 1.3464 0.2586 33.0000 0.5230
17 1.2520 0.2500 10.0000 0.8099
17 1.1179 0.2500 10.0000 0.6986
66 1.2437 0.5000 28.0000 0.8564
61 1.2371 0.4333 31.0000 0.8730
63 1.2059 0.5397 28.0000 0.8770
66 1.2835 0.4924 30.5000 0.8702
66 1.2399 0.4773 29.5000 0.8472
174 1.2218 0.3822 88.5000 0.3565
118 1.3417 0.3771 63.0000 0.4159
118 1.3266 0.3390 68.0000 0.5086
55 1.2213 0.3396 33.0000 0.8270
55 1.3388 0.3636 30.0000 0.8928
90 1.1453 0.5612 36.5000 0.5020
55 1.3235 0.3545 30.0000 0.9261
55 1.2534 0.3273 31.0000 0.8832
55 1.2696 0.3636 30.5000 0.8690
73 1.0652 0.8356 12.0000 0.4852
949 1.1498 0.7819 194.5000 0.3319
37 1.3735 0.3611 21.0000 0.5108
38 1.3281 0.2973 20.0000 0.5266
239 1.2715 0.4561 111.0000 0.2313
498 1.0651 0.9598 20.0000 0.4051
64 1.2496 0.5312 28.0000 0.6547
457 1.0507 0.9781 10.0000 0.4243
481 1.0529 0.9698 14.5000 0.4594
457 1.0527 0.9770 10.5000 0.4235
457 1.0558 0.9781 10.0000 0.4765
737 1.1925 0.5800 278.0000 0.3603
802 1.1883 0.5630 316.0000 0.4674
853 1.1721 0.6125 294.5000 0.4060
844 1.1741 0.6357 279.0000 0.3911
886 1.1880 0.6365 287.0000 0.4451
881 1.1882 0.6140 308.5000 0.3427
469 1.0785 0.8497 66.5000 0.3650
63 1.3161 0.3934 32.0000 0.9637
47 1.3670 0.2766 33.0000 0.8222
62 1.2893 0.3500 31.0000 0.9637
881 1.1565 0.7095 228.5000 0.5358
66 1.2340 0.3984 34.0000 0.8919
104 1.3609 0.1373 71.0000 0.9899
120 1.3947 0.1356 79.5000 0.9825
80 1.3428 0.1603 54.5000 0.9730
104 1.3500 0.2108 71.5000 0.9899
120 1.3558 0.1399 80.5000 0.9913
80 1.4078 0.2628 52.5000 0.9730
69 1.3020 0.2754 41.0000 0.5088
69 1.3151 0.2681 41.5000 0.4057
69 1.3151 0.2754 41.0000 0.5421
69 1.3071 0.2754 41.0000 0.4188
69 1.2613 0.2754 41.0000 0.4745
69 1.2857 0.2899 40.0000 0.4800
69 1.2629 0.2899 39.5000 0.5271
69 1.2572 0.2899 38.0000 0.4715
69 1.2679 0.3333 40.0000 0.4715
69 1.2281 0.3188 38.0000 0.4954
68 1.2740 0.3088 38.5000 0.6156
72 1.2762 0.3333 40.0000 0.4968
72 1.2744 0.3333 42.0000 0.5077
72 1.2644 0.3194 43.0000 0.4839
72 1.2792 0.3125 42.0000 0.5138
87 1.1521 0.6118 31.0000 0.6740
61 1.2326 0.4416 32.0000 0.9000
52 1.2529 0.2692 33.0000 1.0000
52 1.3204 0.3173 31.5000 1.0000
52 1.3203 0.3173 32.0000 1.0000
52 1.3203 0.3173 32.0000 1.0000
52 1.3203 0.3173 32.0000 1.0000
52 1.2647 0.3654 30.0000 0.9567
52 1.3123 0.2596 30.0000 0.9353
90 1.2162 0.5500 36.0000 0.4413
95 1.2524 0.4632 44.0000 0.4066
79 1.1336 0.6456 27.0000 0.5895
