63 1.1737 0.6667 21.0000 0.4748
63 1.1719 0.6746 20.5000 0.5049
33 1.1863 0.5625 15.0000 0.3962
62 1.1366 0.7661 14.0000 0.5781
62 1.1331 0.8871 7.0000 0.5094
62 1.1563 0.7742 13.5000 0.5747
62 1.1563 0.7742 13.5000 0.5747
62 1.1562 0.7742 13.5000 0.5747
62 1.1563 0.7742 13.5000 0.5747
62 1.1562 0.7742 13.5000 0.5747
34 1.5033 0.3529 21.0000 0.2842
34 1.5027 0.2941 22.5000 0.2842
34 1.5132 0.3529 21.0000 0.2842
42 1.2188 0.5714 17.0000 0.8474
62 1.1515 0.8548 9.0000 0.5677
62 1.1704 0.8387 10.0000 0.5262
62 1.1515 0.8548 9.0000 0.5677
62 1.1704 0.8387 10.0000 0.5262
62 1.1515 0.8548 9.0000 0.5677
62 1.1704 0.8387 10.0000 0.5262
42 1.2035 0.6071 16.0000 0.8474
42 1.2338 0.5000 19.0000 0.7063
46 1.2630 0.4773 24.0000 0.9072
33 1.0571 0.6562 12.0000 0.8980
46 1.2129 0.4091 26.0000 0.7339
42 1.1247 0.5000 18.0000 0.8569
20 1.2079 0.0556 12.0000 0.7830
62 1.1460 0.9016 7.0000 0.2213
62 1.1487 0.8934 7.5000 0.2213
19 1.2133 0.1176 14.0000 0.9225
62 1.1774 0.7742 13.0000 0.5614
62 1.1774 0.7742 13.0000 0.5614
62 1.1826 0.7258 17.0000 0.5712
62 1.1648 0.7984 12.0000 0.5514
62 1.1269 0.8387 10.0000 0.3535
62 1.1448 0.8387 10.0000 0.5927
46 1.1662 0.4432 25.0000 0.7124
88 1.3459 0.6136 33.0000 0.6531
88 1.3757 0.6705 28.0000 0.6531
46 1.2186 0.5217 21.5000 0.6517
14 1.2265 0.2500 10.0000 0.4789
46 1.2081 0.3409 21.5000 0.8945
46 1.3364 0.3636 22.0000 0.8939
46 1.2096 0.3522 25.5000 0.8099
46 1.2197 0.3864 25.0000 0.7339
46 1.2813 0.4432 24.0000 0.6885
46 1.2387 0.3068 26.0000 0.9205
64 1.1929 0.6797 19.0000 0.7888
45 1.1603 0.6047 19.0000 0.7518
42 1.1753 0.5476 16.5000 0.8137
42 1.1610 0.5476 17.0000 0.7973
32 1.2250 0.6719 10.5000 0.8324
44 1.2659 0.4643 18.5000 0.8725
42 1.1945 0.5000 20.0000 0.8493
42 1.2311 0.6905 13.0000 0.5303
42 1.2124 0.5476 17.0000 0.8174
42 1.2510 0.5357 16.0000 0.8799
42 1.1750 0.7024 12.5000 0.7469
42 1.2105 0.6429 15.0000 0.7014
42 1.1293 0.6000 17.0000 0.8569
44 1.1879 0.5455 18.0000 0.6528
42 1.2031 0.7143 12.0000 0.8745
33 1.1113 0.3226 14.0000 0.4100
33 1.1680 0.3548 18.0000 0.7326
33 1.2004 0.4194 18.0000 0.7326
42 1.2003 0.3810 22.0000 0.4732
42 1.1893 0.5476 19.0000 0.7516
19 1.2313 0.2941 12.0000 0.6970
84 1.2799 0.5714 35.0000 0.2789
16 1.0847 0.2500 9.0000 0.2513
60 1.2608 0.5439 26.0000 0.7339
60 1.2136 0.4828 29.0000 0.7909
41 1.2900 0.4211 23.0000 0.2634
86 1.1966 0.6395 30.0000 0.8741
92 1.2616 0.5109 40.5000 0.9270
92 1.2565 0.5000 38.0000 0.9472
88 1.2118 0.5227 38.5000 0.9106
92 1.3702 0.5163 41.0000 0.8986
88 1.1969 0.5455 38.0000 0.9314
88 1.2167 0.5341 37.0000 0.9257
81 1.3125 0.5988 32.5000 0.8459
16 1.2691 0.3571 9.0000 0.9079
16 1.1570 0.5625 7.0000 0.9220
91 1.1698 0.5612 36.0000 0.8193
92 1.2496 0.5326 38.0000 0.8732
91 1.1557 0.5055 40.0000 0.6744
91 1.2395 0.5385 36.0000 0.8152
65 1.2186 0.6484 23.0000 0.6655
16 1.1295 0.5625 7.0000 0.9220
16 1.1790 0.4062 9.0000 0.9220
82 1.3417 0.5366 31.5000 0.4692
923 1.3998 0.6983 265.0000 0.3657
73 1.0758 0.9315 5.0000 0.4847
11 1.2815 0.1818 9.0000 0.2756
73 1.2517 0.6781 22.0000 0.4726
73 1.2700 0.6917 21.5000 0.5089
184 1.4969 0.3696 96.5000 0.4158
22 1.1694 0.0455 15.0000 0.7680
22 1.3308 0.1591 15.0000 0.5197
22 1.1613 0.4091 10.0000 0.9466
28 1.2384 0.2692 19.0000 0.9101
70 1.2157 0.4091 34.0000 0.8444
74 1.2744 0.5000 35.0000 0.7562
72 1.2884 0.4265 37.0000 0.8178
70 1.2183 0.5294 30.0000 0.8655
70 1.2575 0.5000 32.0000 0.8677
72 1.1972 0.5882 28.0000 0.9250
70 1.2379 0.4242 34.0000 0.8295
74 1.2389 0.4500 38.0000 0.7562
70 1.2217 0.4545 34.0000 0.8295
74 1.2376 0.4429 38.0000 0.7703
86 1.1747 0.5523 35.5000 0.7076
87 1.1850 0.6092 31.0000 0.6754
86 1.1787 0.5291 36.0000 0.7763
86 1.1841 0.5465 36.0000 0.7277
86 1.1906 0.5814 33.0000 0.7522
82 1.1562 0.5366 36.0000 0.7161
86 1.2060 0.4709 37.5000 0.7664
87 1.1993 0.5057 38.0000 0.6980
86 1.1991 0.5116 36.0000 0.6413
86 1.1786 0.4942 40.5000 0.7919
86 1.2212 0.5291 33.5000 0.8157
86 1.2036 0.5291 37.0000 0.7480
86 1.1640 0.5233 34.0000 0.6639
87 1.1903 0.5632 33.5000 0.5235
86 1.1798 0.5465 35.5000 0.6860
85 1.2051 0.4941 40.0000 0.7381
86 1.1787 0.5233 35.5000 0.6972
87 1.1438 0.5000 37.5000 0.6980
86 1.1621 0.6524 31.0000 0.6397
86 1.1638 0.6585 30.5000 0.7843
86 1.1901 0.5930 34.0000 0.8941
86 1.1754 0.6453 29.0000 0.6803
42 1.2001 0.6190 14.0000 0.7530
42 1.1354 0.4390 21.0000 0.6008
20 1.2239 0.6000 8.0000 0.7949
20 1.1630 0.6500 7.0000 0.7949
20 1.2164 0.6000 8.0000 0.7949
20 1.2240 0.6000 8.0000 0.7949
20 1.2447 0.6000 8.0000 0.7949
20 1.2250 0.6500 7.0000 0.7949
98 1.2033 0.5357 42.0000 0.8695
42 1.1974 0.5476 18.5000 0.7873
84 1.1280 0.7738 19.0000 0.5811
46 1.2294 0.4091 25.0000 0.7462
82 1.1555 0.8110 15.5000 0.5241
82 1.1641 0.7683 18.5000 0.6397
42 1.1478 0.6190 15.0000 0.8474
11 1.3263 0.2500 7.5000 0.6857
44 1.1908 0.6818 14.0000 0.8818
16 1.2365 0.3333 7.0000 0.3917
16 1.1296 0.2667 10.0000 0.7007
16 1.3459 0.4667 8.0000 0.3917
16 1.3517 0.3333 10.0000 0.8128
16 1.1838 0.4667 8.0000 0.3917
16 1.3990 0.3333 10.0000 0.9310
16 1.1537 0.4000 9.0000 1.0000
16 1.2258 0.5333 7.0000 0.3917
42 1.2772 0.4167 21.5000 0.7740
67 1.2533 0.2923 35.0000 0.7772
39 1.2651 0.4167 20.0000 0.6367
63 1.1600 0.7460 16.0000 0.5675
63 1.1790 0.7778 14.0000 0.5404
20 1.1585 0.2778 11.0000 0.4079
20 1.1207 0.5000 11.0000 0.9324
20 1.1662 0.2222 13.0000 0.7830
21 1.1639 0.3500 14.0000 0.2388
20 1.2483 0.1500 14.0000 0.5274
42 1.2235 0.5714 15.5000 0.8474
41 1.1993 0.6829 12.0000 0.2868
47 1.6943 0.3830 25.0000 0.8004
47 1.5382 0.3830 26.0000 0.8562
46 1.5624 0.4130 24.5000 0.8562
48 1.7374 0.3750 25.0000 0.8005
40 1.1513 0.5897 15.0000 0.9297
46 1.4678 0.4783 23.0000 0.5364
46 1.4561 0.4348 25.0000 0.6010
46 1.4308 0.4130 26.0000 0.5523
46 1.4786 0.4891 22.0000 0.5630
47 1.3543 0.4043 23.0000 0.6652
47 1.5150 0.4468 22.0000 0.5940
47 1.4011 0.3830 25.5000 0.6840
15 1.1392 0.1538 9.0000 0.8063
55 1.5191 0.2593 37.5000 0.2869
84 1.3398 0.5060 36.0000 0.6489
83 1.3825 0.4940 37.0000 0.4022
62 1.1732 0.8065 11.0000 0.5223
62 1.1563 0.7742 13.5000 0.5747
60 1.7708 0.3729 32.0000 0.6442
59 1.4051 0.2281 43.0000 0.2871
61 1.6557 0.4250 29.0000 0.6692
61 1.7489 0.4500 28.0000 0.5510
62 1.1515 0.8548 9.0000 0.5677
62 1.1704 0.8387 10.0000 0.5262
87 1.3462 0.5402 37.5000 0.4676
87 1.2817 0.4828 39.5000 0.3881
87 1.3087 0.5517 37.0000 0.5589
87 1.2673 0.5000 41.0000 0.4527
87 1.2251 0.5632 36.5000 0.4929
87 1.2176 0.5230 38.0000 0.5632
84 1.3480 0.5238 38.0000 0.5248
84 1.2803 0.6726 27.0000 0.6389
84 1.2990 0.5357 38.0000 0.4622
84 1.2750 0.6310 30.0000 0.4792
84 1.3352 0.5416 37.0000 0.6087
84 1.3324 0.5833 34.0000 0.4728
84 1.3428 0.5476 37.0000 0.5916
84 1.3453 0.5774 34.5000 0.4445
84 1.3370 0.5119 39.0000 0.6280
84 1.3329 0.5833 35.0000 0.5234
84 1.3467 0.5119 39.5000 0.5108
84 1.3298 0.5535 36.0000 0.4818
30 1.2550 0.5741 11.0000 0.8794
28 1.3342 0.4615 14.0000 0.9340
26 1.2353 0.5417 9.0000 0.8629
85 1.3312 0.5412 37.0000 0.2485
85 1.3858 0.6000 34.0000 0.4165
84 1.3225 0.5357 39.0000 0.3515
84 1.2847 0.5952 33.5000 0.5385
83 1.2940 0.6024 31.0000 0.3067
83 1.4259 0.5060 36.5000 0.3161
83 1.2243 0.4759 39.0000 0.4578
20 1.1778 0.3000 13.0000 0.5274
18 1.1397 0.0588 10.0000 0.9320
28 1.2762 0.4615 13.0000 0.8792
29 1.1549 0.5385 11.0000 0.8792
28 1.2471 0.5600 11.0000 0.9339
27 1.1911 0.4400 15.0000 0.8790
28 1.2285 0.5385 10.0000 0.9340
28 1.2742 0.5769 10.5000 0.9340
28 1.2294 0.5000 10.0000 0.9340
75 1.1918 0.5878 23.0000 0.3799
73 1.0758 0.9315 5.0000 0.4847
40 1.3443 0.3590 21.0000 0.8721
31 1.4296 0.3500 21.5000 0.8638
60 1.5690 0.3559 34.0000 0.4997
60 1.6022 0.3983 30.0000 0.4063
12 1.2355 0.3333 7.0000 0.3234
45 1.2868 0.3256 25.0000 0.8354
45 1.3038 0.3023 25.0000 0.9204
45 1.2800 0.3488 22.5000 0.8938
60 1.6300 0.3051 33.5000 0.6999
60 1.6913 0.3135 36.0000 0.8447
45 1.3168 0.3256 27.0000 0.9064
45 1.2737 0.2791 26.5000 0.8925
158 1.9628 0.4650 77.0000 0.0982
17 1.8241 0.2941 11.0000 0.4896
87 1.3453 0.5114 40.0000 0.6046
40 1.3075 0.4474 18.0000 0.8319
73 1.1305 0.8904 8.0000 0.4149
18 1.1598 0.1250 11.0000 0.2680
16 1.2467 0.4286 10.0000 0.8897
16 1.2609 0.1429 9.0000 1.0000
73 1.0963 0.9589 3.0000 0.4643
73 1.0902 0.9178 6.0000 0.4643
91 1.4182 0.5385 39.0000 0.5451
73 1.0645 0.9589 3.0000 0.4742
91 1.2597 0.5110 40.5000 0.6540
73 1.0900 0.9589 3.0000 0.4643
91 1.2345 0.5165 38.0000 0.8782
73 1.2588 0.6781 21.0000 0.5064
62 1.1717 0.7097 16.0000 0.3599
73 1.2352 0.7123 20.0000 0.4840
73 1.2381 0.7123 19.5000 0.2772
40 1.5065 0.3846 20.0000 0.7696
99 1.3565 0.5455 40.0000 0.3694
254 1.5970 0.4901 112.0000 0.6081
229 1.7087 0.4847 99.0000 0.5204
42 1.5246 0.4103 24.0000 0.7696
25 1.1761 0.5652 12.0000 0.7247
25 1.1128 0.6087 11.0000 0.7247
25 1.1763 0.5217 13.0000 0.6053
25 1.1088 0.5217 13.0000 0.8295
22 1.3167 0.3182 14.0000 0.9334
83 1.1254 0.7952 17.0000 0.6039
85 1.1476 0.7765 19.0000 0.6224
82 1.1404 0.8171 15.0000 0.6024
83 1.1122 0.8293 14.0000 0.5247
169 1.3556 0.5000 75.0000 0.2994
910 1.4032 0.6819 265.0000 0.2048
146 1.2822 0.4658 71.5000 0.7467
20 1.2028 0.3333 13.0000 0.7830
15 1.1047 0.2308 10.0000 0.8063
59 1.8388 0.3448 31.0000 0.5519
59 1.8601 0.3276 34.0000 0.6533
73 1.1012 0.9178 6.0000 0.4847
73 1.0844 0.9521 3.5000 0.4742
73 1.0936 0.9178 6.0000 0.4847
73 1.1059 0.9178 6.0000 0.4847
73 1.1059 0.9178 6.0000 0.4847
73 1.1176 0.8836 7.0000 0.4407
103 1.3393 0.5534 41.0000 0.4283
40 1.5493 0.3590 24.0000 0.7987
40 1.3382 0.3158 21.0000 0.8319
40 1.3376 0.3158 20.5000 0.7283
40 1.2575 0.2564 24.0000 0.9123
40 1.2808 0.2564 24.5000 0.6983
40 1.2839 0.2564 25.0000 0.6806
40 1.3175 0.2564 24.0000 0.9123
40 1.2589 0.2564 23.5000 0.9123
44 1.2702 0.5714 18.0000 0.8141
44 1.2094 0.5000 19.5000 0.7143
101 1.3420 0.5842 37.5000 0.5567
103 1.3155 0.5243 43.5000 0.4283
41 1.1970 0.5122 19.0000 0.4614
42 1.2810 0.5357 17.0000 0.7469
295 1.3943 0.4983 124.0000 0.6983
176 1.4899 0.4205 87.5000 0.4455
296 1.5659 0.4713 136.5000 0.5438
59 1.8102 0.3276 33.0000 0.6477
29 1.3053 0.5385 14.0000 0.8792
12 1.1327 0.1667 8.0000 0.3234
12 1.1387 0.0833 9.0000 0.3234
12 1.1374 0.0833 9.0000 0.3234
12 1.1911 0.1667 8.0000 0.3234
12 1.2153 0.6667 4.0000 0.3234
12 1.2940 0.5833 5.0000 0.3234
12 1.4260 0.5000 6.0000 0.3234
12 1.4089 0.3333 7.0000 0.3234
12 1.2890 0.1667 9.0000 0.3234
45 1.2403 0.4048 23.0000 0.9340
87 1.2546 0.4081 42.5000 0.5726
87 1.3016 0.5000 41.0000 0.5527
95 1.1829 0.5532 41.0000 0.8723
238 1.5402 0.4832 108.5000 0.6629
95 1.6370 0.4105 47.0000 0.4151
95 1.6067 0.4105 47.0000 0.3868
13 1.2862 0.2500 8.0000 0.3234
13 1.2575 0.3333 7.0000 0.3234
64 1.3518 0.5781 25.0000 0.7728
64 1.2899 0.5312 27.0000 0.5961
64 1.1889 0.5156 25.0000 0.5887
28 1.2660 0.4108 15.5000 0.6671
28 1.2945 0.3214 15.0000 0.6200
29 1.2177 0.3448 14.0000 0.6080
29 1.2978 0.4310 14.5000 0.2828
41 1.6900 0.3780 22.0000 0.7698
87 1.2974 0.5747 35.0000 0.6058
621 1.9887 0.5507 233.0000 0.1555
621 1.9596 0.5507 237.0000 0.1585
19 1.1845 0.2778 10.0000 0.6642
40 1.5997 0.3947 21.0000 0.7283
40 1.5608 0.3590 23.5000 0.7696
40 1.5190 0.3947 22.5000 0.7695
157 1.5377 0.6847 42.0000 0.3822
157 1.5479 0.6911 44.5000 0.3893
163 1.2137 0.5093 73.0000 0.7826
97 1.2365 0.6443 30.0000 0.8818
23 1.3005 0.3478 12.0000 0.2788
386 1.4674 0.5337 157.0000 0.4400
18 1.1003 0.5556 7.0000 0.4079
19 1.2169 0.2369 12.0000 0.8094
14 1.1065 0.3846 9.0000 0.3279
25 1.1389 0.5600 11.0000 0.8301
25 1.1389 0.5600 11.0000 0.8301
25 1.1669 0.6200 9.5000 0.9114
25 1.0845 0.6800 8.0000 0.9114
25 1.1508 0.7200 7.0000 0.5105
25 1.1091 0.5600 11.0000 0.5880
34 1.5368 0.4118 18.0000 1.0000
923 1.7197 0.5466 378.5000 0.4576
923 1.7706 0.4843 419.0000 0.4233
29 1.2637 0.5862 12.0000 0.8309
26 1.1478 0.6250 11.0000 0.7251
26 1.0975 0.6667 10.0000 0.8298
26 1.0975 0.6667 10.0000 0.8298
217 1.4973 0.6106 77.0000 0.4983
458 1.1938 0.7980 89.0000 0.4662
54 1.2944 0.3519 27.0000 0.6647
43 1.2175 0.2907 21.0000 0.7094
25 1.1791 0.3600 13.0000 0.3618
62 1.1315 0.7581 15.0000 0.5216
20 1.1617 0.4250 11.5000 1.0000
20 1.1571 0.5000 10.0000 1.0000
20 1.0985 0.4500 11.0000 1.0000
20 1.1997 0.5000 10.0000 1.0000
19 1.2369 0.2105 15.0000 0.9327
43 1.2657 0.4884 20.0000 0.8433
98 1.1726 0.6224 36.0000 0.7700
55 1.2471 0.2300 33.0000 0.7655
55 1.4992 0.2264 33.5000 0.2667
63 1.3414 0.2541 35.0000 0.8498
944 1.6500 0.5674 375.0000 0.3668
944 1.6022 0.5986 357.0000 0.2935
402 1.1995 0.8333 67.0000 0.3847
109 1.3895 0.5184 46.5000 0.6439
130 1.7306 0.3846 67.0000 0.6187
98 1.3564 0.5625 41.0000 0.7033
146 1.1716 0.7466 37.0000 0.7081
453 1.1304 0.8929 47.5000 0.4832
146 1.1715 0.7569 35.0000 0.7510
453 1.1063 0.8918 45.5000 0.4070
54 1.2269 0.2778 26.0000 0.9065
85 1.2467 0.5882 30.0000 0.6045
87 1.2798 0.5000 38.0000 0.5642
472 1.0589 0.9757 11.5000 0.1364
927 1.4112 0.6985 268.0000 0.3869
924 1.4108 0.7035 263.5000 0.3306
924 1.4295 0.6926 272.5000 0.3207
924 1.4434 0.6910 276.0000 0.3814
924 1.4080 0.7046 267.5000 0.3748
924 1.4237 0.6915 275.0000 0.3813
924 1.4302 0.6975 272.0000 0.3788
64 1.3518 0.5781 25.0000 0.7728
79 1.6700 0.5127 30.5000 0.4387
928 1.3832 0.6972 262.5000 0.4179
928 1.3615 0.7064 258.5000 0.3935
928 1.3784 0.7021 265.5000 0.4076
928 1.4545 0.6789 284.0000 0.3362
453 1.0548 0.9901 4.5000 0.5415
453 1.0534 0.9956 2.0000 0.4666
453 1.0527 0.9956 2.0000 0.4679
453 1.0535 0.9934 3.0000 0.5126
453 1.0575 0.9923 3.5000 0.4581
453 1.0556 0.9912 4.0000 0.5541
453 1.0642 0.9901 4.5000 0.4237
453 1.0605 0.9812 8.5000 0.4647
24 1.3093 0.2727 12.0000 0.8906
22 1.2162 0.3636 13.0000 0.8609
465 1.0947 0.8817 55.0000 0.5117
52 1.3300 0.3173 30.0000 0.9229
210 1.5594 0.4929 88.0000 0.4468
120 1.3358 0.1500 97.5000 0.8631
62 1.5177 0.1694 47.0000 0.5749
48 1.1861 0.6458 16.0000 0.5070
48 1.2276 0.5521 18.5000 0.6406
49 1.2382 0.5000 20.5000 0.9134
48 1.2190 0.4375 22.0000 0.8750
48 1.2260 0.5000 20.0000 0.8467
48 1.1751 0.5417 20.0000 0.3807
48 1.1859 0.4167 24.0000 0.7614
48 1.2284 0.4375 22.0000 0.5391
48 1.1998 0.4896 20.0000 0.5391
48 1.2136 0.6250 17.0000 0.7480
36 1.4819 0.5429 16.0000 0.4052
98 1.2702 0.4898 45.0000 0.6514
50 1.2558 0.5400 21.0000 0.9003
44 1.2853 0.3571 24.0000 0.8338
944 1.4941 0.6596 307.0000 0.3108
84 1.2392 0.5893 29.0000 0.4969
65 1.2416 0.4923 27.0000 0.8933
242 1.4921 0.3513 128.0000 0.4072
242 1.5059 0.3574 130.0000 0.3659
73 1.1004 0.9315 5.0000 0.4742
71 1.1354 0.2857 51.0000 0.0691
87 1.2397 0.5632 36.0000 0.6901
87 1.2477 0.5805 34.0000 0.6285
87 1.1873 0.6322 31.0000 0.5486
86 1.2826 0.4361 43.0000 0.6325
84 1.2191 0.5297 38.0000 0.6210
51 1.2220 0.4800 23.0000 0.7267
51 1.1714 0.5306 22.0000 0.6889
51 1.1343 0.4800 26.0000 0.7884
51 1.2581 0.5490 23.0000 0.7137
51 1.2315 0.4706 25.0000 0.7269
51 1.2614 0.4804 25.0000 0.7269
51 1.1837 0.6078 20.0000 0.7033
51 1.1303 0.5000 25.0000 0.7420
51 1.1349 0.5200 24.5000 0.7483
51 1.2105 0.5490 22.0000 0.7033
51 1.2077 0.5686 22.0000 0.7719
51 1.1761 0.5294 24.0000 0.7269
51 1.2311 0.4902 25.0000 0.7269
51 1.1514 0.5392 23.0000 0.7071
924 1.4063 0.7078 259.5000 0.3625
86 1.2468 0.4419 44.5000 0.6053
86 1.4385 0.4361 44.0000 0.6260
13 1.2657 0.3846 8.0000 0.6945
14 1.3003 0.1429 12.0000 0.9079
14 1.3603 0.1429 12.0000 0.9079
14 1.1270 0.0714 11.0000 0.9079
14 1.3076 0.2143 11.0000 0.9079
15 1.3011 0.3667 9.5000 0.9215
15 1.2765 0.4667 8.0000 0.9215
15 1.1427 0.1333 11.0000 0.9215
15 1.1257 0.2000 10.0000 0.2674
34 1.1496 0.4118 17.0000 0.6638
35 1.2058 0.4000 18.0000 0.6767
46 1.4497 0.2609 26.0000 0.5877
35 1.2897 0.4286 14.5000 0.7429
32 1.2203 0.7500 8.0000 0.7960
31 1.1942 0.7742 7.0000 0.7943
32 1.1621 0.7969 6.5000 0.7213
32 1.2313 0.7188 8.0000 0.7213
73 1.1583 0.7397 17.0000 0.4057
73 1.1020 0.9041 7.0000 0.4958
73 1.1364 0.8014 14.5000 0.4847
73 1.1330 0.8356 11.0000 0.3958
73 1.1362 0.8014 14.5000 0.4847
73 1.0913 0.8356 12.0000 0.4643
73 1.1421 0.7876 13.5000 0.4737
75 1.3085 0.3600 43.5000 0.8065
42 1.2545 0.2381 29.0000 0.9677
42 1.3569 0.3571 26.0000 0.9520
42 1.2586 0.4048 23.0000 0.9677
42 1.3794 0.3571 23.5000 0.9677
909 1.3631 0.6953 255.0000 0.3522
941 1.3106 0.7120 257.0000 0.3854
947 1.2691 0.7355 233.5000 0.3652
946 1.3777 0.7299 246.0000 0.3490
946 1.3436 0.7394 236.0000 0.3516
946 1.3568 0.7394 238.5000 0.3467
946 1.3335 0.7505 228.0000 0.3337
70 1.2499 0.5429 27.0000 0.2522
621 1.8700 0.5178 241.0000 0.1396
37 1.5540 0.2973 23.0000 0.4208
949 1.2717 0.7819 197.0000 0.2931
949 1.2463 0.7809 198.0000 0.3404
949 1.2603 0.7851 196.0000 0.3309
447 1.2057 0.8233 75.0000 0.3542
35 1.3323 0.2794 24.0000 0.9113
85 1.1995 0.6000 31.5000 0.6770
90 1.3227 0.5111 41.0000 0.7770
90 1.2578 0.4778 40.0000 0.8939
90 1.2605 0.4945 38.5000 0.8171
90 1.2588 0.4778 41.5000 0.7281
90 1.2854 0.5055 42.0000 0.7631
86 1.1900 0.6395 24.0000 0.9005
42 1.2248 0.4500 21.0000 0.9447
57 1.2923 0.2807 32.5000 0.5896
58 1.3859 0.3276 34.0000 0.4620
58 1.3308 0.3103 33.0000 0.6924
58 1.3259 0.2931 33.0000 0.7349
130 1.3841 0.5391 53.0000 0.7421
63 1.2013 0.2177 37.0000 0.9085
63 1.1965 0.2258 36.0000 0.9085
62 1.2801 0.3279 36.0000 0.9756
58 1.3145 0.2759 34.0000 0.6925
58 1.3756 0.2845 32.5000 0.6751
17 1.2349 0.4375 10.0000 0.9092
17 1.1163 0.5625 7.0000 0.9092
66 1.3001 0.5606 26.0000 0.9319
61 1.2729 0.4083 33.5000 0.8730
63 1.3247 0.3810 36.0000 0.9495
66 1.2961 0.3788 38.5000 0.9298
66 1.2696 0.3333 38.0000 0.9049
174 1.4017 0.4080 88.0000 0.6324
118 1.4249 0.4153 63.0000 0.4874
118 1.3214 0.3941 64.0000 0.5139
55 1.1981 0.4151 27.0000 0.8560
55 1.3247 0.3818 28.0000 0.8521
90 1.1791 0.6222 30.0000 0.7198
55 1.2994 0.4091 26.5000 0.8632
55 1.3095 0.4545 27.0000 0.8524
55 1.3546 0.4727 26.0000 0.8788
73 1.1004 0.9315 5.0000 0.4742
949 1.2653 0.7808 196.0000 0.3569
37 1.2951 0.3889 20.0000 0.5529
38 1.2950 0.2703 21.0000 0.5644
239 1.6231 0.4749 110.0000 0.4505
498 1.0793 0.9639 17.5000 0.5380
64 1.3167 0.5469 27.0000 0.6474
457 1.0556 0.9869 6.0000 0.4738
481 1.0654 0.9792 10.0000 0.5601
457 1.0606 0.9847 7.0000 0.4828
457 1.0554 0.9847 7.0000 0.5330
737 1.4630 0.5536 290.5000 0.4834
802 1.4569 0.5568 314.0000 0.5172
853 1.4842 0.6102 303.5000 0.4494
844 1.4262 0.6375 285.0000 0.4526
886 1.4415 0.6427 290.5000 0.4895
881 1.3796 0.5970 318.0000 0.4590
469 1.2130 0.8390 71.0000 0.3268
63 1.2578 0.3279 34.0000 0.8471
47 1.3220 0.1489 40.0000 0.7741
62 1.3353 0.2250 35.0000 0.8345
881 1.2167 0.7367 211.5000 0.6038
66 1.3140 0.3359 34.0000 0.8485
104 1.3926 0.2010 73.5000 0.7758
120 1.3824 0.2458 84.0000 0.9185
80 1.4340 0.3333 48.5000 0.7990
104 1.3666 0.1667 72.0000 0.7859
120 1.3593 0.1610 86.0000 0.9185
80 1.4036 0.2692 51.5000 0.8176
69 1.3087 0.3768 38.0000 0.6141
69 1.3118 0.4420 33.5000 0.5706
69 1.3157 0.3985 34.5000 0.5789
69 1.3232 0.4058 35.0000 0.5622
69 1.3227 0.3768 39.5000 0.6390
69 1.3405 0.3768 38.5000 0.6070
69 1.2918 0.3768 38.0000 0.5789
69 1.3560 0.3768 39.0000 0.6026
69 1.3143 0.3623 39.0000 0.6390
69 1.3470 0.3623 38.0000 0.5706
68 1.3256 0.4338 34.0000 0.7275
72 1.3610 0.3889 38.0000 0.5258
72 1.3518 0.3889 39.5000 0.4878
72 1.3558 0.4098 38.0000 0.5183
72 1.3425 0.4028 39.0000 0.5805
87 1.2450 0.6000 30.5000 0.8663
61 1.3260 0.3500 34.0000 0.9507
52 1.3870 0.3077 28.0000 0.9344
52 1.2782 0.3462 33.0000 0.9567
52 1.2779 0.3462 33.0000 0.9567
52 1.2779 0.3462 33.0000 0.9567
52 1.2779 0.3462 33.0000 0.9567
52 1.3386 0.3269 30.0000 0.8131
52 1.3553 0.2596 28.0000 0.8217
90 1.3603 0.5667 35.0000 0.6432
95 1.4147 0.5000 42.0000 0.5825
79 1.1580 0.6645 22.0000 0.7539
