63 1.2077 0.6984 19.0000 0.1990
63 1.2268 0.6984 17.0000 0.3745
33 1.1809 0.5625 14.0000 0.5989
62 1.1627 0.7581 14.0000 0.5322
62 1.1861 0.7903 13.0000 0.4973
62 1.1895 0.7903 12.5000 0.5395
62 1.1895 0.7903 12.5000 0.5395
62 1.1896 0.7903 12.5000 0.5395
62 1.1885 0.7903 13.0000 0.5074
62 1.1891 0.7903 12.5000 0.5460
34 1.4818 0.3529 19.5000 0.2842
34 1.5577 0.5588 14.5000 0.1710
34 1.4114 0.3971 18.5000 0.2842
42 1.3065 0.5238 19.0000 0.8681
62 1.1960 0.7742 14.0000 0.3260
62 1.2088 0.7581 14.0000 0.3947
62 1.1960 0.7742 14.0000 0.3260
62 1.2088 0.7581 14.0000 0.3947
62 1.1960 0.7742 14.0000 0.3260
62 1.2088 0.7581 14.0000 0.3947
42 1.2434 0.6190 15.0000 0.7963
41 1.3680 0.4359 23.0000 0.2636
41 1.2698 0.4744 22.0000 0.2852
42 1.2333 0.5952 16.0000 0.6413
46 1.1645 0.4091 23.0000 0.9205
33 1.1833 0.6562 11.0000 0.8552
46 1.2034 0.3863 25.5000 0.9205
42 1.1922 0.3500 22.0000 0.7546
20 1.1558 0.1667 14.0000 0.9324
62 1.1842 0.8033 12.5000 0.2358
62 1.1912 0.8033 13.0000 0.2358
19 1.1789 0.3823 11.0000 0.9225
62 1.2136 0.7661 14.0000 0.5288
62 1.2136 0.7661 14.0000 0.5288
62 1.1845 0.7419 16.0000 0.5094
62 1.2416 0.7177 16.5000 0.5094
62 1.2275 0.7419 15.0000 0.3836
62 1.2071 0.7984 12.0000 0.5781
46 1.1668 0.4091 24.0000 0.8925
88 1.3064 0.4773 45.0000 0.6710
88 1.2955 0.5341 37.5000 0.6128
46 1.1435 0.5326 21.5000 0.5316
14 1.1455 0.1667 10.0000 0.4789
46 1.2537 0.3182 23.0000 0.8939
46 1.2710 0.3636 26.0000 0.8939
46 1.2749 0.4091 24.0000 0.8939
46 1.1944 0.3409 23.5000 0.9205
46 1.1972 0.3182 25.0000 0.9205
64 1.2436 0.5234 29.0000 0.6079
45 1.2303 0.5117 22.0000 0.7874
46 1.1599 0.5682 18.0000 0.8930
42 1.2128 0.7024 12.5000 0.8964
42 1.2214 0.6667 13.5000 0.9113
32 1.2389 0.4375 18.0000 0.8744
44 1.1989 0.4048 23.0000 0.9103
42 1.1598 0.6190 15.0000 0.9129
42 1.2392 0.5357 18.5000 0.7216
42 1.2397 0.5952 16.0000 0.8866
42 1.2394 0.5238 17.5000 0.8816
42 1.1757 0.4405 23.0000 0.7224
42 1.1756 0.5238 19.0000 0.8546
42 1.1766 0.3500 23.0000 0.7282
44 1.2178 0.6136 17.0000 0.7619
42 1.1911 0.5833 17.0000 0.8800
33 1.1932 0.3871 17.0000 0.7786
33 1.2168 0.4839 15.0000 0.6008
42 1.2270 0.4286 21.0000 0.5305
42 1.2072 0.6190 16.0000 0.8681
19 1.2916 0.3529 10.0000 0.7820
84 1.2279 0.5833 34.0000 0.2838
41 1.3660 0.4872 20.0000 0.2852
41 1.3574 0.3846 23.0000 0.1707
16 1.1396 0.2500 10.0000 0.8044
60 1.1616 0.5789 26.0000 0.3092
60 1.2466 0.5776 26.0000 0.6134
86 1.1640 0.5698 35.0000 0.8672
92 1.2275 0.5217 42.0000 0.9636
92 1.2517 0.4022 49.5000 0.8948
88 1.2091 0.5057 43.0000 0.9558
92 1.2933 0.3859 47.0000 0.8693
88 1.2695 0.4545 47.0000 0.9469
88 1.2913 0.4262 45.5000 0.9257
81 1.2101 0.4753 40.5000 0.7024
16 1.1516 0.2857 8.0000 0.2615
16 1.2421 0.4062 8.5000 0.9220
91 1.1903 0.5000 39.0000 0.8452
92 1.1294 0.5217 43.0000 0.8606
91 1.1617 0.5275 39.5000 0.8570
91 1.1884 0.5055 40.5000 0.7941
65 1.1232 0.5312 25.0000 0.8886
16 1.2673 0.3125 10.5000 0.9220
16 1.1514 0.3750 9.0000 0.9220
82 1.2165 0.5427 32.5000 0.3704
923 1.2125 0.7329 234.0000 0.3087
73 1.1216 0.9384 4.5000 0.4847
11 1.7273 0.2727 8.0000 0.4319
73 1.2536 0.5479 28.0000 0.4059
73 1.2295 0.5479 29.0000 0.4152
184 1.2599 0.3533 98.5000 0.4404
22 1.2649 0.1137 13.0000 0.2095
22 1.1985 0.1818 14.5000 0.5197
22 1.2170 0.3182 13.0000 0.9466
28 1.1326 0.6538 11.0000 0.9560
70 1.2711 0.3636 32.0000 0.8131
74 1.2070 0.3714 37.0000 0.9487
72 1.2687 0.2647 36.0000 0.8413
70 1.2557 0.4412 32.0000 0.8882
70 1.2927 0.4091 34.0000 0.8881
72 1.2285 0.5294 32.0000 0.8882
70 1.2534 0.3636 34.5000 0.8469
74 1.2297 0.4000 37.0000 0.9487
70 1.2627 0.3939 33.0000 0.8469
74 1.1760 0.3714 37.0000 0.9487
86 1.2005 0.6105 33.0000 0.6868
87 1.2161 0.5632 37.0000 0.7419
86 1.1936 0.5698 37.0000 0.5222
86 1.2167 0.5698 36.0000 0.5736
86 1.1920 0.6105 32.5000 0.6695
82 1.2408 0.5915 32.5000 0.5897
86 1.1783 0.5465 37.5000 0.6868
87 1.1789 0.5632 37.0000 0.6921
86 1.2056 0.5756 35.5000 0.6413
86 1.2304 0.5698 34.0000 0.5274
86 1.1726 0.5581 37.0000 0.6643
86 1.2037 0.5174 40.0000 0.6530
86 1.1905 0.5872 35.5000 0.6868
87 1.2192 0.5459 38.0000 0.6698
86 1.2122 0.5756 35.0000 0.6586
85 1.1871 0.5823 35.0000 0.6421
86 1.2184 0.5523 38.5000 0.6655
87 1.1907 0.5632 37.5000 0.6861
86 1.1806 0.6524 30.5000 0.7018
86 1.1716 0.6463 31.0000 0.5678
86 1.2254 0.5174 37.0000 0.7045
86 1.1770 0.5930 34.0000 0.8785
42 1.2062 0.7500 10.5000 0.8493
42 1.2024 0.5610 18.5000 0.2722
43 1.1522 0.5952 16.0000 0.5812
20 1.1289 0.7500 5.0000 0.7949
20 1.1147 0.7500 5.0000 0.7949
20 1.1171 0.7500 5.0000 0.7949
20 1.1239 0.7500 5.0000 0.7949
20 1.1249 0.7500 5.0000 0.7949
20 1.1295 0.7500 5.0000 0.7949
98 1.2549 0.5816 41.0000 0.8695
42 1.2566 0.5119 19.0000 0.9129
84 1.1606 0.8035 16.0000 0.5706
46 1.1991 0.3636 24.0000 0.9205
65 1.5045 0.4918 28.0000 0.1411
82 1.1820 0.7866 17.0000 0.6124
82 1.1535 0.8171 15.0000 0.6826
42 1.2182 0.5952 17.0000 0.9113
11 1.3323 0.2000 8.0000 0.6857
44 1.1770 0.5341 19.0000 0.7619
16 1.1543 0.4667 8.0000 0.3917
16 1.1501 0.3333 9.0000 0.4866
16 1.1704 0.4000 9.0000 0.8128
16 1.2017 0.5333 8.0000 0.7007
16 1.2643 0.4667 7.5000 1.0000
16 1.0970 0.5333 8.0000 0.8621
16 1.1620 0.4667 7.0000 0.8621
16 1.2631 0.5000 8.0000 0.8128
42 1.2433 0.4286 24.0000 0.7842
67 1.2046 0.1846 36.5000 0.9632
39 1.1962 0.3889 19.0000 0.8717
63 1.2020 0.6905 18.0000 0.7878
63 1.1769 0.6508 20.0000 0.8263
20 1.1961 0.5556 9.0000 0.5587
20 1.1962 0.3889 9.0000 0.6981
20 1.1153 0.6111 9.0000 0.9324
20 1.3407 0.3889 11.0000 0.8605
21 1.1015 0.2500 11.0000 0.7942
20 1.1738 0.5500 9.0000 0.8102
42 1.1900 0.6190 16.0000 0.8866
41 1.1606 0.6707 13.5000 0.4589
47 1.1983 0.4149 26.0000 0.6029
47 1.2829 0.4468 25.0000 0.6520
46 1.2596 0.4348 24.0000 0.6259
48 1.2766 0.4375 25.5000 0.6261
40 1.1004 0.4615 21.0000 0.8541
46 1.2199 0.4348 24.0000 0.7991
46 1.5538 0.3261 28.0000 0.8157
46 1.4478 0.4456 24.0000 0.8157
46 1.2865 0.4348 24.0000 0.7289
47 1.3759 0.3510 25.0000 0.6828
47 1.2953 0.3830 25.0000 0.8940
47 1.2956 0.3617 28.0000 0.6744
15 1.0621 0.3077 9.0000 0.8063
55 1.3119 0.2407 40.0000 0.2869
84 1.2746 0.4762 40.0000 0.4169
83 1.2866 0.4337 43.5000 0.4177
62 1.2342 0.7500 15.0000 0.4691
62 1.1881 0.7903 13.0000 0.5395
60 1.2946 0.2881 38.0000 0.3149
59 1.1870 0.2105 45.0000 0.2871
61 1.5732 0.3333 38.5000 0.8655
61 1.5543 0.3000 39.0000 0.8655
62 1.1960 0.7742 14.0000 0.3260
62 1.2088 0.7581 14.0000 0.3947
87 1.2113 0.4656 42.0000 0.5430
87 1.2949 0.4540 42.0000 0.5390
87 1.1928 0.4886 40.5000 0.5943
87 1.2241 0.4195 44.0000 0.4678
87 1.2129 0.4828 40.5000 0.5793
87 1.2451 0.4828 41.5000 0.6119
84 1.2271 0.5833 33.0000 0.4620
84 1.1987 0.5952 34.0000 0.6594
84 1.2681 0.6548 27.5000 0.6107
84 1.2119 0.5535 37.5000 0.4077
84 1.2236 0.6607 27.0000 0.8080
84 1.2140 0.5952 33.0000 0.5632
84 1.2357 0.6489 28.0000 0.7821
84 1.2226 0.6011 33.0000 0.5685
84 1.2252 0.6607 27.0000 0.5759
84 1.2026 0.5893 33.0000 0.6675
84 1.2660 0.5655 34.5000 0.4914
84 1.2240 0.5119 39.0000 0.4402
30 1.3592 0.2407 17.0000 0.8794
28 1.2624 0.2308 14.0000 1.0000
26 1.2212 0.3750 15.0000 1.0000
85 1.2968 0.5412 34.0000 0.1279
85 1.2419 0.5882 34.0000 0.5658
84 1.2394 0.5714 34.0000 0.3225
84 1.2193 0.6071 31.5000 0.5595
83 1.2208 0.6506 28.5000 0.2580
83 1.2313 0.5121 37.0000 0.5111
83 1.1688 0.5422 37.0000 0.4966
20 1.2891 0.3500 12.0000 0.5274
18 1.1478 0.1765 9.0000 0.9320
28 1.2916 0.3077 12.0000 0.9340
29 1.1533 0.2692 16.0000 0.9340
28 1.2603 0.3200 14.5000 0.9339
27 1.1430 0.4000 14.0000 0.9339
28 1.3121 0.2308 15.0000 0.9340
28 1.3346 0.3077 15.0000 0.9340
28 1.3020 0.3077 16.0000 0.8792
75 1.1919 0.5270 31.0000 0.5614
73 1.1215 0.9384 4.5000 0.4847
40 1.2457 0.4744 18.0000 0.8320
31 1.3580 0.5500 18.0000 0.8638
60 1.4307 0.2373 38.0000 0.7445
60 1.6209 0.2118 39.5000 0.6730
12 1.1404 0.3333 7.0000 0.3234
45 1.2580 0.3488 26.0000 0.8525
45 1.2693 0.3256 24.5000 0.8938
45 1.2359 0.3488 26.0000 0.8651
60 1.6132 0.2627 37.0000 0.5595
60 1.4344 0.2712 39.0000 0.6283
45 1.2336 0.4186 24.0000 0.8400
45 1.2176 0.3488 24.0000 0.8400
158 1.4561 0.4777 74.0000 0.1016
17 1.7835 0.3823 10.0000 0.4896
87 1.2319 0.5287 37.0000 0.6656
40 1.2950 0.4737 19.0000 0.9122
73 1.1345 0.8493 11.0000 0.4149
18 1.1415 0.5625 8.0000 0.2680
16 1.2319 0.4286 10.0000 0.8615
16 1.2590 0.3928 10.0000 0.8615
73 1.0755 0.9589 3.0000 0.4643
73 1.0955 0.8630 9.0000 0.4959
91 1.1925 0.5055 39.5000 0.7375
73 1.0739 0.9452 4.0000 0.4857
91 1.2447 0.5604 37.0000 0.7102
73 1.0886 0.9041 5.0000 0.4959
91 1.1908 0.5604 37.0000 0.6389
73 1.1373 0.7123 20.0000 0.4955
62 1.1844 0.7500 15.0000 0.5781
73 1.2501 0.5205 31.5000 0.4152
73 1.2572 0.5616 28.5000 0.4576
40 1.3129 0.4359 17.0000 0.7696
99 1.2833 0.5505 37.0000 0.6179
254 1.4871 0.4587 121.5000 0.6048
229 1.3658 0.4803 102.0000 0.3506
42 1.2668 0.4744 18.0000 0.9123
25 1.1910 0.7174 8.0000 0.7961
25 1.1141 0.7826 6.0000 0.7961
25 1.1851 0.7391 7.0000 0.6652
25 1.1474 0.6957 9.0000 0.2788
22 1.1305 0.3182 12.0000 0.9334
83 1.1548 0.7409 21.5000 0.4517
85 1.1597 0.7059 25.0000 0.4606
82 1.1866 0.6951 25.0000 0.4568
83 1.1763 0.7012 23.0000 0.6007
169 1.2517 0.4675 74.0000 0.4768
910 1.4178 0.6714 274.0000 0.2024
146 1.2732 0.4589 71.0000 0.4702
20 1.2771 0.2222 13.0000 0.9324
15 1.0607 0.3846 8.0000 0.8063
59 1.6133 0.2414 41.0000 0.7445
59 1.5270 0.3448 36.0000 0.7899
73 1.0983 0.9589 3.0000 0.4847
73 1.0974 0.9178 6.0000 0.4742
73 1.0937 0.9452 4.0000 0.4847
73 1.0853 0.9589 3.0000 0.4847
73 1.0898 0.9589 3.0000 0.4847
73 1.0852 0.9657 2.5000 0.4742
103 1.2460 0.5340 42.0000 0.6446
40 1.1730 0.6154 16.0000 0.1625
40 1.2793 0.4737 17.5000 0.9122
40 1.2605 0.4606 18.0000 0.7986
40 1.2834 0.4744 19.0000 0.9123
40 1.2291 0.5128 18.0000 0.9123
40 1.2085 0.4744 20.0000 0.9123
40 1.2788 0.4872 18.0000 0.9123
40 1.2302 0.5128 18.0000 0.9123
44 1.2200 0.4643 21.0000 0.5812
44 1.2362 0.4881 20.0000 0.6012
101 1.2713 0.5793 38.0000 0.5736
103 1.2532 0.5389 41.5000 0.7330
41 1.2089 0.4390 21.0000 0.4614
42 1.2375 0.4762 21.0000 0.8800
295 1.4228 0.4491 136.0000 0.7510
176 1.3016 0.4659 81.0000 0.5185
296 1.5290 0.4561 137.5000 0.4400
59 1.5648 0.2414 41.0000 0.2832
29 1.3014 0.2884 14.0000 0.9670
12 1.1705 0.1667 8.0000 0.3234
12 1.1504 0.1667 8.0000 0.3234
12 1.1349 0.1667 8.0000 0.3234
12 1.1730 0.1667 8.0000 0.3234
12 1.1322 0.5000 5.0000 0.3234
12 1.1542 0.3333 7.0000 0.6969
12 1.1408 0.3333 7.0000 0.6969
12 1.2354 0.3333 7.0000 0.3234
12 1.0911 0.3333 7.0000 0.6969
45 1.1828 0.4286 21.0000 0.9476
87 1.2372 0.4713 41.0000 0.6132
87 1.2772 0.5291 39.5000 0.5776
95 1.1395 0.5213 43.0000 0.7501
238 1.4105 0.4328 113.0000 0.6638
95 1.3581 0.4632 43.0000 0.3328
95 1.2701 0.4947 41.0000 0.4340
13 1.1750 0.5833 6.0000 0.8597
13 1.3251 0.3333 6.5000 0.3234
64 1.2084 0.3750 37.0000 0.5814
64 1.1751 0.3906 31.5000 0.5677
64 1.2196 0.3984 34.0000 0.7106
28 1.2736 0.6429 10.0000 0.3481
28 1.4064 0.4108 14.0000 0.4035
29 1.1072 0.4828 14.0000 0.3485
29 1.1973 0.5517 12.0000 0.3485
41 1.2338 0.4878 19.0000 0.9123
87 1.2335 0.4598 39.0000 0.6328
621 1.8699 0.5837 220.0000 0.1767
621 1.8322 0.5894 214.0000 0.1611
19 1.1833 0.1667 12.0000 0.8064
40 1.2962 0.5526 15.0000 0.7986
40 1.2218 0.6154 14.0000 0.9123
40 1.2560 0.5657 14.0000 0.9122
157 1.3898 0.6688 48.0000 0.2551
157 1.3950 0.6815 48.0000 0.3628
163 1.1849 0.5621 66.0000 0.8102
97 1.2465 0.6030 35.5000 0.7134
386 1.3878 0.5440 146.5000 0.4779
18 1.1956 0.3333 10.0000 0.5587
19 1.1105 0.5263 9.0000 0.8768
14 1.1354 0.5385 7.0000 0.8607
25 1.0782 0.7600 6.0000 0.9114
25 1.0781 0.7600 6.0000 0.9114
25 1.1057 0.7600 6.0000 1.0000
25 1.1271 0.5600 10.0000 0.8424
25 1.1971 0.6800 8.0000 0.3996
25 1.1959 0.4000 11.0000 0.8424
34 1.2533 0.3677 19.0000 0.8144
923 1.4413 0.5867 346.5000 0.3804
923 1.4682 0.5228 394.5000 0.4205
29 1.1613 0.6552 10.0000 0.9118
26 1.1379 0.7917 7.0000 0.7965
26 1.1844 0.7500 8.0000 0.9113
26 1.1844 0.7500 8.0000 0.9113
217 1.3330 0.5899 75.5000 0.4118
458 1.1549 0.8842 52.0000 0.4564
54 1.3164 0.3704 27.0000 0.7695
43 1.2178 0.4651 16.0000 0.6118
25 1.1208 0.5200 10.0000 0.2254
62 1.1883 0.7500 13.5000 0.5395
20 1.1452 0.3500 13.0000 1.0000
20 1.0763 0.5000 10.0000 1.0000
20 1.1001 0.4000 12.0000 1.0000
20 1.1312 0.4000 12.0000 1.0000
19 1.0974 0.4211 11.0000 0.9327
43 1.1877 0.4186 18.0000 0.8033
98 1.1640 0.5714 38.0000 0.6006
55 1.3964 0.4500 29.5000 0.7881
55 1.3723 0.4528 28.0000 0.5978
63 1.3213 0.3197 36.0000 0.9281
944 1.3677 0.6156 328.0000 0.3883
944 1.3557 0.6463 312.5000 0.3450
402 1.1305 0.8446 59.5000 0.4175
109 1.2876 0.4495 51.0000 0.7562
130 1.3161 0.3538 68.0000 0.5705
20 1.1087 0.3158 12.0000 0.2741
98 1.1967 0.5677 37.0000 0.5958
146 1.3244 0.6986 42.0000 0.6811
453 1.0798 0.8841 49.5000 0.5484
146 1.2863 0.7363 37.5000 0.6090
453 1.0889 0.8808 51.5000 0.4993
54 1.2334 0.3982 32.0000 0.9065
85 1.2707 0.4941 35.0000 0.5575
87 1.2283 0.5287 37.0000 0.5632
472 1.0595 0.9788 10.0000 0.0941
927 1.2567 0.7017 268.0000 0.3686
924 1.2438 0.7197 250.0000 0.3673
924 1.2581 0.7094 260.0000 0.3318
924 1.2494 0.7045 261.5000 0.3893
924 1.2506 0.7094 253.0000 0.3504
924 1.2491 0.7197 249.5000 0.3810
924 1.2457 0.7121 256.5000 0.3668
64 1.2107 0.3828 37.0000 0.5814
79 1.2300 0.5696 31.0000 0.5098
928 1.2225 0.7155 246.5000 0.4259
928 1.2344 0.7257 243.0000 0.3582
928 1.2199 0.7220 242.5000 0.3513
928 1.2780 0.7053 260.0000 0.3650
453 1.0648 0.9757 11.0000 0.4073
453 1.0623 0.9735 12.0000 0.3815
453 1.0610 0.9845 7.0000 0.4067
453 1.0599 0.9879 5.5000 0.5034
453 1.0667 0.9812 8.5000 0.3311
453 1.0613 0.9812 8.5000 0.4192
453 1.0709 0.9702 13.5000 0.4148
453 1.0667 0.9779 10.0000 0.5774
24 1.1782 0.4091 13.0000 0.9466
22 1.1395 0.5455 9.0000 0.9466
465 1.1002 0.8710 59.0000 0.4364
52 1.3213 0.2596 26.5000 0.9567
210 1.4236 0.5286 87.5000 0.4487
120 1.3727 0.2792 66.0000 0.8018
62 1.3929 0.2016 37.5000 0.4249
48 1.2172 0.5417 20.0000 0.7852
48 1.2482 0.6042 18.0000 0.8467
49 1.2503 0.5102 23.0000 0.8192
48 1.2585 0.5208 21.0000 0.8750
48 1.2487 0.4167 24.0000 0.8115
48 1.2061 0.5417 21.0000 0.8115
48 1.1903 0.4062 25.5000 0.8128
48 1.2847 0.4583 23.5000 0.5172
48 1.2433 0.3333 24.0000 0.7732
48 1.2064 0.5938 18.0000 0.8260
36 1.3658 0.3571 21.0000 0.4052
98 1.2608 0.4490 43.0000 0.7984
50 1.1955 0.4500 25.5000 0.8670
44 1.2008 0.3333 24.0000 0.9741
944 1.2460 0.7185 245.5000 0.3255
84 1.1106 0.5774 32.5000 0.3840
65 1.1844 0.5461 26.0000 0.9757
242 1.4607 0.3223 142.5000 0.4212
242 1.4602 0.3140 143.0000 0.4664
73 1.1057 0.9041 5.0000 0.5064
87 1.1829 0.4943 41.0000 0.4892
87 1.2382 0.5287 38.0000 0.6281
87 1.2335 0.5575 35.0000 0.5885
86 1.3047 0.4535 39.0000 0.5258
84 1.2005 0.4465 43.5000 0.6659
51 1.2056 0.5600 20.0000 0.7483
51 1.1289 0.4388 23.5000 0.7310
51 1.1848 0.5300 22.5000 0.7069
51 1.2100 0.4902 25.0000 0.6937
51 1.2221 0.5098 24.0000 0.7376
51 1.2384 0.4706 24.0000 0.7484
51 1.1907 0.6177 19.0000 0.7241
51 1.1332 0.5800 20.0000 0.7628
51 1.1772 0.5600 20.0000 0.7267
51 1.1915 0.5294 22.0000 0.7033
51 1.1744 0.5882 20.0000 0.7671
51 1.1700 0.5196 23.5000 0.7269
51 1.2048 0.4510 25.5000 0.7269
51 1.2163 0.5294 22.0000 0.7269
924 1.2539 0.7100 258.5000 0.3548
86 1.3615 0.4070 43.5000 0.4124
86 1.4169 0.4477 40.5000 0.4980
13 1.2428 0.3077 8.0000 0.6945
14 1.1648 0.4286 8.0000 0.9079
14 1.3314 0.3928 8.5000 0.9079
14 1.1806 0.3571 9.0000 0.9079
14 1.1953 0.5000 7.0000 0.9079
15 1.2309 0.3333 10.0000 0.9215
15 1.1706 0.4000 9.0000 0.9215
15 1.2080 0.5333 7.0000 0.9215
15 1.2859 0.4667 7.0000 0.7167
34 1.2023 0.4412 18.0000 0.4357
35 1.2930 0.5000 15.5000 0.4943
46 1.2588 0.3043 26.0000 0.3790
35 1.1936 0.4857 14.0000 0.6639
32 1.2120 0.6875 9.0000 0.8403
31 1.1743 0.7742 7.0000 0.8251
32 1.1953 0.7500 8.0000 0.8503
32 1.1910 0.6719 10.5000 0.7578
73 1.1907 0.7466 16.0000 0.3765
73 1.1383 0.7466 18.0000 0.4847
73 1.1523 0.7055 20.5000 0.5089
73 1.1453 0.6917 21.5000 0.6315
73 1.1522 0.7055 20.5000 0.5089
73 1.1644 0.7397 17.0000 0.4538
73 1.1978 0.6712 22.0000 0.5176
75 1.2188 0.4000 42.0000 0.7872
42 1.1957 0.3452 27.5000 1.0000
42 1.2389 0.3690 26.0000 0.9696
42 1.2837 0.4048 24.0000 0.9520
42 1.1831 0.5238 19.0000 0.8664
909 1.2752 0.6865 270.5000 0.4338
941 1.2832 0.6918 274.5000 0.3854
947 1.2513 0.7287 246.5000 0.4032
946 1.2163 0.7510 226.5000 0.3358
946 1.2166 0.7658 211.0000 0.3526
946 1.2204 0.7706 209.0000 0.3483
946 1.2245 0.7748 204.5000 0.3550
70 1.2026 0.5286 29.5000 0.3624
621 1.4940 0.5366 248.0000 0.1356
37 1.3264 0.4324 19.0000 0.3606
949 1.1857 0.8003 182.0000 0.2651
949 1.1917 0.8004 182.5000 0.2834
949 1.1909 0.8003 183.5000 0.2198
447 1.2168 0.8143 79.0000 0.3262
35 1.2563 0.4706 17.5000 0.6613
85 1.2466 0.5353 33.0000 0.7606
90 1.2338 0.4834 40.0000 0.5958
90 1.2736 0.4556 44.0000 0.8622
90 1.3124 0.5333 40.0000 0.6196
90 1.3098 0.4612 44.5000 0.6512
90 1.2649 0.5000 39.0000 0.6348
86 1.1940 0.6395 26.0000 0.7915
42 1.1320 0.4500 23.0000 0.9447
57 1.2614 0.2894 32.0000 0.5677
58 1.2019 0.2759 36.0000 0.5365
58 1.1943 0.3276 31.0000 0.7879
58 1.2744 0.2759 33.0000 0.6595
130 1.2527 0.5820 45.0000 0.7172
63 1.2886 0.3306 32.0000 0.9281
63 1.2895 0.3306 32.0000 0.9281
62 1.3760 0.3770 35.0000 0.9297
58 1.2639 0.3276 34.0000 0.5572
58 1.2652 0.2414 33.5000 0.5349
17 1.2227 0.3438 10.0000 0.8099
17 1.2144 0.4375 8.0000 0.9092
66 1.3918 0.4773 32.5000 0.9329
61 1.3923 0.4333 31.0000 0.8769
63 1.3931 0.4603 29.5000 0.8597
66 1.3382 0.4545 32.0000 0.8898
66 1.2620 0.4773 32.0000 0.9049
174 1.3843 0.4195 89.0000 0.4715
118 1.2662 0.3983 63.0000 0.5638
118 1.2213 0.3687 66.5000 0.5843
55 1.3133 0.3868 29.0000 0.8662
55 1.2623 0.3273 29.0000 0.8882
90 1.1837 0.5389 38.0000 0.6451
55 1.2857 0.3273 31.0000 0.9224
55 1.2571 0.3818 28.0000 0.9033
55 1.2376 0.4182 27.5000 0.9284
73 1.1057 0.9041 5.0000 0.5064
949 1.1883 0.8003 184.5000 0.2540
37 1.1507 0.5556 17.0000 0.7044
38 1.1526 0.5405 18.0000 0.6112
239 1.4699 0.4895 107.5000 0.3683
498 1.0768 0.9538 23.0000 0.5764
64 1.2477 0.4922 31.0000 0.5935
457 1.0654 0.9814 8.5000 0.4756
481 1.0628 0.9813 9.0000 0.5126
457 1.0638 0.9880 5.5000 0.4739
457 1.0696 0.9836 7.5000 0.4748
737 1.3712 0.5712 289.5000 0.3860
802 1.3173 0.5798 307.5000 0.4209
853 1.3669 0.6319 293.0000 0.4640
844 1.2855 0.6327 293.0000 0.4561
886 1.3693 0.6552 289.5000 0.4708
881 1.3070 0.6152 313.5000 0.4209
469 1.1845 0.8422 73.0000 0.3469
63 1.2990 0.2951 35.5000 0.9539
47 1.2622 0.3830 28.0000 0.8629
62 1.3222 0.3084 35.0000 0.9058
881 1.1778 0.7100 230.0000 0.5576
66 1.3109 0.3594 35.5000 0.8753
104 1.3106 0.2794 62.0000 0.9693
120 1.3895 0.2839 69.0000 0.9043
80 1.3126 0.2436 56.0000 0.4795
104 1.3363 0.2745 60.5000 0.8880
120 1.4362 0.2627 67.0000 0.8500
80 1.3415 0.1667 60.0000 0.4153
69 1.2376 0.3478 42.0000 0.5073
69 1.2500 0.3406 42.5000 0.5080
69 1.2479 0.3333 42.0000 0.5196
69 1.2631 0.3333 42.0000 0.5134
69 1.2556 0.3188 42.0000 0.5089
69 1.2673 0.3043 42.0000 0.5398
69 1.2563 0.3478 42.5000 0.5398
69 1.2584 0.3478 43.0000 0.5016
69 1.2702 0.3333 42.5000 0.5073
69 1.2550 0.3115 43.0000 0.5200
68 1.2299 0.3602 41.0000 0.5072
72 1.3343 0.2986 44.5000 0.4963
72 1.2969 0.2917 45.0000 0.5219
72 1.3258 0.3056 44.0000 0.5204
72 1.2681 0.2917 46.0000 0.5265
87 1.1425 0.5294 38.0000 0.5211
61 1.4413 0.4000 33.0000 0.9036
52 1.3544 0.2885 26.0000 0.9677
52 1.3041 0.2500 31.0000 1.0000
52 1.3055 0.2788 30.5000 1.0000
52 1.3055 0.2788 30.5000 1.0000
52 1.3055 0.2788 30.5000 1.0000
52 1.3469 0.2692 26.0000 0.9324
52 1.3224 0.2308 25.0000 0.8495
90 1.2988 0.5389 37.5000 0.6132
95 1.1986 0.5211 39.0000 0.6919
79 1.1912 0.6203 27.0000 0.4078
