63 1.1955 0.6111 24.5000 0.5064
63 1.1907 0.6825 20.0000 0.3109
33 1.2206 0.3438 18.0000 0.6284
62 1.1193 0.7823 11.5000 0.3555
62 1.1150 0.8145 9.5000 0.3535
62 1.1135 0.6935 17.0000 0.3436
62 1.1136 0.6935 17.0000 0.3436
62 1.1136 0.6935 17.0000 0.3436
62 1.1136 0.6935 17.0000 0.3436
62 1.1136 0.6935 17.0000 0.3436
34 1.2931 0.3824 20.0000 0.2842
34 1.3420 0.3529 18.0000 0.2842
34 1.2962 0.3235 18.0000 0.2842
42 1.1667 0.6190 16.0000 0.9113
62 1.1370 0.8387 9.5000 0.5122
62 1.1576 0.8145 10.0000 0.5388
62 1.1370 0.8387 9.5000 0.5122
62 1.1576 0.8145 10.0000 0.5388
62 1.1370 0.8387 9.5000 0.5122
62 1.1576 0.8145 10.0000 0.5388
42 1.2348 0.6905 13.0000 0.9417
41 1.2877 0.3077 26.0000 0.2636
41 1.3172 0.2821 24.0000 0.2636
42 1.1559 0.7024 12.5000 0.9417
46 1.1254 0.4773 21.0000 0.9205
33 1.1828 0.6875 11.0000 0.8069
46 1.1728 0.4887 22.0000 0.9205
42 1.2356 0.5500 18.0000 0.8569
20 1.1908 0.2222 13.0000 0.9324
62 1.1269 0.8525 10.0000 0.3419
62 1.1358 0.8197 11.0000 0.3470
19 1.3334 0.1176 10.0000 0.9225
62 1.1311 0.7581 12.5000 0.5614
62 1.1311 0.7581 12.5000 0.5614
62 1.0993 0.7581 13.0000 0.5614
62 1.1217 0.7419 16.0000 0.4073
62 1.1326 0.7419 16.0000 0.4073
62 1.1593 0.7419 16.0000 0.5379
46 1.0998 0.5682 19.0000 0.9205
88 1.2769 0.5909 33.0000 0.6589
88 1.2925 0.5114 37.5000 0.6531
46 1.1403 0.3913 24.0000 0.7388
14 1.4065 0.2500 10.0000 0.4789
46 1.1715 0.5455 19.0000 0.9603
46 1.1393 0.5455 18.0000 0.9205
46 1.1440 0.5000 20.5000 0.9205
46 1.1454 0.4318 24.0000 0.9205
46 1.1425 0.4773 22.0000 0.9205
46 1.2068 0.5682 17.0000 0.9205
64 1.1726 0.5312 28.0000 0.5670
45 1.2045 0.6512 17.0000 0.7255
41 1.2740 0.3718 24.0000 0.2636
46 1.1601 0.5909 18.0000 0.9802
42 1.1157 0.7738 9.5000 0.8799
42 1.0863 0.8095 8.0000 0.8799
32 1.2298 0.6562 11.0000 0.7847
44 1.1715 0.7024 13.5000 0.9696
42 1.2542 0.6310 15.0000 0.9417
42 1.2830 0.6786 12.5000 0.8460
42 1.2824 0.5714 15.0000 0.9417
42 1.2936 0.6786 13.0000 0.8216
42 1.1601 0.7024 12.5000 0.8399
42 1.2525 0.6548 13.5000 0.7516
42 1.2589 0.5500 18.0000 0.7546
44 1.1638 0.5455 20.0000 0.6802
42 1.0958 0.8571 6.0000 0.9059
33 1.2184 0.5484 14.0000 0.4224
33 1.1884 0.4839 16.0000 0.3872
33 1.2247 0.2903 18.0000 0.4100
42 1.3521 0.4881 20.5000 0.4472
42 1.2281 0.7143 12.0000 0.7873
19 1.3226 0.4706 9.5000 0.8597
84 1.2016 0.5535 35.5000 0.7067
41 1.3113 0.3846 24.0000 0.2636
41 1.2832 0.3205 24.0000 0.2636
16 1.1521 0.3333 10.0000 0.3936
60 1.2433 0.4825 28.5000 0.7203
41 1.3462 0.3590 24.5000 0.2852
60 1.1797 0.4483 29.0000 0.7512
41 1.2458 0.4211 21.0000 0.2634
86 1.1683 0.6279 28.0000 0.8908
92 1.2580 0.3478 48.5000 0.9185
92 1.1639 0.4022 45.0000 0.9699
88 1.2057 0.4205 43.0000 0.9106
92 1.2176 0.4511 39.0000 0.9278
88 1.2350 0.3977 46.0000 0.9161
88 1.1862 0.4432 47.0000 0.9558
81 1.2430 0.3333 47.5000 0.9042
16 1.3574 0.8571 4.0000 0.9079
16 1.2957 0.5625 7.0000 0.9220
91 1.1830 0.4778 43.0000 0.9355
92 1.1627 0.5054 41.0000 0.8117
91 1.1696 0.4945 40.5000 0.9060
91 1.2163 0.4835 40.5000 0.6209
65 1.2203 0.4531 32.0000 0.5311
16 1.3419 0.4062 9.0000 0.9220
16 1.2578 0.4375 9.0000 0.9220
82 1.3032 0.5610 29.5000 0.7258
923 1.2067 0.7081 257.5000 0.4898
73 1.1255 0.8904 8.0000 0.4964
11 1.8998 0.1818 9.0000 0.7610
73 1.2411 0.6438 26.0000 0.5532
73 1.2208 0.6301 26.5000 0.5287
184 1.2755 0.3451 96.0000 0.4939
22 1.2545 0.0000 17.0000 0.9466
22 1.2799 0.2727 12.0000 0.6067
22 1.1185 0.4545 11.0000 0.9466
28 1.1428 0.6154 11.0000 0.9560
70 1.2397 0.3863 35.0000 0.8295
74 1.3026 0.4072 37.5000 0.9657
72 1.3580 0.4118 35.5000 0.8259
70 1.2765 0.3088 38.5000 0.8554
70 1.3555 0.3636 35.0000 0.8712
72 1.2879 0.3602 39.0000 0.8554
70 1.2283 0.3788 37.0000 0.8469
74 1.2969 0.3286 40.0000 0.9657
70 1.2360 0.4242 35.0000 0.8469
74 1.2222 0.3429 39.5000 0.9657
86 1.1686 0.5000 38.0000 0.7609
87 1.2500 0.5172 36.0000 0.8061
86 1.1726 0.4826 36.0000 0.7609
86 1.1602 0.5349 33.0000 0.7652
86 1.2271 0.4942 36.0000 0.7721
82 1.2045 0.5366 34.5000 0.4621
86 1.1507 0.4767 38.0000 0.6991
87 1.1585 0.5057 36.5000 0.7398
86 1.1507 0.4709 36.0000 0.6528
86 1.1273 0.5698 32.0000 0.6421
86 1.1175 0.4651 37.0000 0.6763
86 1.1405 0.5349 33.0000 0.6975
86 1.1991 0.4942 37.5000 0.7808
87 1.2344 0.5459 34.0000 0.7994
86 1.1832 0.4651 38.0000 0.6195
85 1.1876 0.4706 33.0000 0.7934
86 1.1798 0.4767 39.0000 0.7709
87 1.2031 0.4943 35.5000 0.7517
86 1.1572 0.6341 32.0000 0.9253
86 1.1565 0.6463 31.5000 0.8475
86 1.1934 0.6163 31.0000 0.8941
86 1.1673 0.6744 26.5000 0.5612
42 1.1604 0.7857 9.0000 0.8799
42 1.0916 0.7805 10.0000 0.5615
43 1.1480 0.7500 9.5000 0.5263
20 1.2446 0.4500 11.0000 0.8921
20 1.2161 0.4500 11.0000 0.8921
20 1.1808 0.4500 11.0000 0.8921
20 1.2360 0.4500 11.0000 0.8921
20 1.1680 0.4500 11.0000 0.8921
20 1.2591 0.4500 11.0000 0.8921
98 1.2039 0.5051 44.5000 0.8050
42 1.2078 0.6429 15.0000 0.9417
84 1.1719 0.6607 28.5000 0.5272
46 1.2088 0.4318 21.0000 0.9205
65 1.3653 0.3934 32.0000 0.2484
82 1.1540 0.6098 31.0000 0.5150
82 1.1364 0.7256 22.5000 0.4089
42 1.2938 0.7143 12.0000 0.9417
11 1.2667 0.2000 7.0000 0.6857
44 1.3066 0.6478 15.0000 0.7019
16 1.2513 0.3333 8.0000 0.3917
16 1.1140 0.7333 5.0000 0.4866
16 1.1277 0.6667 6.0000 0.3917
16 1.2371 0.5333 7.0000 0.4866
16 1.2248 0.5000 7.0000 0.3917
16 1.1261 0.5333 7.0000 0.3917
16 1.2372 0.6667 6.0000 0.3917
16 1.1038 0.6000 7.0000 0.3917
42 1.2125 0.6190 15.5000 0.9078
67 1.4417 0.3615 34.0000 0.9442
39 1.1511 0.3889 24.5000 0.9053
63 1.1969 0.6190 23.5000 0.8515
63 1.1765 0.6349 23.0000 0.7878
20 1.0526 0.4444 10.0000 0.9324
20 1.0778 0.2778 9.0000 0.9324
20 1.1799 0.6111 7.5000 0.9324
20 1.1645 0.3889 11.0000 0.9324
21 1.2197 0.4000 12.0000 0.8615
20 1.3054 0.4000 11.0000 0.7461
42 1.2552 0.6429 15.0000 0.9417
41 1.1572 0.7073 12.0000 0.1426
47 1.2892 0.3404 28.0000 0.8908
47 1.2515 0.3297 27.0000 0.8004
46 1.2295 0.3478 26.0000 0.8283
48 1.2399 0.3542 27.0000 0.8908
40 1.1819 0.4872 20.0000 0.9297
46 1.3818 0.4565 23.0000 0.7289
46 1.2355 0.4130 25.0000 0.7058
46 1.3460 0.4348 24.0000 0.7058
46 1.3989 0.4130 24.0000 0.6744
47 1.3236 0.2979 26.0000 0.8158
47 1.3278 0.4468 23.0000 0.7017
47 1.3344 0.4255 22.5000 0.7290
15 1.3547 0.3077 8.0000 0.8063
55 1.1618 0.1852 42.0000 0.2869
84 1.2991 0.4881 37.5000 0.6302
83 1.4143 0.4096 43.0000 0.4884
62 1.1634 0.7339 14.0000 0.4973
62 1.1138 0.6935 17.0000 0.3436
60 1.1290 0.2881 42.0000 1.0000
59 1.0988 0.2456 43.0000 0.2871
61 1.1912 0.3667 36.5000 0.8655
61 1.1932 0.4000 34.5000 0.8655
62 1.1370 0.8387 9.5000 0.5122
62 1.1576 0.8145 10.0000 0.5388
87 1.1801 0.5402 38.0000 0.4876
87 1.2263 0.3908 41.5000 0.3911
87 1.1697 0.5172 38.0000 0.5568
87 1.1758 0.4368 42.0000 0.6130
87 1.1884 0.5344 38.0000 0.7035
87 1.2339 0.5402 36.0000 0.6954
84 1.2048 0.5060 38.0000 0.4941
84 1.1408 0.6489 29.5000 0.8069
84 1.1627 0.4167 44.0000 0.5433
84 1.1901 0.5595 34.0000 0.6725
84 1.1473 0.4524 41.0000 0.6275
84 1.1724 0.6190 32.0000 0.8402
84 1.1559 0.4524 41.0000 0.6088
84 1.1633 0.6310 31.0000 0.8422
84 1.1559 0.4524 41.0000 0.5195
84 1.1707 0.6429 30.0000 0.6530
84 1.2117 0.4821 40.0000 0.4503
84 1.1848 0.5714 35.5000 0.4708
30 1.2500 0.6296 8.0000 0.9341
28 1.3692 0.5385 11.0000 0.9340
26 1.2228 0.5833 11.0000 0.9242
85 1.2336 0.4353 42.5000 0.1565
85 1.2641 0.4706 43.0000 0.2433
84 1.2221 0.5060 35.0000 0.3615
84 1.1503 0.5952 33.0000 0.6644
83 1.1203 0.6024 32.0000 0.2337
83 1.2683 0.4819 34.0000 0.8132
83 1.2040 0.5301 31.5000 0.5639
20 1.3805 0.5000 9.0000 0.4180
18 1.2767 0.0000 8.5000 0.9320
28 1.2603 0.5000 13.0000 0.8792
29 1.0959 0.5385 13.0000 0.9340
28 1.2341 0.4400 12.0000 1.0000
27 1.1834 0.4600 14.5000 1.0000
28 1.2149 0.4423 10.0000 1.0000
28 1.1837 0.5000 12.0000 1.0000
28 1.2488 0.4615 11.0000 0.9340
75 1.1654 0.6351 23.5000 0.6264
73 1.1255 0.8904 8.0000 0.4964
40 1.2453 0.2564 23.0000 0.9123
31 1.3939 0.3500 23.0000 0.8638
60 1.1130 0.2712 43.0000 0.7051
60 1.1181 0.3051 42.0000 0.6730
12 1.2156 0.3750 7.0000 0.3257
45 1.2068 0.3721 26.0000 0.9476
45 1.2183 0.3837 24.0000 0.9217
45 1.1947 0.4419 21.5000 0.9217
60 1.1603 0.2712 43.0000 0.2872
60 1.1456 0.2542 44.0000 0.2656
45 1.2022 0.1860 24.0000 0.9217
45 1.1692 0.2326 25.0000 0.9217
158 1.5449 0.4586 78.5000 0.1575
17 1.2654 0.3529 11.0000 0.4896
87 1.1802 0.4598 41.0000 0.7056
40 1.2736 0.4211 19.0000 0.9122
73 1.1806 0.8014 14.5000 0.4517
18 1.1094 0.5625 9.0000 0.9092
16 1.2811 0.1429 9.0000 0.8897
16 1.2938 0.2143 9.0000 1.0000
73 1.1235 0.8082 14.0000 0.4538
73 1.0999 0.8972 7.5000 0.4643
91 1.2161 0.4890 43.5000 0.6486
73 1.1095 0.8904 8.0000 0.4742
91 1.1908 0.4505 42.0000 0.8393
73 1.0800 0.9246 5.5000 0.4756
91 1.1469 0.5824 36.0000 0.6663
73 1.1923 0.7055 19.5000 0.5243
62 1.1056 0.7016 18.5000 0.4961
73 1.1875 0.6506 25.5000 0.4378
73 1.1890 0.6506 25.0000 0.4844
40 1.1857 0.4359 20.0000 0.9123
99 1.2764 0.4646 49.0000 0.5986
254 1.4207 0.4626 118.0000 0.6364
229 1.3815 0.4388 109.0000 0.5058
42 1.2600 0.3846 19.0000 0.8320
25 1.1541 0.6087 10.0000 0.7247
25 1.1627 0.5870 11.5000 0.7961
25 1.1207 0.5652 12.0000 0.6652
25 1.0981 0.6522 8.0000 0.8295
22 1.1542 0.2273 14.0000 0.9334
83 1.1786 0.7108 23.0000 0.5910
85 1.1623 0.7000 25.0000 0.6045
82 1.1292 0.7134 23.0000 0.4318
83 1.1423 0.7561 20.0000 0.7607
169 1.2670 0.4556 81.0000 0.5010
910 1.3077 0.6725 269.5000 0.2502
146 1.2196 0.4760 69.0000 0.5381
20 1.0878 0.2778 9.0000 0.9324
15 1.3710 0.3846 8.0000 0.8063
59 1.1878 0.3276 35.0000 0.8158
59 1.2070 0.3103 36.0000 0.7899
73 1.0985 0.9109 6.5000 0.4847
73 1.0975 0.9246 5.5000 0.4742
73 1.0775 0.9589 3.0000 0.4847
73 1.0927 0.9041 7.0000 0.4847
73 1.0912 0.9041 7.0000 0.4847
73 1.0789 0.9178 6.0000 0.4742
103 1.3136 0.5243 46.0000 0.5233
40 1.2426 0.5000 17.0000 0.7987
40 1.2902 0.3290 23.0000 0.9252
40 1.2321 0.4211 21.0000 0.8440
40 1.1959 0.5128 19.0000 0.7444
40 1.1881 0.5385 18.0000 0.7696
40 1.1875 0.5385 18.0000 0.7696
40 1.1849 0.4872 20.0000 0.7696
40 1.2079 0.5128 19.0000 0.7696
44 1.1972 0.6429 16.0000 0.9417
44 1.1693 0.6905 15.0000 0.8799
101 1.2759 0.5595 41.0000 0.7500
103 1.2990 0.5389 44.0000 0.6142
41 1.1450 0.5976 15.0000 0.8252
42 1.3620 0.6429 14.5000 0.9400
295 1.3817 0.5000 130.0000 0.8126
176 1.2397 0.4261 89.5000 0.5050
296 1.4373 0.4291 145.5000 0.4729
59 1.1947 0.2759 39.0000 0.2338
29 1.2645 0.5000 13.0000 0.8792
12 1.1580 0.2500 7.0000 0.3234
12 1.2089 0.2916 7.0000 0.3234
12 1.2438 0.2500 7.0000 0.3234
12 1.1212 0.2500 7.0000 0.3234
12 1.1233 0.5000 6.0000 0.3234
12 1.0828 0.3333 8.0000 0.6969
12 1.0762 0.3333 8.0000 0.6969
12 1.1176 0.3333 8.0000 0.6969
12 1.2083 0.3333 8.0000 0.4399
45 1.1961 0.3810 22.0000 0.9476
87 1.2165 0.4483 41.5000 0.6652
87 1.1817 0.4767 40.5000 0.5837
95 1.1945 0.5585 41.5000 0.8723
238 1.3440 0.5126 109.5000 0.7026
95 1.4286 0.4947 44.0000 0.3992
95 1.4351 0.4737 45.0000 0.4223
13 1.1909 0.2500 9.0000 0.3234
13 1.1218 0.1667 10.0000 0.8597
64 1.2461 0.4766 32.0000 0.8571
64 1.1679 0.5000 31.0000 0.8990
64 1.2357 0.5156 28.0000 0.5673
28 1.1758 0.4286 14.0000 0.7530
28 1.2617 0.4286 13.5000 0.4035
29 1.1766 0.5172 14.0000 0.6080
29 1.2231 0.4483 16.0000 0.2828
41 1.2575 0.4146 21.0000 0.7698
87 1.2658 0.5287 37.0000 0.7362
621 1.7494 0.5805 225.0000 0.0947
621 1.6991 0.5974 220.5000 0.1119
19 1.0802 0.1111 11.0000 0.8507
40 1.2349 0.4211 17.0000 0.7986
40 1.1616 0.4103 19.0000 0.9123
40 1.2272 0.4474 18.0000 0.9122
157 1.2525 0.6306 55.5000 0.3888
157 1.2380 0.6051 58.5000 0.4059
163 1.1265 0.5186 72.0000 0.7422
97 1.1384 0.5567 42.0000 0.8014
23 1.2054 0.4131 11.0000 0.4258
386 1.2967 0.5298 159.0000 0.4981
18 1.5814 0.3333 9.0000 0.9324
19 1.4731 0.4474 9.0000 0.8768
14 1.0843 0.3077 10.0000 0.6985
25 1.2096 0.7200 7.0000 0.8301
25 1.2092 0.7200 7.0000 0.8301
25 1.1168 0.8400 4.0000 1.0000
25 1.1304 0.8000 5.0000 1.0000
25 1.1718 0.5200 11.0000 0.4645
25 1.0792 0.8400 4.0000 0.7967
34 1.2563 0.4412 17.5000 1.0000
923 1.3708 0.5510 370.0000 0.4465
923 1.3838 0.5070 407.5000 0.4541
29 1.1462 0.6552 9.0000 0.8309
26 1.1060 0.6667 10.0000 0.7965
26 1.1339 0.7291 8.5000 0.8298
26 1.1339 0.7291 8.5000 0.8298
217 1.4871 0.5553 89.5000 0.3876
458 1.1393 0.8100 85.0000 0.4672
54 1.2862 0.4815 25.5000 0.7541
43 1.2698 0.4070 25.0000 0.6399
25 1.1834 0.4800 11.5000 0.2254
62 1.1367 0.7500 14.0000 0.3525
20 1.2241 0.3500 13.0000 0.9330
20 1.2246 0.3500 13.0000 1.0000
20 1.2192 0.4000 12.0000 1.0000
20 1.1359 0.5500 9.0000 1.0000
19 1.1977 0.3158 13.0000 1.0000
43 1.2714 0.4186 24.0000 0.9063
98 1.1776 0.6837 27.5000 0.6876
55 1.3102 0.3400 30.0000 0.3519
55 1.3184 0.3019 34.0000 0.3145
63 1.2917 0.5328 26.0000 0.9281
944 1.4017 0.5886 352.0000 0.3917
944 1.3788 0.6336 320.0000 0.3869
402 1.1241 0.8471 59.5000 0.5031
109 1.4704 0.3624 57.0000 0.7112
130 1.4986 0.3846 68.0000 0.7548
20 1.1235 0.2105 15.0000 0.2741
98 1.1917 0.5208 40.5000 0.8459
146 1.1933 0.6849 46.0000 0.7355
453 1.0870 0.8940 48.0000 0.5738
146 1.1806 0.6952 44.0000 0.7124
453 1.0936 0.8808 54.0000 0.5288
54 1.3085 0.3426 29.0000 0.9658
85 1.2648 0.5529 36.0000 0.5895
87 1.1991 0.4598 42.0000 0.7506
472 1.0768 0.9566 20.5000 0.0950
927 1.1848 0.6899 268.0000 0.4770
924 1.2041 0.6937 266.5000 0.4602
924 1.2050 0.6931 265.5000 0.5039
924 1.1946 0.7094 252.5000 0.5076
924 1.2015 0.7029 259.5000 0.4841
924 1.2074 0.6943 267.0000 0.4628
924 1.2103 0.7072 252.5000 0.4713
64 1.2462 0.4766 32.0000 0.8571
79 1.3379 0.5633 33.0000 0.5785
928 1.2292 0.7026 270.0000 0.3993
928 1.2466 0.7052 259.5000 0.3966
928 1.2352 0.7102 255.0000 0.3946
928 1.2717 0.6789 280.5000 0.3323
453 1.0580 0.9801 9.0000 0.4058
453 1.0482 0.9801 9.0000 0.5067
453 1.0513 0.9823 8.0000 0.4078
453 1.0520 0.9801 9.0000 0.5276
453 1.0658 0.9636 16.5000 0.4641
453 1.0645 0.9735 12.0000 0.4969
453 1.0825 0.9514 21.0000 0.4525
453 1.0673 0.9691 13.0000 0.3874
24 1.2424 0.5000 10.5000 0.8313
22 1.2986 0.5000 10.0000 0.9466
465 1.1235 0.8892 50.0000 0.4762
52 1.4097 0.3077 24.0000 1.0000
210 1.4019 0.5262 84.5000 0.4729
120 1.4097 0.2750 78.5000 0.9745
62 1.4728 0.1935 44.0000 0.5223
48 1.2054 0.5208 16.0000 0.8750
48 1.1867 0.5417 18.0000 0.9063
49 1.2782 0.4184 22.5000 0.5968
48 1.2499 0.5000 20.5000 0.5698
48 1.1931 0.3958 23.0000 0.8115
48 1.2172 0.5417 21.0000 0.6006
48 1.1788 0.3958 26.5000 0.8467
48 1.1894 0.5000 20.5000 0.8406
48 1.2163 0.3958 22.0000 0.8906
48 1.2177 0.5521 17.5000 0.8750
36 1.9154 0.1572 26.0000 0.4052
98 1.1792 0.5204 36.5000 0.4081
50 1.1898 0.5400 21.0000 0.8824
44 1.1804 0.3214 23.0000 0.9476
944 1.2511 0.6951 272.0000 0.4458
84 1.1738 0.5952 29.0000 0.8131
65 1.2163 0.5692 26.5000 0.9264
242 1.5886 0.3058 140.5000 0.5171
242 1.6052 0.2934 141.0000 0.4908
73 1.0979 0.8630 10.0000 0.4534
87 1.1692 0.6380 30.5000 0.7534
87 1.1477 0.6035 33.0000 0.7700
87 1.1475 0.6264 30.0000 0.8476
86 1.2725 0.4419 39.5000 0.6250
84 1.1429 0.5476 36.0000 0.6153
51 1.2113 0.4900 26.0000 0.5417
51 1.1454 0.4592 27.0000 0.4571
51 1.1268 0.4000 26.0000 0.5417
51 1.1075 0.4314 28.0000 0.7241
51 1.1311 0.4118 25.0000 0.7484
51 1.0738 0.3922 28.0000 0.7484
51 1.1492 0.4412 24.0000 0.5838
51 1.1445 0.4400 25.0000 0.6011
51 1.1305 0.4400 25.0000 0.5417
51 1.1521 0.3529 27.0000 0.8469
51 1.1325 0.4118 26.0000 0.9386
51 1.1527 0.4510 26.0000 0.7918
51 1.1842 0.4020 29.0000 0.7376
51 1.1479 0.3725 28.0000 0.9025
924 1.2064 0.7051 259.0000 0.4448
86 1.2373 0.4302 43.0000 0.6651
86 1.2701 0.4186 46.0000 0.4485
13 1.4199 0.4615 7.0000 0.6945
14 1.4071 0.0714 12.5000 0.9079
14 1.4530 0.0714 13.0000 0.9079
14 1.4758 0.0714 12.0000 0.9079
14 1.3306 0.2143 11.0000 0.9079
15 1.4435 0.2667 11.0000 0.9215
15 1.4965 0.2000 12.0000 0.9215
15 1.4787 0.2000 12.0000 0.9215
15 1.5894 0.2000 12.0000 0.7703
34 1.2574 0.3971 20.0000 0.2302
35 1.2102 0.4286 19.0000 0.2305
46 1.4518 0.3478 25.5000 0.4854
35 1.2180 0.4286 19.0000 0.2305
32 1.1862 0.6875 10.0000 0.8927
31 1.1264 0.7419 8.0000 0.8000
32 1.1049 0.7812 7.0000 0.8002
32 1.1592 0.6250 11.0000 0.8503
73 1.1643 0.6712 24.0000 0.3975
73 1.1439 0.7808 15.5000 0.5078
73 1.1774 0.7602 17.5000 0.4740
73 1.1260 0.7945 15.0000 0.4348
73 1.1773 0.7602 17.5000 0.4740
73 1.1337 0.7671 17.0000 0.4643
73 1.1935 0.7397 18.5000 0.5089
75 1.3061 0.4600 37.5000 0.8008
42 1.2404 0.4286 24.0000 0.9020
42 1.1859 0.4643 22.5000 1.0000
42 1.2508 0.3095 25.0000 1.0000
42 1.1552 0.4167 23.5000 0.9677
909 1.3065 0.7112 249.5000 0.3706
941 1.2755 0.7258 246.5000 0.3683
947 1.2481 0.7561 221.0000 0.3876
946 1.1719 0.7712 208.0000 0.3919
946 1.1828 0.7569 220.5000 0.3920
946 1.1782 0.7616 212.5000 0.3756
946 1.1717 0.7722 208.0000 0.3770
70 1.2525 0.5714 28.0000 0.4900
621 1.5855 0.5591 235.0000 0.1349
37 1.2679 0.4054 19.0000 0.5111
949 1.1791 0.7924 191.0000 0.3368
949 1.1808 0.7935 194.0000 0.3450
949 1.1722 0.7803 203.5000 0.3189
447 1.1847 0.8177 80.0000 0.3423
35 1.4399 0.2647 20.5000 0.8651
85 1.2232 0.5882 32.0000 0.7706
90 1.2546 0.4778 41.5000 0.8139
90 1.2249 0.4111 45.0000 0.8855
90 1.2291 0.4278 46.0000 0.8329
90 1.2555 0.4222 47.0000 0.7309
90 1.2037 0.4556 46.0000 0.6039
86 1.1571 0.7035 25.5000 0.7997
42 1.2021 0.4000 24.0000 0.9447
57 1.3498 0.2281 35.0000 0.5677
58 1.2641 0.2500 35.0000 0.5783
58 1.2603 0.1724 37.0000 0.4336
58 1.2302 0.1983 37.0000 0.5897
130 1.2707 0.4961 60.0000 0.5483
63 1.3031 0.2339 36.5000 0.9467
63 1.3001 0.2339 36.5000 0.9467
62 1.3375 0.4672 33.0000 0.9518
58 1.2813 0.2242 37.0000 0.6378
58 1.3019 0.1810 37.5000 0.4982
17 1.3644 0.2812 11.0000 0.9092
17 1.1746 0.3750 9.0000 0.9092
66 1.2761 0.5455 30.0000 0.8880
61 1.3052 0.3916 33.5000 0.9000
63 1.2449 0.4206 34.5000 0.9226
66 1.2709 0.4545 34.0000 0.9264
66 1.2551 0.4167 33.5000 0.9245
174 1.3175 0.3736 90.0000 0.5359
118 1.2725 0.3687 67.0000 0.6607
118 1.3003 0.3051 74.0000 0.6607
55 1.2470 0.3585 28.0000 0.8560
55 1.3350 0.3273 30.5000 0.9087
90 1.2139 0.4778 42.0000 0.5432
55 1.3168 0.3364 30.0000 0.8915
55 1.3047 0.3727 30.0000 0.9033
55 1.3387 0.3636 30.0000 0.9077
73 1.0980 0.8630 10.0000 0.4534
949 1.1793 0.7993 189.0000 0.3770
37 1.2339 0.2500 23.0000 0.6415
38 1.2432 0.2432 24.0000 0.6112
239 1.5456 0.4958 103.5000 0.3266
498 1.0660 0.9699 14.0000 0.5730
64 1.2580 0.5000 29.5000 0.7344
457 1.0553 0.9814 8.5000 0.5803
481 1.0637 0.9719 13.5000 0.6433
457 1.0585 0.9759 11.0000 0.5669
457 1.0549 0.9825 8.0000 0.5854
737 1.3266 0.5827 283.5000 0.5470
802 1.3203 0.5848 305.0000 0.5208
853 1.2841 0.6284 294.0000 0.5197
844 1.2797 0.6546 273.0000 0.5283
886 1.2849 0.6795 271.0000 0.5194
881 1.2597 0.6431 285.0000 0.5255
469 1.1357 0.8060 87.0000 0.4292
63 1.2767 0.3770 35.5000 0.9637
47 1.1717 0.3830 28.0000 0.7741
62 1.2498 0.4333 28.0000 0.9637
881 1.2153 0.7230 227.5000 0.6363
66 1.2797 0.4141 36.0000 0.8771
104 1.3893 0.3186 59.0000 0.9899
120 1.3502 0.3687 65.0000 0.9913
80 1.3411 0.3654 38.0000 0.9866
104 1.3874 0.3088 62.0000 0.9899
120 1.3319 0.3899 64.5000 0.9913
80 1.3111 0.4231 35.5000 0.9866
69 1.2283 0.2102 48.0000 0.6170
69 1.2809 0.2899 45.0000 0.6520
69 1.2675 0.2754 46.0000 0.6856
69 1.2738 0.2826 45.0000 0.6390
69 1.2900 0.2754 46.5000 0.5398
69 1.2906 0.2754 46.0000 0.6141
69 1.2622 0.3188 43.0000 0.5806
69 1.2720 0.3333 44.0000 0.6170
69 1.2985 0.3188 44.0000 0.6170
69 1.2881 0.2899 44.5000 0.6512
68 1.2829 0.3235 44.0000 0.7222
72 1.3443 0.2986 43.5000 0.6347
72 1.3016 0.2778 45.0000 0.5973
72 1.3171 0.2917 44.0000 0.5791
72 1.3020 0.3195 45.0000 0.6066
87 1.1527 0.5294 37.0000 0.8824
61 1.2749 0.4000 34.0000 0.9250
52 1.5293 0.2981 29.0000 1.0000
52 1.4749 0.3269 29.0000 1.0000
52 1.4752 0.3269 28.5000 1.0000
52 1.4752 0.3269 28.5000 1.0000
52 1.4752 0.3269 28.5000 1.0000
52 1.4407 0.3654 26.0000 0.9076
52 1.4538 0.3173 28.5000 0.9353
90 1.2484 0.5444 37.0000 0.7593
95 1.3101 0.4789 43.0000 0.7228
79 1.1218 0.6076 31.0000 0.6529

