63 1.2391 0.7381 16.5000 0.5497
63 1.1432 0.7302 16.0000 0.7289
33 1.1924 0.5312 16.0000 0.3902
62 1.1468 0.8226 10.0000 0.5677
62 1.1367 0.9516 3.0000 0.4574
62 1.1569 0.8952 6.5000 0.5491
62 1.1570 0.8952 6.5000 0.5491
62 1.1572 0.8952 6.5000 0.5491
62 1.1571 0.8952 6.5000 0.5491
62 1.1567 0.8952 6.5000 0.5491
34 1.4425 0.3824 19.0000 0.2842
34 1.3383 0.2941 22.0000 0.2842
34 1.4701 0.3529 21.0000 0.2842
42 1.1451 0.6071 16.5000 0.9417
62 1.1323 0.9516 3.0000 0.4712
62 1.1837 0.9032 6.0000 0.4539
62 1.1323 0.9516 3.0000 0.4712
62 1.1837 0.9032 6.0000 0.4539
62 1.1323 0.9516 3.0000 0.4712
62 1.1837 0.9032 6.0000 0.4539
42 1.1681 0.6429 15.0000 0.8474
42 1.1586 0.6667 14.0000 0.8137
46 1.2685 0.3522 26.0000 0.9205
33 1.0902 0.4688 18.0000 0.6255
46 1.2527 0.3864 26.0000 0.9205
42 1.0908 0.4750 19.0000 0.8249
20 1.1900 0.1111 14.0000 0.9324
62 1.1587 0.9016 6.0000 0.2091
62 1.1607 0.9016 7.0000 0.2091
19 1.3216 0.4118 11.5000 0.9225
62 1.2085 0.7903 12.0000 0.3626
62 1.2085 0.7903 12.0000 0.3626
62 1.1718 0.8226 11.0000 0.5514
62 1.2066 0.8387 9.5000 0.5645
62 1.1709 0.7984 12.0000 0.4095
62 1.1769 0.8387 10.0000 0.4923
46 1.2902 0.4432 24.0000 0.9205
88 1.3127 0.6136 33.0000 0.6589
88 1.2932 0.6705 28.5000 0.6243
46 1.2170 0.5217 22.0000 0.5876
14 1.1886 0.2500 11.0000 1.0000
46 1.1802 0.5000 21.0000 0.8642
46 1.2984 0.3636 24.5000 0.9211
46 1.2298 0.3522 25.0000 0.8652
46 1.2698 0.3409 26.0000 0.9205
46 1.2628 0.3864 24.0000 0.9205
46 1.1153 0.3864 27.0000 0.9205
64 1.1942 0.6094 24.5000 0.5566
45 1.1997 0.5117 21.5000 0.8494
41 1.4680 0.4487 21.0000 0.2852
46 1.1698 0.5000 19.0000 0.8786
42 1.1204 0.5833 17.5000 0.7808
42 1.1284 0.5833 17.5000 0.7808
32 1.2196 0.6562 11.0000 0.8324
44 1.1698 0.5952 19.0000 0.8745
42 1.1604 0.5595 18.0000 0.9417
42 1.1692 0.6905 13.0000 0.7740
42 1.1310 0.5952 17.0000 0.8493
42 1.1271 0.5476 18.0000 0.9129
42 1.1650 0.5952 17.0000 0.7469
42 1.1524 0.5476 19.0000 0.7252
42 1.1098 0.4250 20.0000 0.8249
44 1.1834 0.4773 22.0000 0.7257
42 1.1159 0.5476 19.0000 0.6831
33 1.1868 0.2581 17.0000 0.7180
33 1.2046 0.3226 15.0000 0.7131
33 1.1634 0.3871 17.0000 0.7713
42 1.2337 0.4524 20.0000 0.4732
42 1.1539 0.5952 17.0000 0.8157
19 1.2500 0.3529 11.0000 0.8597
84 1.2052 0.5060 41.0000 0.5017
41 1.4100 0.4359 24.0000 0.2636
16 1.1401 0.4167 9.0000 0.2513
60 1.2391 0.5965 22.5000 0.6401
60 1.2205 0.4828 30.0000 0.6499
41 1.2947 0.4606 22.0000 0.1990
86 1.2187 0.6337 31.5000 0.7413
92 1.2622 0.4565 43.0000 0.9185
92 1.2639 0.4294 45.0000 0.9394
88 1.2414 0.4432 45.0000 0.9257
92 1.3406 0.4566 47.0000 0.9351
88 1.2615 0.4432 46.0000 0.9699
88 1.2458 0.4886 41.5000 0.9558
81 1.2944 0.4691 41.0000 0.8957
16 1.2967 0.3571 10.0000 0.9079
16 1.2226 0.4375 7.0000 0.9220
91 1.1256 0.5277 40.0000 0.5189
92 1.1887 0.5597 38.0000 0.6704
91 1.1506 0.5055 42.0000 0.8605
91 1.1930 0.5604 35.0000 0.5931
65 1.1947 0.5781 25.5000 0.6229
16 1.1580 0.5625 7.0000 0.9220
16 1.1293 0.6875 5.0000 0.9220
82 1.3007 0.4817 36.0000 0.5630
923 1.3582 0.7172 244.5000 0.4474
73 1.0705 0.9452 4.0000 0.2670
11 1.4427 0.2727 8.0000 0.2756
73 1.1949 0.6301 26.0000 0.6644
73 1.2271 0.6438 24.5000 0.5933
184 1.5023 0.3750 95.0000 0.3288
22 1.1495 0.2727 13.0000 0.9466
22 1.3952 0.2273 14.0000 0.5197
22 1.1334 0.2727 13.0000 0.9466
28 1.1909 0.3462 15.0000 0.9560
70 1.2013 0.3636 39.0000 0.8654
74 1.2111 0.3857 40.0000 0.8011
72 1.2683 0.2794 41.0000 0.8259
70 1.2586 0.4265 34.0000 0.9250
70 1.2840 0.3182 39.0000 0.9250
72 1.2543 0.4118 37.5000 0.9061
70 1.2240 0.4091 37.5000 0.8275
74 1.2451 0.3215 41.5000 0.9657
70 1.1871 0.4697 35.0000 0.8486
74 1.2477 0.2714 44.0000 0.9657
86 1.2104 0.5233 36.0000 0.7328
87 1.2155 0.5459 38.5000 0.6446
86 1.1822 0.5174 35.0000 0.7465
86 1.2496 0.4884 41.0000 0.6421
86 1.1963 0.4884 39.0000 0.7316
82 1.1705 0.5122 36.5000 0.5954
86 1.2016 0.4535 41.0000 0.7929
87 1.1894 0.4828 43.0000 0.7447
86 1.2197 0.5233 36.5000 0.6815
86 1.2173 0.4767 42.0000 0.7137
86 1.2141 0.4826 39.0000 0.7105
86 1.2079 0.5000 41.0000 0.7224
86 1.2138 0.5116 36.0000 0.7465
87 1.2314 0.5517 38.0000 0.5047
86 1.2418 0.5233 36.0000 0.7171
85 1.2389 0.5235 38.5000 0.7315
86 1.2170 0.5174 36.5000 0.7465
87 1.1707 0.5287 38.0000 0.7447
86 1.1217 0.6646 30.5000 0.9064
86 1.1358 0.6707 30.0000 0.8886
86 1.2293 0.5233 38.0000 0.8941
86 1.2443 0.6105 32.0000 0.7177
42 1.1633 0.5952 17.0000 0.8137
42 1.2288 0.4390 20.0000 0.4303
43 1.1553 0.8095 8.0000 0.6173
20 1.3193 0.4500 9.0000 0.3042
20 1.3164 0.4500 10.0000 0.7707
20 1.2947 0.4750 9.0000 0.3042
20 1.3258 0.4500 9.0000 0.3042
20 1.3346 0.5000 9.0000 0.3042
20 1.3582 0.4500 9.0000 0.3042
98 1.2208 0.5255 42.5000 0.8630
42 1.2227 0.5833 17.0000 0.7873
84 1.1537 0.7024 25.0000 0.5633
46 1.2444 0.4091 26.0000 0.9205
82 1.1521 0.7988 16.0000 0.6107
82 1.1900 0.7134 22.0000 0.6271
42 1.1367 0.6190 16.0000 0.8816
11 1.2214 0.3000 7.0000 0.6857
44 1.1563 0.6818 14.0000 0.8818
16 1.2215 0.4000 7.0000 0.3917
16 1.4191 0.4667 9.0000 0.7007
16 1.2847 0.6667 6.0000 0.3917
16 1.2873 0.6000 6.0000 0.4866
16 1.1971 0.6667 6.0000 0.3917
16 1.1624 0.6000 7.0000 0.3917
16 1.4548 0.5333 7.0000 0.3917
16 1.2054 0.6667 6.0000 0.3917
42 1.1987 0.5714 18.0000 0.7740
67 1.2773 0.3231 37.0000 0.7687
39 1.2165 0.5000 15.0000 0.8717
63 1.1840 0.7302 16.5000 0.7803
63 1.2003 0.7778 14.0000 0.5307
20 1.2000 0.4444 10.0000 0.9324
20 1.2489 0.4444 11.0000 0.8964
20 1.2734 0.5556 9.0000 0.9324
20 1.1223 0.3333 11.0000 0.9324
21 1.1570 0.3500 11.0000 0.7942
20 1.1490 0.0500 13.0000 0.7461
42 1.1835 0.5476 19.0000 0.8681
41 1.1495 0.6463 14.0000 0.5442
47 1.5891 0.4468 23.0000 0.8562
47 1.4985 0.4361 22.5000 0.7773
46 1.6069 0.4565 22.0000 0.8562
48 1.5989 0.4167 23.0000 0.8563
40 1.1622 0.5385 18.0000 0.9297
46 1.4369 0.4565 23.5000 0.5364
46 1.4655 0.4456 23.0000 0.6307
46 1.5231 0.4348 23.0000 0.7058
46 1.4004 0.4456 23.5000 0.5939
47 1.4635 0.3404 24.0000 0.7491
47 1.4522 0.4681 21.0000 0.5940
47 1.4462 0.3617 25.0000 0.7991
15 1.0691 0.3077 9.0000 0.8063
55 1.7051 0.2222 37.0000 0.2869
84 1.3064 0.5357 34.0000 0.4435
83 1.4256 0.4638 37.0000 0.5403
62 1.2142 0.7984 11.0000 0.5094
62 1.1567 0.8871 7.0000 0.5522
60 2.2826 0.3729 32.0000 0.5757
59 1.4473 0.2193 43.0000 0.2871
61 1.8096 0.3500 31.0000 0.5451
61 1.9558 0.3667 30.0000 0.5548
62 1.1323 0.9516 3.0000 0.4712
62 1.1837 0.9032 6.0000 0.4539
87 1.3093 0.5172 39.0000 0.4116
87 1.2645 0.5517 36.5000 0.4105
87 1.2602 0.5402 38.5000 0.4532
87 1.2806 0.5287 38.5000 0.4570
87 1.2359 0.5862 34.0000 0.4635
87 1.2482 0.5747 34.5000 0.5632
84 1.2812 0.4881 41.0000 0.5251
84 1.2634 0.6190 32.0000 0.6268
84 1.2607 0.5179 39.5000 0.4246
84 1.2340 0.6489 27.5000 0.6130
84 1.2150 0.5119 40.5000 0.5952
84 1.2514 0.5655 36.0000 0.4775
84 1.2136 0.5655 36.0000 0.5786
84 1.2660 0.5595 36.0000 0.4775
84 1.2479 0.4940 41.5000 0.4691
84 1.3500 0.5893 34.5000 0.6325
84 1.2822 0.5119 40.5000 0.5106
84 1.2821 0.5060 38.0000 0.2846
30 1.2692 0.5185 12.0000 0.9341
28 1.2178 0.5385 12.0000 0.8792
26 1.3090 0.4583 10.0000 0.9242
85 1.3593 0.5353 36.0000 0.1585
85 1.3568 0.5647 36.5000 0.3595
84 1.2470 0.5476 37.0000 0.2941
84 1.2996 0.5833 33.0000 0.3630
83 1.2732 0.5783 33.0000 0.2278
83 1.3688 0.4879 37.5000 0.3775
83 1.2248 0.4638 40.0000 0.4500
20 1.1182 0.3000 12.0000 0.5274
18 1.1546 0.1176 11.0000 0.9320
28 1.1779 0.5000 13.0000 0.8329
29 1.1698 0.5000 13.0000 0.8792
28 1.2000 0.5200 14.0000 0.9064
27 1.1892 0.4000 15.5000 0.8790
28 1.1983 0.5192 12.0000 0.9340
28 1.1941 0.6154 10.0000 0.9340
28 1.2466 0.5000 13.0000 0.9340
75 1.2587 0.4527 31.0000 0.6406
73 1.0705 0.9452 4.0000 0.2670
40 1.2311 0.3590 23.5000 0.9123
31 1.3550 0.3000 22.0000 0.8144
60 1.6112 0.3051 35.0000 0.4780
60 1.7345 0.3390 33.0000 0.3986
12 1.3773 0.2916 6.5000 0.3234
45 1.1900 0.2210 27.0000 0.8925
45 1.2470 0.2093 23.0000 0.9210
45 1.2571 0.3488 22.0000 0.9476
60 1.7853 0.2881 33.5000 0.5537
60 1.8369 0.2881 33.5000 0.4851
45 1.2262 0.2093 27.0000 0.8938
45 1.2359 0.2675 27.0000 0.9204
158 1.8774 0.4523 75.0000 0.1212
17 1.6796 0.4118 9.0000 0.4896
87 1.3204 0.4713 40.0000 0.6283
40 1.2212 0.4211 21.0000 0.9122
73 1.1553 0.8767 9.0000 0.4245
18 1.2823 0.1250 12.0000 0.2680
16 1.3285 0.2857 8.0000 0.8897
16 1.1586 0.1786 8.5000 1.0000
73 1.0966 0.9315 5.0000 0.4643
73 1.0969 0.9041 7.0000 0.2013
91 1.3818 0.5440 39.0000 0.6486
73 1.0756 0.9726 2.0000 0.4980
91 1.2772 0.5440 40.0000 0.6764
73 1.1041 0.9452 4.0000 0.4643
91 1.1696 0.4890 41.5000 0.6132
73 1.2856 0.5821 28.0000 0.5212
62 1.2104 0.7258 16.0000 0.6084
73 1.2416 0.6301 24.0000 0.7161
73 1.2428 0.6164 27.0000 0.4980
40 1.4070 0.4872 19.0000 0.9123
99 1.3327 0.5758 35.0000 0.3831
254 1.4421 0.4370 116.0000 0.5617
229 1.6667 0.4432 106.5000 0.5008
42 1.2945 0.5385 19.0000 0.9123
25 1.2447 0.5652 10.0000 0.7961
25 1.2774 0.5870 9.5000 0.7961
25 1.1371 0.6087 10.0000 0.6652
25 1.2075 0.5217 12.0000 0.9111
22 1.2632 0.3409 14.0000 0.9334
83 1.1692 0.7952 15.0000 0.6043
85 1.1601 0.7412 19.0000 0.6045
82 1.1643 0.7866 16.0000 0.6398
83 1.1330 0.8171 14.5000 0.5893
169 1.3235 0.5266 75.5000 0.4074
910 1.3603 0.6945 252.0000 0.2067
146 1.3108 0.4898 70.0000 0.5384
20 1.1435 0.5556 9.0000 0.9324
15 1.0701 0.3846 9.0000 0.8063
59 1.9430 0.3534 32.0000 0.5519
59 2.0726 0.3966 30.0000 0.5859
73 1.1016 0.8904 8.0000 0.4737
73 1.0910 0.9452 4.0000 0.4742
73 1.0884 0.9315 5.0000 0.2158
73 1.0985 0.9178 6.0000 0.4847
73 1.0990 0.9178 6.0000 0.4847
73 1.1191 0.8904 7.5000 0.4688
103 1.2612 0.5437 40.0000 0.4523
40 1.4786 0.3846 24.0000 0.7284
40 1.2622 0.2895 24.0000 0.9122
40 1.2553 0.2895 24.0000 0.7986
40 1.1598 0.4231 23.0000 0.9123
40 1.2385 0.4359 21.0000 0.9123
40 1.1871 0.4359 23.0000 0.9123
40 1.2113 0.4359 22.0000 0.9123
40 1.1607 0.4359 22.0000 0.9123
44 1.2079 0.5476 18.0000 0.7252
44 1.1894 0.5833 17.5000 0.7808
101 1.2752 0.5347 40.0000 0.5471
103 1.2738 0.5146 42.0000 0.4537
41 1.1884 0.4024 20.0000 0.7077
42 1.2343 0.5952 15.0000 0.8040
295 1.3682 0.4983 120.5000 0.6629
176 1.4476 0.4830 81.5000 0.5267
296 1.4240 0.4561 137.5000 0.4568
59 2.0616 0.3448 31.0000 0.5417
29 1.2074 0.5000 15.0000 0.8792
12 1.2673 0.3334 7.5000 0.3234
12 1.2333 0.2500 9.0000 0.3234
12 1.1152 0.1667 9.0000 0.3234
12 1.2823 0.1667 8.5000 0.3234
12 1.1747 0.2500 9.0000 0.3234
12 1.2838 0.4167 7.0000 0.3234
12 1.4328 0.3333 8.0000 0.3234
12 1.2742 0.4167 7.0000 0.3234
12 1.3305 0.1667 9.0000 0.3234
45 1.2061 0.4405 24.0000 0.9741
87 1.2894 0.4598 40.5000 0.5812
87 1.3271 0.4767 40.5000 0.5338
95 1.1962 0.5851 40.0000 0.8758
238 1.4699 0.5210 97.0000 0.5346
95 1.5754 0.3789 53.0000 0.3416
95 1.5751 0.4000 50.5000 0.2224
13 1.1225 0.1667 7.0000 0.3234
13 1.1366 0.4167 6.0000 0.3234
64 1.3013 0.5938 23.5000 0.5961
64 1.3079 0.5859 26.0000 0.6290
64 1.2246 0.5938 24.5000 0.6306
28 1.3397 0.5714 12.0000 0.6671
28 1.3173 0.5357 10.0000 0.4035
29 1.2957 0.4310 14.0000 0.5617
29 1.3495 0.5172 13.0000 0.2153
41 1.6147 0.5366 19.0000 0.9123
87 1.3122 0.5517 38.0000 0.5251
621 2.0253 0.5564 232.5000 0.2032
621 1.9834 0.5507 233.5000 0.1795
19 1.1502 0.2222 10.0000 0.8507
40 1.3969 0.4474 19.0000 0.7634
40 1.3826 0.5385 17.0000 0.9123
40 1.3880 0.5263 17.0000 0.9122
157 1.4838 0.6847 45.5000 0.3076
157 1.5596 0.6752 47.0000 0.3954
163 1.2116 0.5714 68.0000 0.7922
97 1.1855 0.6598 32.0000 0.9159
386 1.3971 0.5518 152.5000 0.4244
18 1.2345 0.5556 8.0000 0.9324
19 1.1888 0.3158 11.5000 0.8768
14 1.2567 0.6154 6.0000 0.3279
25 1.1198 0.6000 10.0000 0.9114
25 1.1196 0.6000 10.0000 0.9114
25 1.1332 0.6400 9.0000 1.0000
25 1.0768 0.8000 5.0000 1.0000
25 1.1175 0.7600 6.0000 0.5727
25 1.2103 0.7600 6.0000 0.7255
34 1.3548 0.3677 18.5000 1.0000
923 1.7207 0.5580 370.0000 0.4423
923 1.8689 0.4778 422.5000 0.4173
29 1.3106 0.6552 9.5000 0.9118
26 1.1077 0.6667 10.0000 0.7965
26 1.1214 0.6667 10.0000 0.9113
26 1.1212 0.6667 10.0000 0.9113
217 1.4842 0.5899 81.0000 0.4618
458 1.2261 0.8090 82.5000 0.4718
54 1.2655 0.3704 28.5000 0.7388
43 1.2958 0.3023 24.0000 0.7094
25 1.2841 0.4800 11.0000 0.3618
62 1.1246 0.7823 12.5000 0.5460
20 1.1659 0.5250 9.5000 1.0000
20 1.1601 0.5000 10.0000 1.0000
20 1.2103 0.4000 12.0000 1.0000
20 1.1564 0.3000 14.0000 1.0000
19 1.2289 0.5000 9.5000 1.0000
43 1.1824 0.6512 15.0000 0.8433
98 1.1747 0.6122 37.5000 0.6502
55 1.4800 0.3585 32.0000 0.1243
63 1.2603 0.2787 35.0000 0.8995
944 1.6356 0.5747 363.5000 0.4366
944 1.5461 0.6294 323.5000 0.3488
402 1.2115 0.8321 66.0000 0.4740
109 1.3000 0.4633 54.0000 0.7776
130 1.6880 0.3962 67.0000 0.7319
20 1.0821 0.3684 13.0000 0.2741
98 1.3557 0.5208 40.0000 0.7207
146 1.2282 0.7089 41.0000 0.5617
453 1.1452 0.8808 53.5000 0.4960
146 1.2006 0.7329 38.0000 0.6834
453 1.1348 0.8753 54.5000 0.4677
54 1.3063 0.2130 31.0000 0.9348
85 1.2462 0.5059 37.0000 0.5941
87 1.2164 0.4598 40.5000 0.5691
472 1.0607 0.9841 7.5000 0.0980
927 1.3653 0.7082 260.0000 0.3657
924 1.3752 0.7062 257.0000 0.3840
924 1.3846 0.7078 257.0000 0.3696
924 1.3881 0.7029 258.0000 0.4113
924 1.3683 0.7165 250.5000 0.3694
924 1.3748 0.7050 261.0000 0.3657
924 1.3973 0.7019 263.0000 0.3887
64 1.3014 0.5938 23.5000 0.5961
79 1.5930 0.5063 34.0000 0.4019
928 1.3619 0.7009 258.0000 0.3866
928 1.3638 0.7090 254.5000 0.3736
928 1.3805 0.7149 255.5000 0.4155
928 1.4541 0.6778 283.0000 0.3297
453 1.0624 0.9912 4.0000 0.5207
453 1.0694 0.9890 5.0000 0.4541
453 1.0699 0.9890 5.0000 0.4679
453 1.0706 0.9768 10.5000 0.5709
453 1.0757 0.9868 6.0000 0.5232
453 1.0731 0.9890 5.0000 0.5209
453 1.0897 0.9525 21.5000 0.4215
453 1.0840 0.9669 15.0000 0.4665
24 1.1820 0.2727 11.0000 0.9466
22 1.1360 0.2727 14.0000 0.9466
465 1.1343 0.9107 40.0000 0.4027
52 1.2698 0.3269 29.0000 0.9677
210 1.4885 0.4810 91.0000 0.4687
120 1.3779 0.2000 85.0000 0.9214
62 1.3632 0.2742 42.0000 0.5366
48 1.1952 0.5521 17.0000 0.8806
48 1.1522 0.5833 19.0000 0.8806
49 1.2325 0.5510 22.0000 0.8872
48 1.1683 0.4167 25.0000 0.8806
48 1.1787 0.4479 22.5000 0.8651
48 1.2021 0.5208 21.0000 0.4030
48 1.2106 0.4167 25.0000 0.8508
48 1.2007 0.4271 22.5000 0.8209
48 1.2479 0.4583 23.0000 0.8209
48 1.1858 0.5625 19.0000 0.8806
36 1.4879 0.5429 16.0000 0.4052
98 1.2266 0.4082 48.0000 0.7742
50 1.2404 0.5400 21.0000 0.8670
44 1.2567 0.4286 24.0000 0.9476
944 1.4711 0.6856 282.0000 0.3650
84 1.2261 0.5476 33.5000 0.6721
65 1.1987 0.5308 29.0000 0.9638
242 1.4368 0.3223 141.5000 0.3846
242 1.4023 0.2934 145.0000 0.3977
73 1.0972 0.8767 9.0000 0.5181
71 1.1597 0.3143 49.0000 0.0726
87 1.2429 0.5344 37.0000 0.6465
87 1.2268 0.6092 31.0000 0.4198
87 1.2086 0.6322 30.5000 0.5092
86 1.2625 0.4593 41.5000 0.6661
84 1.1929 0.5357 39.0000 0.6799
51 1.2437 0.5000 24.0000 0.8626
51 1.2333 0.5102 24.0000 0.7093
51 1.2240 0.4800 25.5000 0.7267
51 1.2368 0.4314 29.0000 0.7855
51 1.3085 0.4510 26.0000 0.8047
51 1.2214 0.4510 27.0000 0.8372
51 1.3031 0.5098 23.0000 0.7033
51 1.2211 0.5400 23.0000 0.6839
51 1.2413 0.5200 24.0000 0.7483
51 1.2650 0.4902 24.0000 0.6937
51 1.2748 0.5098 24.0000 0.7918
51 1.2782 0.4902 26.0000 0.8001
51 1.2526 0.4706 27.0000 0.6216
51 1.2329 0.4510 26.5000 0.7170
924 1.3756 0.7056 258.5000 0.3641
86 1.2230 0.3953 45.0000 0.5627
86 1.4610 0.4244 44.0000 0.6202
13 1.2039 0.5385 6.0000 0.6945
14 1.3055 0.2143 11.0000 0.6959
14 1.3886 0.1071 12.5000 0.9079
14 1.1760 0.2857 9.0000 0.9079
14 1.1937 0.2143 11.0000 0.9079
15 1.2916 0.2667 11.0000 0.9215
15 1.3062 0.3333 10.0000 0.9215
15 1.1372 0.3333 10.0000 0.9215
15 1.1797 0.0667 11.0000 0.8239
34 1.2590 0.4118 17.5000 0.6638
35 1.2332 0.4571 16.0000 0.6251
46 1.4422 0.4239 23.5000 0.5877
35 1.2025 0.4571 15.0000 0.6767
32 1.1835 0.7969 6.5000 0.8403
31 1.1499 0.8387 5.0000 0.7392
32 1.1753 0.8125 6.0000 0.7578
32 1.1418 0.7500 8.0000 0.7213
73 1.1683 0.6438 24.0000 0.3679
73 1.1286 0.9384 4.5000 0.4958
73 1.1467 0.8630 10.0000 0.4847
73 1.1818 0.7466 18.0000 0.4093
73 1.1467 0.8630 10.0000 0.4847
73 1.1478 0.8356 11.5000 0.4751
73 1.1292 0.7123 16.0000 0.4909
75 1.2957 0.3933 42.0000 0.7449
42 1.3692 0.3571 26.5000 0.9363
42 1.3313 0.4286 22.0000 0.9363
42 1.2784 0.4524 22.0000 0.9192
42 1.2988 0.5357 19.0000 0.9696
909 1.3316 0.6964 258.0000 0.3141
941 1.2927 0.7035 259.0000 0.4047
947 1.2392 0.7302 234.0000 0.3890
946 1.3884 0.7378 234.0000 0.3979
946 1.3438 0.7531 223.5000 0.3656
946 1.3626 0.7564 220.5000 0.3920
946 1.3291 0.7643 213.5000 0.3671
70 1.2199 0.5286 27.5000 0.2797
621 1.8469 0.5319 243.0000 0.1987
37 1.4360 0.4595 18.0000 0.3815
949 1.2119 0.7956 183.0000 0.3205
949 1.2039 0.7982 181.5000 0.3725
949 1.2239 0.7951 184.5000 0.3284
447 1.2237 0.8300 74.0000 0.3192
35 1.2004 0.2941 23.0000 0.8651
85 1.1964 0.6000 32.0000 0.6770
90 1.2719 0.4889 43.5000 0.7484
90 1.2112 0.4667 44.0000 0.4888
90 1.2969 0.5277 39.0000 0.6080
90 1.3028 0.5167 40.5000 0.5663
90 1.2545 0.5111 42.0000 0.8712
86 1.1942 0.6279 25.0000 0.7564
42 1.2816 0.5125 18.0000 0.9727
57 1.3128 0.3509 32.0000 0.7088
58 1.3521 0.3017 34.0000 0.4856
58 1.2820 0.3448 33.0000 0.5304
58 1.2812 0.3190 33.0000 0.7104
130 1.3988 0.5234 51.0000 0.8001
63 1.2354 0.1855 33.0000 0.9281
63 1.2425 0.1774 33.0000 0.9281
62 1.3337 0.3279 33.0000 0.9518
58 1.3385 0.3276 34.0000 0.4914
58 1.3634 0.3448 31.0000 0.7185
17 1.0773 0.3125 10.0000 0.9092
17 1.1045 0.5625 7.0000 0.9092
66 1.3654 0.6061 23.5000 0.9086
61 1.2787 0.4000 32.0000 0.8494
63 1.3999 0.3412 34.5000 0.9226
66 1.3303 0.4091 33.0000 0.9091
66 1.3159 0.3788 36.0000 0.9049
174 1.4978 0.3994 94.5000 0.7400
118 1.3089 0.4111 62.5000 0.5147
118 1.3441 0.4025 63.5000 0.5556
55 1.1833 0.3962 29.0000 0.8662
55 1.3089 0.4091 27.5000 0.8823
90 1.2222 0.5667 35.0000 0.5193
55 1.3300 0.4545 26.0000 0.9045
55 1.3255 0.4000 30.0000 0.9141
55 1.3273 0.3818 30.0000 0.9506
73 1.0972 0.8767 9.0000 0.5181
949 1.2169 0.8003 179.5000 0.3651
37 1.1925 0.4167 19.5000 0.5529
38 1.2853 0.2973 23.5000 0.5455
239 1.5457 0.4540 114.5000 0.3939
498 1.0925 0.9618 18.0000 0.5436
64 1.2794 0.5703 25.5000 0.8191
457 1.0690 0.9803 9.0000 0.4808
481 1.0838 0.9688 15.0000 0.4829
457 1.0769 0.9683 14.5000 0.4920
457 1.0709 0.9792 9.5000 0.4947
737 1.4558 0.5624 288.0000 0.5452
802 1.4845 0.5498 320.0000 0.5117
853 1.5043 0.6061 307.5000 0.5263
844 1.4267 0.6534 275.5000 0.4617
886 1.4413 0.6422 288.5000 0.5042
881 1.4160 0.6033 312.5000 0.5060
469 1.2107 0.8443 70.5000 0.4197
63 1.2766 0.3279 35.0000 0.8969
47 1.2535 0.1277 40.0000 0.8079
62 1.2856 0.2500 34.0000 0.9448
881 1.2172 0.7174 224.0000 0.6215
66 1.2915 0.3906 34.5000 0.9495
104 1.2741 0.1667 67.0000 0.9588
120 1.2706 0.2245 88.5000 0.9736
80 1.2858 0.3462 50.0000 0.9592
104 1.2732 0.2353 67.0000 0.9535
120 1.2687 0.2331 84.0000 0.9646
80 1.2761 0.2821 49.0000 0.9730
69 1.2483 0.5507 30.0000 0.5970
69 1.2739 0.5217 32.0000 0.7598
69 1.2616 0.5362 31.0000 0.5803
69 1.2622 0.5362 30.0000 0.6157
69 1.2426 0.5000 33.0000 0.6065
69 1.2794 0.5072 33.0000 0.5622
69 1.2594 0.4928 32.0000 0.6659
69 1.2870 0.4928 33.0000 0.6804
69 1.2648 0.4566 34.5000 0.7081
69 1.2634 0.5072 33.0000 0.5622
68 1.3096 0.4559 33.5000 0.6659
72 1.3177 0.4306 37.0000 0.5331
72 1.3301 0.4444 36.0000 0.4904
72 1.3566 0.4583 37.0000 0.6359
72 1.3167 0.4583 35.0000 0.5331
87 1.2283 0.5353 37.0000 0.6704
61 1.3226 0.3167 32.0000 0.9132
52 1.2641 0.2692 33.0000 0.9786
52 1.2298 0.2692 31.0000 1.0000
52 1.2300 0.2692 31.0000 1.0000
52 1.2300 0.2692 31.0000 1.0000
52 1.2300 0.2692 31.0000 1.0000
52 1.2853 0.2019 31.0000 0.9043
52 1.2842 0.2212 30.0000 0.8872
90 1.2887 0.5778 37.0000 0.6085
95 1.3693 0.4737 46.0000 0.7402
79 1.1914 0.6582 23.5000 0.5782

