63 1.1966 0.7143 18.0000 0.4484
63 1.1346 0.6190 24.0000 0.2379
33 1.1720 0.4688 17.5000 0.5355
62 1.1771 0.6452 19.0000 0.6084
62 1.1964 0.7097 16.0000 0.5756
62 1.2317 0.6452 20.0000 0.4954
62 1.2317 0.6452 20.0000 0.4954
62 1.2316 0.6452 20.0000 0.4954
62 1.2306 0.6452 20.0000 0.4954
62 1.2326 0.6452 20.0000 0.4954
34 1.2957 0.2941 21.0000 0.2842
34 1.3826 0.2059 21.0000 0.2842
34 1.2865 0.2647 23.0000 0.2842
42 1.1617 0.4286 22.0000 0.7873
62 1.1983 0.6774 18.0000 0.5786
62 1.1594 0.6613 21.0000 0.5549
62 1.1983 0.6774 18.0000 0.5786
62 1.1594 0.6613 21.0000 0.5549
62 1.1983 0.6774 18.0000 0.5786
62 1.1594 0.6613 21.0000 0.5549
42 1.2033 0.5476 19.0000 0.7014
42 1.1557 0.5714 18.0000 0.7014
46 1.1457 0.4545 23.0000 0.9205
33 1.1094 0.6562 11.0000 0.4900
46 1.1320 0.4318 24.0000 0.9205
42 1.1795 0.4750 21.0000 0.7282
20 1.1169 0.3333 12.0000 0.9324
62 1.1779 0.6803 19.0000 0.3610
62 1.1772 0.6885 18.0000 0.5844
19 1.1116 0.2353 9.0000 0.9225
62 1.2084 0.6452 21.0000 0.2556
62 1.2084 0.6452 21.0000 0.2556
62 1.2280 0.6613 19.0000 0.5909
62 1.1715 0.6613 20.0000 0.5363
62 1.1837 0.6774 17.0000 0.5363
62 1.1822 0.8065 12.0000 0.3736
46 1.2391 0.5000 23.0000 0.9205
88 1.2641 0.6250 32.0000 0.6419
88 1.2367 0.6023 32.0000 0.6422
46 1.1416 0.4348 25.0000 0.3965
14 1.3182 0.2916 10.5000 0.4789
46 1.1473 0.4545 18.0000 0.9249
46 1.1820 0.4318 23.0000 0.9205
46 1.1387 0.5000 23.0000 0.9205
46 1.1364 0.4432 24.0000 0.9205
46 1.2224 0.4887 22.5000 0.9205
46 1.2171 0.5341 20.0000 0.9477
64 1.1489 0.4844 26.0000 0.5742
45 1.1559 0.6512 17.0000 0.5816
46 1.1759 0.5682 20.0000 0.9249
42 1.1408 0.5000 20.0000 0.7566
42 1.1476 0.5000 21.0000 0.7252
32 1.1566 0.5312 14.0000 0.8324
44 1.1389 0.5833 19.5000 0.7469
42 1.2009 0.4524 21.0000 0.8816
42 1.1742 0.5476 19.0000 0.5988
42 1.2013 0.4762 22.0000 0.7252
42 1.2123 0.4405 21.0000 0.7808
42 1.2109 0.5238 19.0000 0.7740
42 1.1612 0.5119 19.5000 0.6696
42 1.1578 0.5000 21.0000 0.7546
44 1.2069 0.7046 12.0000 0.7389
42 1.1658 0.4762 21.0000 0.8201
33 1.3621 0.3065 20.0000 0.5088
33 1.2320 0.3548 21.0000 0.3228
42 1.3234 0.4881 20.0000 0.5912
42 1.1486 0.5000 21.0000 0.8816
19 1.1912 0.2941 13.0000 0.6970
84 1.2539 0.6190 31.0000 0.4112
41 1.3315 0.3461 23.0000 0.1277
16 1.1447 0.5833 7.0000 0.2513
60 1.1412 0.5263 27.0000 0.6552
41 1.2370 0.3333 24.0000 0.1834
60 1.1790 0.6207 21.0000 0.6345
41 1.4725 0.2632 25.0000 0.2634
86 1.1759 0.6628 28.0000 0.4163
92 1.2561 0.5380 39.5000 0.9563
92 1.3741 0.4783 43.0000 0.9322
88 1.2395 0.4886 40.0000 0.6493
92 1.2888 0.4945 40.0000 0.9278
88 1.2839 0.4943 41.0000 0.6590
88 1.2510 0.5341 36.0000 0.9558
81 1.2905 0.4938 34.0000 0.6848
16 1.2234 0.1429 12.0000 0.9079
16 1.1201 0.3750 9.5000 0.9220
91 1.1874 0.5222 44.0000 0.7201
92 1.1990 0.5652 40.0000 0.6329
91 1.1504 0.5330 39.5000 0.8140
91 1.2259 0.5714 37.0000 0.7561
65 1.2105 0.5312 27.0000 0.6006
16 1.0911 0.3750 10.0000 0.9220
16 1.1742 0.3750 10.0000 0.9220
82 1.2046 0.6280 28.5000 0.4415
923 1.3077 0.6766 284.5000 0.4259
73 1.1265 0.8493 10.0000 0.4538
11 1.1193 0.1818 9.0000 0.2756
73 1.1890 0.6438 26.0000 0.1993
73 1.1945 0.6027 29.0000 0.1824
184 1.4087 0.3940 92.5000 0.4080
22 1.1514 0.1818 14.0000 0.8313
22 1.2618 0.3182 11.0000 0.6176
22 1.1993 0.1364 14.0000 0.9466
28 1.1711 0.3462 15.0000 0.9560
70 1.2102 0.4621 31.0000 0.7976
74 1.1708 0.4143 36.0000 0.9487
72 1.2050 0.4044 30.0000 0.8576
70 1.2599 0.3088 37.0000 0.8713
70 1.2391 0.3257 33.0000 0.8797
72 1.2580 0.3382 36.0000 0.8798
70 1.2045 0.4621 30.0000 0.8131
74 1.1956 0.4429 33.0000 0.9487
70 1.1934 0.4848 32.0000 0.7829
74 1.2050 0.5000 32.0000 0.9481
86 1.1643 0.5988 31.0000 0.6318
87 1.2280 0.5632 36.0000 0.7064
86 1.1672 0.5988 32.0000 0.6318
86 1.2191 0.6047 31.5000 0.6600
86 1.2285 0.5349 35.5000 0.7505
82 1.1928 0.5122 37.0000 0.6760
86 1.1823 0.5756 33.0000 0.8192
87 1.1472 0.6207 33.0000 0.6889
86 1.2247 0.5930 32.5000 0.7505
86 1.1787 0.6163 32.0000 0.3899
86 1.1777 0.6163 32.0000 0.7652
86 1.1730 0.6570 29.0000 0.5079
86 1.1887 0.5814 33.5000 0.7932
87 1.2432 0.5690 34.5000 0.7682
86 1.1867 0.5698 33.0000 0.7652
85 1.1765 0.6588 28.0000 0.8131
86 1.1969 0.5639 35.0000 0.7530
87 1.1979 0.6552 29.0000 0.8283
86 1.2223 0.6768 29.0000 0.9260
86 1.1993 0.6707 29.0000 0.9445
86 1.1698 0.6453 29.0000 0.8793
86 1.1553 0.6512 28.5000 0.9095
42 1.1224 0.4524 23.0000 0.7014
42 1.1164 0.5366 18.0000 0.2479
43 1.1991 0.7619 10.0000 0.2750
20 1.1320 0.5500 9.0000 0.8921
20 1.1493 0.5500 9.0000 0.8921
20 1.1407 0.5500 9.0000 0.8921
20 1.1515 0.5500 9.0000 0.8921
20 1.1387 0.5500 9.0000 0.8921
20 1.1389 0.5500 9.0000 0.8921
98 1.2140 0.6122 37.5000 0.5532
42 1.2168 0.4286 22.0000 0.7014
84 1.2238 0.6548 28.0000 0.5811
46 1.1420 0.4091 24.0000 0.9205
82 1.1937 0.7622 18.0000 0.4461
82 1.1867 0.6951 25.0000 0.4755
42 1.2575 0.5952 17.0000 0.9113
11 1.1743 0.1000 9.0000 0.6857
44 1.1847 0.5909 18.0000 0.8801
16 1.0764 0.4667 9.0000 0.3917
16 1.2411 0.4667 9.0000 0.8128
16 1.1026 0.4667 9.0000 1.0000
16 1.1102 0.8000 4.0000 0.4866
16 1.0931 0.4667 9.0000 1.0000
16 1.1781 0.4667 9.0000 0.6958
16 1.1408 0.4000 10.0000 1.0000
16 1.1464 0.4667 9.0000 1.0000
42 1.1549 0.5476 19.0000 0.6831
67 1.1980 0.4000 34.0000 0.8435
39 1.2107 0.4722 20.5000 0.9379
63 1.1391 0.7778 12.0000 0.9286
63 1.1284 0.7143 18.0000 0.9286
20 1.0841 0.2222 14.0000 0.9324
20 1.1562 0.3055 13.0000 0.9324
20 1.1043 0.2222 14.0000 0.9324
20 1.1357 0.2778 13.0000 0.9324
21 1.1195 0.4500 12.0000 0.7942
20 1.1583 0.3500 10.0000 0.7461
42 1.1673 0.5238 20.0000 0.8816
41 1.1810 0.7683 9.0000 0.6251
47 1.4877 0.4255 23.5000 0.7542
47 1.3989 0.4043 24.0000 0.7542
46 1.4381 0.4348 22.0000 0.8283
48 1.4577 0.4271 23.0000 0.6984
40 1.1640 0.5897 14.0000 0.8567
46 1.4628 0.2826 27.0000 0.6433
46 1.3979 0.4130 24.0000 0.4974
46 1.4985 0.3587 25.0000 0.6010
46 1.5844 0.3043 28.0000 0.7289
47 1.4225 0.4043 22.0000 0.7058
47 1.4052 0.4468 21.0000 0.5940
47 1.3474 0.4255 20.0000 0.7017
15 1.0518 0.1538 9.0000 0.8063
55 1.2387 0.2593 38.0000 0.2869
84 1.1827 0.6548 27.5000 0.4196
83 1.2721 0.5844 32.5000 0.2789
62 1.2304 0.6774 18.5000 0.3677
62 1.2315 0.6452 20.0000 0.4954
60 1.3966 0.2203 35.0000 0.5328
59 1.3466 0.2105 40.0000 0.2871
61 1.4163 0.3667 34.0000 0.6378
61 1.3500 0.3500 36.0000 0.6692
62 1.1983 0.6774 18.0000 0.5786
62 1.1594 0.6613 21.0000 0.5549
87 1.2515 0.4311 42.0000 0.3681
87 1.2151 0.4368 39.0000 0.3303
87 1.2426 0.4598 42.0000 0.4728
87 1.2572 0.4540 41.0000 0.4522
87 1.2368 0.4540 40.0000 0.4724
87 1.2401 0.4828 40.0000 0.5184
84 1.1923 0.5655 31.0000 0.3195
84 1.1656 0.6190 32.0000 0.4967
84 1.2058 0.6071 33.0000 0.5629
84 1.1553 0.6548 28.5000 0.6919
84 1.1932 0.5595 33.5000 0.6258
84 1.2148 0.6130 32.0000 0.5248
84 1.1769 0.5357 36.0000 0.6144
84 1.2260 0.5952 34.0000 0.6013
84 1.2261 0.5535 32.5000 0.6533
84 1.1959 0.6489 29.5000 0.6641
84 1.1867 0.5476 35.0000 0.4930
84 1.2631 0.5833 33.5000 0.5591
30 1.4159 0.2778 18.0000 0.8794
28 1.3761 0.2884 17.0000 0.9066
26 1.3781 0.2709 16.0000 0.8629
85 1.2485 0.5882 34.0000 0.2510
85 1.2654 0.5882 33.0000 0.3961
84 1.2294 0.5952 33.5000 0.2369
84 1.2292 0.5476 36.5000 0.6508
83 1.2807 0.5181 37.0000 0.3117
83 1.2342 0.4699 40.0000 0.5003
83 1.1999 0.5844 32.0000 0.4666
20 1.1087 0.2000 11.0000 0.4836
18 1.0666 0.2353 11.0000 0.9320
28 1.2657 0.3462 16.0000 0.9340
29 1.3824 0.3077 18.0000 0.8792
28 1.1669 0.3600 16.0000 0.8790
27 1.2184 0.3200 17.0000 0.9339
28 1.2473 0.3462 16.0000 0.8560
28 1.2596 0.3462 16.0000 0.9670
28 1.2260 0.3462 17.0000 0.8329
75 1.1769 0.6622 20.0000 0.6398
73 1.1265 0.8493 10.0000 0.4538
40 1.4420 0.3077 22.0000 0.7043
31 1.3255 0.3000 22.0000 0.8638
60 1.4124 0.2881 33.5000 0.4419
60 1.3912 0.2373 35.0000 0.3847
12 1.1925 0.5000 6.0000 0.7161
45 1.1618 0.2326 30.0000 0.9217
45 1.1285 0.2907 23.0000 0.9741
45 1.1198 0.2791 22.0000 0.9741
60 1.4295 0.2797 35.5000 0.3764
60 1.3309 0.2203 40.0000 0.2656
45 1.1988 0.2093 30.0000 0.9217
45 1.1516 0.2326 30.0000 0.9217
158 1.5781 0.4586 71.0000 0.0839
17 1.1762 0.4706 9.0000 0.4896
87 1.2260 0.5344 35.5000 0.6143
40 1.2818 0.3553 22.5000 0.6982
73 1.1320 0.6849 21.0000 0.1298
18 1.2068 0.4375 9.0000 0.6986
16 1.1444 0.5714 8.0000 0.3315
16 1.2156 0.2857 11.0000 0.3315
73 1.1306 0.8493 11.0000 0.4852
73 1.1366 0.8561 10.0000 0.4751
91 1.2303 0.4945 42.0000 0.6540
73 1.1387 0.8630 9.5000 0.4852
91 1.2368 0.4011 46.0000 0.6055
73 1.1015 0.8630 10.0000 0.4751
91 1.2213 0.4835 40.5000 0.6145
73 1.2326 0.5890 29.5000 0.5159
62 1.2477 0.7258 17.0000 0.3689
73 1.2225 0.5753 29.5000 0.2218
73 1.2222 0.5616 30.0000 0.1597
40 1.3054 0.4615 21.0000 0.8149
99 1.2447 0.4848 43.0000 0.6219
254 1.3454 0.5276 104.0000 0.4590
229 1.3978 0.3952 107.0000 0.4168
42 1.3207 0.3718 23.0000 0.8008
25 1.1147 0.3478 15.0000 0.7961
25 1.1532 0.3478 13.0000 0.7247
25 1.1433 0.3478 13.0000 0.6053
25 1.1466 0.3913 14.0000 0.8295
22 1.1985 0.1137 12.0000 0.9334
83 1.2215 0.7470 20.0000 0.4543
85 1.1966 0.7176 23.0000 0.6765
82 1.2184 0.7561 17.0000 0.4516
83 1.2098 0.7561 19.0000 0.5230
169 1.2206 0.4734 81.0000 0.3475
910 1.3359 0.6901 256.5000 0.2051
146 1.2412 0.5308 64.0000 0.4818
20 1.1989 0.5000 10.0000 0.9324
15 1.0593 0.1538 10.0000 0.8063
59 1.3211 0.2845 38.5000 0.8158
59 1.2818 0.2241 43.0000 0.8655
73 1.1218 0.8356 10.5000 0.4538
73 1.1161 0.8630 9.5000 0.4440
73 1.1238 0.8561 9.0000 0.4538
73 1.1064 0.8219 9.5000 0.4538
73 1.1066 0.8219 9.0000 0.4538
73 1.1059 0.8082 12.0000 0.4440
103 1.3012 0.5825 41.0000 0.4472
40 1.2451 0.3077 24.0000 0.7284
40 1.2278 0.4737 20.0000 0.6982
40 1.2146 0.4474 20.0000 0.6735
40 1.2640 0.3718 22.0000 0.6598
40 1.3280 0.3205 22.0000 0.7444
40 1.3296 0.3333 22.0000 0.6116
40 1.3398 0.3333 22.0000 0.6421
40 1.3150 0.3590 22.0000 0.6774
44 1.2199 0.5595 20.5000 0.7873
44 1.1618 0.5714 20.0000 0.7615
101 1.2667 0.6288 34.5000 0.4486
103 1.3165 0.6117 38.5000 0.4941
41 1.2073 0.6341 14.0000 0.6828
42 1.2635 0.5357 17.5000 0.7347
295 1.2978 0.4542 131.0000 0.6831
176 1.2304 0.4289 88.0000 0.5046
296 1.3350 0.4899 131.0000 0.4677
59 1.3269 0.2414 37.0000 0.8158
29 1.3186 0.2692 16.0000 0.8792
12 1.1272 0.0000 9.0000 0.3234
12 1.0974 0.0000 9.0000 0.3234
12 1.1756 0.1667 9.0000 0.3234
12 1.1189 0.0000 9.0000 0.3234
12 1.2774 0.4167 7.0000 0.3234
12 1.2329 0.4167 6.5000 0.3234
12 1.1976 0.4167 6.0000 0.3234
12 1.1557 0.1667 9.0000 0.5563
12 1.2857 0.1667 7.0000 0.3234
45 1.1421 0.3929 22.0000 0.9741
87 1.2727 0.4311 40.0000 0.5317
87 1.2023 0.4419 41.5000 0.6316
95 1.1971 0.4947 42.0000 0.8460
238 1.3824 0.5483 89.0000 0.6285
95 1.3146 0.4421 49.0000 0.3032
95 1.3574 0.3789 50.0000 0.3119
13 1.2738 0.4167 5.0000 0.5916
13 1.1885 0.4167 6.0000 1.0000
64 1.1481 0.5469 28.0000 0.4506
64 1.1852 0.5547 27.0000 0.4737
64 1.1613 0.5469 25.0000 0.4713
28 1.2456 0.3571 14.0000 0.6671
29 1.3457 0.2759 16.0000 0.5617
29 1.2348 0.2586 17.0000 0.1548
41 1.4288 0.3659 22.0000 0.7446
87 1.2428 0.5459 36.0000 0.5812
621 1.2534 0.6876 187.0000 0.1240
621 1.2565 0.6844 192.0000 0.1442
19 1.1655 0.2222 11.0000 0.8507
40 1.4083 0.3947 22.0000 0.6735
40 1.3198 0.3077 23.0000 0.9123
40 1.3518 0.3684 22.0000 0.7695
157 1.4564 0.6943 42.5000 0.2814
157 1.4014 0.6688 48.0000 0.2503
163 1.2833 0.4783 74.0000 0.8141
97 1.1647 0.6804 29.5000 0.8050
23 1.2456 0.4348 12.0000 0.2913
386 1.3504 0.5155 156.5000 0.5040
18 1.1056 0.2222 7.0000 0.9324
19 1.2381 0.7895 4.0000 0.8768
14 1.1059 0.3077 9.0000 0.6985
25 1.1952 0.3200 15.0000 0.8632
25 1.1951 0.3200 15.0000 0.8632
25 1.1302 0.4000 13.0000 0.8424
25 1.2221 0.4400 13.0000 0.7867
25 1.2762 0.4400 13.0000 0.3996
25 1.1276 0.3200 15.0000 0.7405
34 1.2730 0.4706 17.5000 0.9625
923 1.6193 0.5271 399.0000 0.4223
923 1.7924 0.4713 430.5000 0.4488
29 1.2853 0.3103 16.0000 0.8639
26 1.1557 0.4583 13.0000 0.6695
26 1.1297 0.4167 14.0000 0.7663
26 1.1294 0.4167 14.0000 0.7663
217 1.3392 0.5300 90.0000 0.4647
458 1.1848 0.7904 91.5000 0.3848
54 1.2995 0.4074 25.0000 0.6870
43 1.2562 0.4419 20.0000 0.6560
25 1.1642 0.6600 8.0000 0.3942
62 1.2268 0.6290 19.0000 0.5673
20 1.1489 0.2000 13.0000 1.0000
20 1.1859 0.3000 11.0000 1.0000
20 1.1496 0.4000 12.0000 1.0000
20 1.1867 0.3000 11.0000 1.0000
19 1.1462 0.5263 9.0000 1.0000
43 1.3129 0.4303 21.0000 0.8033
98 1.1296 0.6888 30.0000 0.6432
63 1.1671 0.3525 34.0000 0.9823
944 1.4003 0.5912 358.0000 0.4011
944 1.3916 0.6087 341.0000 0.3588
402 1.1525 0.8743 50.5000 0.4659
109 1.2243 0.5321 46.0000 0.7827
130 1.3084 0.3692 73.5000 0.6966
20 1.3587 0.4737 10.5000 0.4224
98 1.2079 0.5417 40.0000 0.8294
146 1.1940 0.6746 43.5000 0.7879
453 1.1141 0.8698 59.0000 0.5341
146 1.2188 0.7329 38.0000 0.6550
453 1.1139 0.8709 57.0000 0.4580
54 1.2529 0.3704 29.0000 0.8569
85 1.2363 0.4882 34.5000 0.4839
87 1.2409 0.5747 33.5000 0.5507
472 1.0668 0.9767 11.0000 0.1226
927 1.3437 0.6629 297.0000 0.3311
924 1.3390 0.6775 284.5000 0.3382
924 1.3424 0.6688 292.0000 0.3568
924 1.3573 0.6694 293.5000 0.3614
924 1.3431 0.6716 290.5000 0.3426
924 1.3342 0.6585 298.5000 0.4052
924 1.3339 0.6775 284.5000 0.3318
64 1.1482 0.5469 28.0000 0.4506
79 1.3037 0.5316 35.0000 0.3423
928 1.4168 0.6536 306.0000 0.3827
928 1.3603 0.6885 278.0000 0.3359
928 1.3823 0.6784 286.0000 0.3781
928 1.4211 0.6562 306.5000 0.3029
453 1.0734 0.9757 11.0000 0.4605
453 1.0767 0.9658 15.0000 0.5143
453 1.0775 0.9680 14.5000 0.5286
453 1.0709 0.9581 18.0000 0.5396
453 1.0820 0.9636 15.0000 0.3754
453 1.0826 0.9614 17.5000 0.5582
453 1.1082 0.9205 35.0000 0.3496
453 1.0871 0.9404 25.0000 0.5228
24 1.2071 0.2273 13.0000 0.9466
22 1.1945 0.3409 12.0000 0.9466
465 1.1153 0.9000 44.0000 0.4851
52 1.1948 0.3077 27.5000 1.0000
210 1.4418 0.4810 86.0000 0.4413
120 1.2252 0.2959 79.5000 0.9831
62 1.1654 0.1129 42.0000 0.5223
48 1.1675 0.3646 23.0000 0.5224
48 1.1826 0.3750 23.0000 0.5308
49 1.2319 0.4694 21.0000 0.8872
48 1.1745 0.3854 24.0000 0.8750
48 1.2128 0.3958 25.5000 0.7732
48 1.2183 0.4375 24.0000 0.7612
48 1.1678 0.3854 25.0000 0.6929
48 1.2286 0.3333 26.0000 0.6314
48 1.2235 0.4167 24.0000 0.8467
48 1.1955 0.4167 23.0000 0.5308
36 1.5649 0.3857 20.0000 0.4052
98 1.2608 0.3929 45.0000 0.6619
50 1.2289 0.4800 24.0000 0.8670
44 1.1599 0.3333 22.5000 0.9741
944 1.3559 0.6850 282.5000 0.3507
84 1.1510 0.6250 27.5000 0.3004
65 1.2214 0.4615 32.5000 0.9763
242 1.3975 0.3513 131.0000 0.2707
242 1.3980 0.3347 129.0000 0.3026
73 1.1300 0.8014 12.5000 0.4852
87 1.2105 0.5517 37.0000 0.6895
87 1.2166 0.5977 34.0000 0.6181
87 1.2165 0.5517 38.0000 0.6168
86 1.2381 0.4593 37.0000 0.8357
84 1.2203 0.5476 34.0000 0.5870
51 1.1566 0.5700 18.0000 0.6886
51 1.1379 0.5408 20.0000 0.5612
51 1.1460 0.5200 23.0000 0.5868
51 1.1321 0.5098 22.0000 0.6840
51 1.1463 0.4510 24.0000 0.4737
51 1.1543 0.4510 24.0000 0.7918
51 1.1859 0.5294 23.0000 0.6259
51 1.1608 0.6400 18.0000 0.5243
51 1.2082 0.5600 20.0000 0.7069
51 1.2028 0.5490 22.0000 0.7033
51 1.1607 0.5294 23.0000 0.5870
51 1.1768 0.5882 20.0000 0.4547
51 1.2595 0.4706 24.0000 0.7470
51 1.1894 0.5686 21.0000 0.7269
924 1.3522 0.6699 291.0000 0.3985
86 1.2048 0.3953 42.5000 0.3843
86 1.2063 0.4942 36.5000 0.6186
13 1.2287 0.3461 8.0000 0.6945
14 1.1610 0.2857 8.0000 0.9079
14 1.1482 0.2857 8.0000 0.9079
14 1.2696 0.4286 8.0000 0.9079
14 1.1264 0.2857 9.0000 0.9079
15 1.2652 0.2667 11.0000 0.9215
15 1.1183 0.2667 10.0000 0.9215
15 1.1679 0.2334 10.5000 0.9215
15 1.1377 0.3333 10.0000 0.8239
34 1.2302 0.3235 18.0000 0.6638
35 1.2247 0.3143 19.0000 0.5835
46 1.3237 0.3478 24.0000 0.5672
35 1.2543 0.3429 21.0000 0.5489
32 1.1707 0.6875 10.0000 0.8927
31 1.1777 0.6774 10.0000 0.8501
32 1.1584 0.7188 9.0000 0.7578
32 1.1196 0.6250 12.0000 0.8503
73 1.1509 0.6712 21.0000 0.4022
73 1.1261 0.7534 18.0000 0.4742
73 1.1318 0.6986 18.0000 0.3679
73 1.1196 0.7123 19.0000 0.4505
73 1.1317 0.6986 18.0000 0.3679
73 1.1162 0.6986 20.0000 0.2407
73 1.1758 0.6027 26.0000 0.2384
75 1.1892 0.4667 39.5000 0.6001
42 1.2008 0.3571 24.0000 0.9848
42 1.1587 0.4048 23.0000 0.9696
42 1.1909 0.3571 26.5000 1.0000
42 1.1453 0.4762 21.0000 0.8460
909 1.4213 0.6650 283.5000 0.3243
941 1.4319 0.6658 296.0000 0.3464
947 1.3415 0.7112 261.5000 0.3203
946 1.3054 0.6903 278.5000 0.3804
946 1.2328 0.7130 261.5000 0.3829
946 1.2626 0.7130 263.0000 0.4199
946 1.2534 0.7178 257.0000 0.4279
70 1.1589 0.6143 25.0000 0.3558
621 1.3211 0.5516 259.5000 0.2979
37 1.3526 0.4189 19.0000 0.3066
949 1.2536 0.7418 235.5000 0.3310
949 1.2676 0.7377 245.0000 0.3536
949 1.2434 0.7271 245.5000 0.3531
447 1.2969 0.8143 78.0000 0.2635
35 1.3014 0.3235 20.0000 0.9113
85 1.1877 0.6235 29.0000 0.7842
90 1.2521 0.4778 40.0000 0.6060
90 1.1880 0.5000 39.0000 0.8165
90 1.2123 0.4667 40.0000 0.5294
90 1.2333 0.4667 39.5000 0.3820
90 1.2309 0.5556 34.5000 0.5473
86 1.1494 0.7791 18.0000 0.9283
42 1.1809 0.5500 19.0000 0.9727
57 1.2817 0.2456 32.0000 0.6141
58 1.3189 0.3103 33.0000 0.4418
58 1.3109 0.3103 33.0000 0.5609
58 1.2596 0.1897 35.0000 0.5304
130 1.2246 0.5508 53.0000 0.6373
63 1.1472 0.3871 33.5000 0.9281
63 1.1483 0.3790 33.5000 0.9281
62 1.2630 0.3279 30.5000 0.9756
58 1.2686 0.2759 33.0000 0.6124
58 1.2692 0.2931 33.0000 0.6119
17 1.1397 0.2500 9.0000 0.8099
17 1.2802 0.0625 8.5000 0.9092
66 1.1633 0.5909 25.0000 0.9329
61 1.2092 0.4167 32.0000 0.9507
63 1.2432 0.3889 29.0000 0.9244
66 1.1914 0.4318 29.5000 0.8716
66 1.1950 0.4091 30.5000 0.8659
174 1.3310 0.3419 91.0000 0.4965
118 1.3097 0.3729 62.5000 0.5998
118 1.3033 0.4068 62.5000 0.5178
55 1.2548 0.3490 29.0000 0.9260
55 1.2694 0.3364 31.0000 0.8724
90 1.2052 0.6556 26.5000 0.5477
55 1.2751 0.3636 31.0000 0.8843
55 1.2859 0.3455 31.0000 0.9033
55 1.2736 0.3091 32.5000 0.9284
73 1.1300 0.8014 12.5000 0.4852
949 1.2625 0.7366 241.0000 0.3488
37 1.2298 0.3333 21.0000 0.4471
38 1.2575 0.4054 19.0000 0.4078
239 1.3251 0.4561 112.0000 0.3779
498 1.1080 0.9518 24.0000 0.5206
64 1.1630 0.5156 28.0000 0.5649
457 1.0678 0.9727 12.5000 0.6113
481 1.0754 0.9771 11.0000 0.6365
457 1.0720 0.9759 11.0000 0.4880
457 1.0726 0.9759 11.0000 0.5422
737 1.3321 0.5637 291.5000 0.5025
802 1.3694 0.5568 324.0000 0.5018
853 1.3581 0.5792 329.0000 0.5292
844 1.3814 0.6019 312.5000 0.4003
886 1.3744 0.6185 315.0000 0.4363
881 1.3093 0.5852 336.0000 0.4572
469 1.1482 0.8188 80.0000 0.4074
63 1.1955 0.2623 33.0000 0.9637
47 1.2660 0.2766 33.0000 0.8079
62 1.2184 0.1667 33.0000 0.9637
881 1.1909 0.6964 240.0000 0.6180
66 1.2274 0.4375 31.0000 0.8715
104 1.2597 0.1225 84.0000 0.9899
120 1.2104 0.1441 88.0000 0.9913
80 1.2083 0.1474 64.0000 0.9866
104 1.2424 0.1275 82.0000 0.9899
120 1.1950 0.1568 93.0000 0.9913
80 1.2029 0.1538 65.0000 0.9866
69 1.3003 0.3188 39.5000 0.6312
69 1.3016 0.3406 39.5000 0.6312
69 1.3287 0.3333 38.5000 0.6961
69 1.3255 0.3623 37.5000 0.6351
69 1.3377 0.3623 38.5000 0.6226
69 1.3134 0.3623 38.0000 0.6157
69 1.3510 0.3623 38.0000 0.6170
69 1.3325 0.3333 39.0000 0.6733
69 1.3418 0.3768 36.5000 0.6019
69 1.3383 0.3913 36.0000 0.5819
68 1.2577 0.3382 39.0000 0.6636
72 1.3017 0.3889 39.0000 0.5928
72 1.2896 0.3472 40.0000 0.5899
72 1.2985 0.3750 40.0000 0.5679
72 1.3059 0.3611 41.5000 0.5918
87 1.1456 0.6588 28.0000 0.5815
61 1.1871 0.4000 33.0000 0.9507
52 1.1682 0.3077 26.0000 0.9786
52 1.2210 0.3269 27.0000 1.0000
52 1.2214 0.3269 27.0000 1.0000
52 1.2214 0.3269 27.0000 1.0000
52 1.2214 0.3269 27.0000 1.0000
52 1.2174 0.3366 27.0000 0.9076
52 1.2109 0.3269 26.0000 0.9115
90 1.1865 0.5444 35.0000 0.4373
95 1.2166 0.4842 39.0000 0.7362
79 1.1777 0.6456 28.0000 0.3133

